#####################################################################
# Alchemist log file - simulation started at: 2021-12-09T08:43+0000 #
#####################################################################
# random = 8.0
#
# The columns have the following meaning: 
# time localWarningInSystem[Min] localWarningInSystem[Max] localWarningInSystem[Mean] localWarningInSystem[Sum] meanWarningAtDetector[Sum] dataAtCollector[Sum] inSurveillanceArea[Sum] numDevicesAtDetector[Sum] localWarningInSurveillanceArea[Mean] localWarningInSurveillanceArea[Sum] sumWarningAtDetector[Mean] sumWarningAtDetector[Sum] meanWarningOverallAtDetector[Sum] meanWarningAtCollector[Sum] sumWarningAtCollector[Sum] 
0.0 0.0 0.0 0.0 0.0 0.0 0.0 0.0 0.0 0.0 0.0 0.0 0.0 0.0 0.0 0.0 
1.001230439556543 0.0 0.0 0.0 0.0 0.0 0.0 58.0 1.0 0.0 0.0 0.0 0.0 0.0 0.0 0.0 
2.0 0.0 0.0 0.0 0.0 0.0 0.0 253.0 11.576235704498824 0.0 0.0 0.0 0.0 0.0 0.0 0.0 
3.0000039076302714 0.0 0.0 0.0 0.0 0.0 0.0 269.0 51.67403206599061 0.0 0.0 0.0 0.0 0.0 0.0 0.0 
4.000048560635543 0.0 0.0 0.0 0.0 0.0 0.0 270.0 105.25404186957529 0.0 0.0 0.0 0.0 0.0 0.0 0.0 
5.000420747436831 0.0 0.0 0.0 0.0 0.0 0.0 270.0 170.33149888853063 0.0 0.0 0.0 0.0 0.0 0.0 0.0 
6.000082623524218 0.0 0.0 0.0 0.0 0.0 0.0 271.0 213.52627440131988 0.0 0.0 0.0 0.0 0.0 0.0 0.0 
7.000160545782266 0.0 0.0 0.0 0.0 0.0 0.0 272.0 242.04611498012778 0.0 0.0 0.0 0.0 0.0 0.0 0.0 
8.000353766997522 0.0 0.0 0.0 0.0 0.0 0.0 271.0 262.08272095707963 0.0 0.0 0.0 0.0 0.0 0.0 0.0 
9.000079326906132 0.0 0.0 0.0 0.0 0.0 0.0 271.0 260.418399072408 0.0 0.0 0.0 0.0 0.0 0.0 0.0 
10.00004542072758 0.0 0.0 0.0 0.0 0.0 0.0 272.0 267.0028814027253 0.0 0.0 0.0 0.0 0.0 0.0 0.0 
11.000705274744744 0.0 0.0 0.0 0.0 0.0 0.0 273.0 269.2250898512681 0.0 0.0 0.0 0.0 0.0 0.0 0.0 
12.00008492457441 0.0 0.0 0.0 0.0 0.0 0.0 272.0 268.5957749091979 0.0 0.0 0.0 0.0 0.0 0.0 0.0 
13.00007273241193 0.0 0.0 0.0 0.0 0.0 0.0 272.0 266.1068313275342 0.0 0.0 0.0 0.0 0.0 0.0 0.0 
14.000540178771681 0.0 0.0 0.0 0.0 0.0 0.0 272.0 260.08788174429344 0.0 0.0 0.0 0.0 0.0 0.0 0.0 
15.000027926906972 0.0 0.0 0.0 0.0 0.0 0.0 272.0 265.6907425974807 0.0 0.0 0.0 0.0 0.0 0.0 0.0 
16.000623504126256 0.0 0.0 0.0 0.0 0.0 0.0 272.0 266.40918748927936 0.0 0.0 0.0 0.0 0.0 0.0 0.0 
17.000058200790946 0.0 0.0 0.0 0.0 0.0 0.0 272.0 268.9941077613755 0.0 0.0 0.0 0.0 0.0 0.0 0.0 
18.000237712004754 0.0 0.0 0.0 0.0 0.0 0.0 272.0 268.2310340616137 0.0 0.0 0.0 0.0 0.0 0.0 0.0 
19.000111699621648 0.0 0.0 0.0 0.0 0.0 0.0 272.0 272.8233356299019 0.0 0.0 0.0 0.0 0.0 0.0 0.0 
20.000091855969664 0.0 0.0 0.0 0.0 0.0 0.0 272.0 269.99713287798056 0.0 0.0 0.0 0.0 0.0 0.0 0.0 
21.000018657439007 0.0 0.0 0.0 0.0 0.0 0.0 272.0 271.7726434373679 0.0 0.0 0.0 0.0 0.0 0.0 0.0 
22.000489179324152 0.0 0.0 0.0 0.0 0.0 0.0 271.0 276.5747728427983 0.0 0.0 0.0 0.0 0.0 0.0 0.0 
23.000146549041318 0.0 0.0 0.0 0.0 0.0 0.0 271.0 271.70195167864995 0.0 0.0 0.0 0.0 0.0 0.0 0.0 
24.000946899645527 0.0 0.0 0.0 0.0 0.0 0.0 271.0 272.21686421271676 0.0 0.0 0.0 0.0 0.0 0.0 0.0 
25.00011310146438 0.0 0.0 0.0 0.0 0.0 0.0 272.0 269.1470237811542 0.0 0.0 0.0 0.0 0.0 0.0 0.0 
26.000620131527842 0.0 0.0 0.0 0.0 0.0 0.0 271.0 270.90528310168673 0.0 0.0 0.0 0.0 0.0 0.0 0.0 
27.001230439556544 0.0 0.0 0.0 0.0 0.0 0.0 272.0 271.88982296357733 0.0 0.0 0.0 0.0 0.0 0.0 0.0 
28.000263946165862 0.0 0.0 0.0 0.0 0.0 0.0 272.0 269.43959369463937 0.0 0.0 0.0 0.0 0.0 0.0 0.0 
29.00115717258992 0.0 0.0 0.0 0.0 0.0 0.0 272.0 266.0486255903047 0.0 0.0 0.0 0.0 0.0 0.0 0.0 
30.000107256802032 0.0 0.0 0.0 0.0 0.0 0.0 271.0 270.84618068756635 0.0 0.0 0.0 0.0 0.0 0.0 0.0 
31.000247446822627 5.9303582112323686E-95 45.33017862204646 0.9800979715470264 590.0189788713099 0.0 0.0 272.0 269.123067153345 2.168610461004733 589.8620453932879 0.003722667287838888 2.241045707278995 0.008327215243879702 0.0 0.0 
32.00007529449234 7.24420098333229E-95 45.26500043502056 0.98243172394503 591.4238978149077 0.0 0.0 272.0 270.6519655343485 2.1737938462831536 591.271926189018 0.1864073982483062 112.21725374548038 0.414618284866063 0.0 0.0 
33.000077252311144 6.65019201570448E-95 44.617855058027835 0.9830764938933819 591.812049323815 0.0 0.0 272.0 270.9817963235705 2.175246666931827 591.6670934054566 0.5580215328295374 335.92896276337973 1.2396735401453238 0.0 0.0 
34.000326794098626 6.65019201570448E-95 44.617855058027835 0.9835308414921428 592.0855665782695 0.0 0.0 272.0 273.4907477581779 2.176396950960637 591.979970661293 0.8929938072771136 537.5822719808174 1.9656323893492393 0.0 0.0 
35.0002945959716 5.7230147964934154E-95 44.554443656286686 0.9864310429588212 593.8314878612096 0.0 0.0 272.0 275.99710181424444 2.1828200793641757 593.7270615870559 1.0023207216049324 603.3970744061701 2.18624424111626 0.0 0.0 
36.00004489010366 5.13927693527083E-95 44.554443656286686 0.9887175296730298 595.2079528631635 0.0 0.0 271.0 269.5886438879203 2.1958416826799247 595.0730960062593 0.97464992062808 586.7392522180991 2.1764242134102356 0.008327215243879702 2.241045707278995 
37.00010780679236 8.758879195219558E-95 44.554443656286686 0.988652822161267 595.1689989410827 0.0 0.0 271.0 273.8823938374361 2.195705011436396 595.0360580992633 1.019981097324976 614.0286205896293 2.2419426527799677 0.008327215243879702 2.241045707278995 
38.00000661449149 1.0928311856634945E-94 44.2923463859992 0.9870764497738407 594.2200227638517 0.0 0.0 270.0 276.40588275751514 2.2003515810252257 594.094926876811 1.0164470507098418 611.9011245273307 2.213777501487326 1.2396735401453238 335.92896276337973 
39.00010131014324 1.3343199307765509E-94 44.38052660265912 0.986549730124184 593.9029375347586 0.0 0.0 270.0 270.8879399731758 2.199181813129824 593.7790895450529 1.0144521564272306 610.700198169192 2.254438489323909 1.9656323893492393 537.5822719808174 
40.000610383276694 1.3343199307765509E-94 44.34405094504886 0.9918614339597621 597.1005832437763 0.0 0.0 271.0 268.39922247066414 2.202974511516119 597.0060926208681 0.9755928836005278 587.3069159275167 2.1881841181254127 2.18624424111626 603.3970744061701 
41.000879927528096 1.3343199307765509E-94 44.06115525104508 0.9920602975015583 597.2202990959372 0.0 0.0 270.0 270.9151967697981 2.211486601164664 597.1013823144586 0.9811994901440995 590.6820930667435 2.1803210012196454 2.1764242134102356 586.7392522180991 
42.00001562733891 1.2780466506274265E-94 44.459248494194995 0.9989943669780906 601.3946089208108 0.0 0.0 271.0 267.31531624422 2.21873576999363 601.2773936682738 0.9708055254205131 584.4249263031408 2.186275498592114 2.2419426527799677 614.0286205896293 
43.00072986693291 1.122770761720321E-94 44.723575701872406 1.0001398921744735 602.0842150890329 0.0 0.0 271.0 262.6880311285135 2.2212944740514864 601.9708024679528 0.957034142483834 576.1345537752718 2.1932272715288366 2.213777501487326 611.9011245273307 
44.000270198439026 1.3707383340455852E-94 44.94475714126614 1.0023740885683152 603.4292013181262 0.0 0.0 273.0 267.4878844369035 2.2100492898525013 603.3434561297329 0.9656261009641133 581.3069127803963 2.1732083828922653 2.254438489323909 610.700198169192 
45.00037799922986 1.0552671621701446E-94 45.07478527844498 1.0021553405942105 603.2975150377154 0.0 0.0 270.0 264.78021839503884 2.2339696446774786 603.1718040629193 0.9696370705295604 583.7215164587896 2.204551080126032 2.1881841181254127 587.3069159275167 
46.000114790701026 1.127834615272129E-94 45.20117153538853 1.004791844568524 604.8846904302519 0.0 0.0 271.0 267.1591322192825 2.2316880709406 604.7874672249029 0.9845719108295149 592.7122903193657 2.2185739465303818 2.1881841181254127 587.3069159275167 
47.00016694725713 1.127834615272129E-94 45.07077880923929 1.0056223387426406 605.3846479230696 0.0 0.0 270.0 262.6258080922185 2.2417277622849143 605.2664958169269 0.9806165125122955 590.3311405324021 2.2478032331274655 2.186275498592114 584.4249263031408 
48.000359989623675 1.572490448924928E-94 45.241368217398254 1.0095452293468086 607.7462280667785 0.0 0.0 271.0 267.78988426246167 2.2422464632600585 607.6487915434753 0.9975961668839889 600.5528924641603 2.2426272527738824 2.1932272715288366 576.1345537752718 
49.000455678134806 1.3800604498451245E-94 45.282858485081455 1.0090040498489896 607.4204380090906 0.0 0.0 271.0 267.11765700892374 2.241057334996061 607.3265377839319 0.9983805186790642 601.0250722447973 2.2500387244139333 2.1732083828922653 581.3069127803963 
50.000378966222065 1.965986134478928E-94 45.282858485081455 1.0119357506665845 609.185321901283 0.0 0.0 271.0 269.35547480397213 2.247577414975688 609.0934794584113 1.0058490853261934 605.5211493663675 2.248037281614734 2.204551080126032 583.7215164587896 
51.00051480032713 1.965986134478928E-94 45.36217286726796 1.015932940414773 611.5916301296932 0.0 0.0 271.0 268.8455486279915 2.2564653483103445 611.5021093921035 1.0062484627625612 605.7615745830634 2.253195478498591 2.204551080126032 583.7215164587896 
52.00036658659193 1.8396944989374242E-94 45.750919703193574 1.0142098482604127 610.5543286527695 0.0 0.0 272.0 266.8516569776909 2.2443694662765648 610.468494827226 1.0211558043319222 614.7357942078204 2.3036611470589934 2.204551080126032 583.7215164587896 
53.00036035080002 2.739566029843911E-94 46.17377029460374 1.018043742233085 612.8623328243183 0.0 0.0 271.0 271.6538746233736 2.261124871306321 612.7648401240134 1.0357908691440205 623.5461032246974 2.2953698123731687 2.2426272527738824 600.5528924641603 
54.00000710185 4.0779708525611153E-94 46.17377029460374 1.0184708071580555 613.1194259091496 0.0 0.0 273.0 269.58730409571734 2.2456439293205723 613.060792704517 1.0093789767811865 607.6461440222728 2.253986500070965 2.2500387244139333 601.0250722447973 
55.00039173863282 4.0779708525611153E-94 46.414499252803424 1.0184181603371079 613.0877325229393 0.0 0.0 272.0 269.87792050234924 2.2537174946210734 613.0111585369325 1.0201113420947177 614.1070279410209 2.2754993324312176 2.248037281614734 605.5211493663675 
56.000491907379114 4.0779708525611153E-94 46.407537600058355 1.0177383025261515 612.6784581207439 0.0 0.0 271.0 271.6093582089712 2.260470684848468 612.587555593935 1.0168937774430835 612.170054020741 2.253862157244776 2.253195478498591 605.7615745830634 
57.00003166876245 3.5004196386016066E-94 46.22767112917237 1.0200903381610922 614.0943835729779 0.0 0.0 271.0 266.94024046130176 2.2657056635714135 614.0062348278531 0.9884070265467112 595.0210299811234 2.2290420842989516 2.3036611470589934 614.7357942078204 
58.00096468662673 3.1376251476203823E-94 46.166844748494306 1.0237474131845035 616.2959427370711 0.0 0.0 271.0 267.58902106456117 2.273833110293374 616.2087728895045 1.0042496044873284 604.5582619013678 2.2592790223463846 2.2953698123731687 623.5461032246974 
59.000229525898774 3.1376251476203823E-94 46.86040170212304 1.0257557705149218 617.5049738499828 0.0 0.0 271.0 268.9582038452582 2.278304166498083 617.4204291209807 1.0118153609041436 609.1128472642903 2.2647119089728003 2.253986500070965 607.6461440222728 
60.00053452821494 4.3695526514663483E-94 46.84608543336112 1.027744437381558 618.7021513036976 0.0 0.0 271.0 266.9108785160709 2.282731364822411 618.6201998668733 1.0024571462323026 603.4792020318433 2.2609764179975427 2.2754993324312176 614.1070279410209 
61.00055586464646 4.274828433935568E-94 46.849989436476285 1.0316464567748242 621.0511669784438 0.0 0.0 271.0 265.824833308196 2.29140533724673 620.9708463938636 0.9962114568094514 599.7192969992835 2.256069493341775 2.253862157244776 612.170054020741 
62.00027811937102 4.0895869272215097E-94 47.2850996384401 1.0325056259135506 621.568386799957 0.0 0.0 271.0 268.5341799237676 2.2933208268497878 621.4899440762924 1.0154642462374965 611.3094762349644 2.2764680325182627 2.2290420842989516 595.0210299811234 
63.000025331125954 5.332982423375097E-94 47.42716793321599 1.0349047042495798 623.0126319582473 0.0 0.0 271.0 265.46322679132334 2.2986508540359245 622.9343814437358 1.0418752611992554 627.2089072419548 2.362696011884894 2.2290420842989516 595.0210299811234 
64.00023493051687 4.4715399538503583E-94 47.773325981192095 1.0350583015361108 623.105097524739 0.0 0.0 271.0 262.9332068987988 2.299016008781217 623.0333383797105 1.0179045157388813 612.7785184748129 2.3305482244038775 2.2290420842989516 595.0210299811234 
65.00080985275851 6.223744572203971E-94 47.72531139268007 1.036567965338684 624.0139151338881 0.0 0.0 272.0 264.78027513656554 2.293910251099427 623.9435882990441 1.0200540680516188 614.072548967073 2.3191778490688297 2.2290420842989516 595.0210299811234 
66.00036052005895 7.101966708189542E-94 47.72531139268007 1.0387581008745048 625.3323767264516 0.0 0.0 272.0 268.8942185003779 2.2987610243306933 625.2629986179487 1.0320044570758764 621.2666831596775 2.3104501339764 2.2290420842989516 595.0210299811234 
67.00054105012832 6.218767567613497E-94 47.6839673744723 1.0422794010302776 627.4521994202267 0.0 0.0 273.0 267.96619335384895 2.298113002907248 627.3848497936787 1.056255614218476 635.8658797595177 2.372933211466186 2.2290420842989516 595.0210299811234 
68.00002275233429 5.448913284247117E-94 47.599271184710354 1.0421025726088733 627.3457487105419 0.0 0.0 273.0 264.72256069085444 2.297730723399854 627.2804874881604 1.0314021427420146 620.9040899306987 2.345489890662536 2.2290420842989516 595.0210299811234 
69.00046780194899 5.448913284247117E-94 47.92431546791193 1.0425742472346278 627.6296968352458 0.0 0.0 274.0 267.1732282906537 2.2903900953313356 627.5668861207862 1.0626121788056102 639.692531640971 2.3942987691306374 2.2290420842989516 595.0210299811234 
70.00046306835162 7.581580953347329E-94 47.778634423621426 1.0428391322339368 627.7891576048294 0.0 0.0 273.0 266.4270042212394 2.2993648123572106 627.7265937735181 1.0509590497126302 632.677347927013 2.3746742556232836 2.2290420842989516 595.0210299811234 
71.00010957614755 8.845663177464151E-94 48.15704542020085 1.0445086438373612 628.7942035900911 0.0 0.0 270.0 268.6917844071108 2.3286422955226675 628.7334197911199 1.0418856327695503 627.215150927269 2.334329470888988 2.2290420842989516 595.0210299811234 
72.00123043955654 1.0782351054059084E-93 48.25989011261395 1.047000286951879 630.2941727450303 0.0 0.0 270.0 267.29287786560144 2.3342023904631852 630.2346454250596 1.0169845365286088 612.2246909902287 2.290463913138994 2.372933211466186 635.8658797595177 
73.0000336710441 9.027817428132233E-94 48.191302609338976 1.0477433056663026 630.7414700111136 0.0 0.0 270.0 270.29168812790664 2.3358656945699274 630.6837375338799 1.0470898415296994 630.3480846008727 2.3321031030098904 2.2290420842989516 595.0210299811234 
74.00070263016146 9.027817428132233E-94 48.028797705545735 1.04460682234858 628.8533070538452 0.0 0.0 270.0 273.11169112222353 2.328878028658212 628.797067737717 1.0532238296762453 634.0407454650987 2.3215437715603007 2.3942987691306374 639.692531640971 
75.0008695204485 9.852575155265982E-94 48.2421980633483 1.0452826223983205 629.2601386837886 0.0 0.0 269.0 272.324037777459 2.339056818678228 629.2062842244436 1.0412547706288722 626.8353719185783 2.3017996392621907 2.3746742556232836 632.677347927013 
76.00031834331416 9.852575155265982E-94 48.2421980633483 1.0503355421922431 632.3019963997299 0.0 0.0 269.0 267.16520510109535 2.3503652161173467 632.2482431355656 1.0156845979546743 611.4421279687083 2.2886293435454608 2.334329470888988 627.215150927269 
77.00008609242137 1.1731888365725649E-93 48.2421980633483 1.052265381303297 633.463759544585 0.0 0.0 269.0 267.8139752052422 2.3546853201751152 633.4103511271059 1.0219487644837704 615.2131562192346 2.2971659927296897 2.290463913138994 612.2246909902287 
78.00007354769133 1.0282734136410267E-93 48.2421980633483 1.0531625000274505 634.0038250165252 0.0 0.0 271.0 265.47980609341056 2.339301975553698 633.9508353750518 1.0292466688272108 619.6064946339851 2.333911960203757 2.3321031030098904 630.3480846008727 
79.00038523981708 1.0282734136410267E-93 48.150089905085345 1.057967390041308 636.8963688048676 0.0 0.0 271.0 264.4460983828683 2.349976496594206 636.8436305770299 1.0375244150767147 624.5896978761888 2.36187904338789 2.3215437715603007 634.0407454650987 
80.00003284026046 1.526963462481506E-93 48.25854957872573 1.0586957521628553 637.3348428020381 0.0 0.0 270.0 266.5717912727678 2.3603094059256997 637.2835395999389 1.0624741499231303 639.6094382537194 2.3993890546327283 2.3017996392621907 626.8353719185783 
81.00123043955654 1.4280327030907926E-93 48.25854957872573 1.06105655765898 638.7560477107065 0.0 0.0 271.0 266.61131957746517 2.3568531030054363 638.7071909144734 1.0760137161608474 647.7602571288334 2.4296052326488846 2.2886293435454608 611.4421279687083 
82.00011842207452 1.4280327030907926E-93 48.25854957872573 1.0578759110326263 636.8412984416408 0.0 0.0 271.0 264.6425344720957 2.349793718043578 636.7940975898098 1.0884500957302523 655.2469576296162 2.4759699302936746 2.2971659927296897 615.2131562192346 
83.00052389729778 1.3369963161509604E-93 48.25854957872573 1.055068058371156 635.1509711394361 0.0 0.0 270.0 265.5085949452895 2.352248181821794 635.1070090918843 1.0489322158106722 631.4571939180303 2.378292853563358 2.333911960203757 619.6064946339851 
84.00009676996991 1.222574493888568E-93 48.13136851060701 1.0548933253435737 635.045781856831 0.0 0.0 270.0 265.7362417871226 2.351866704189697 635.0040101312184 1.0414556446849828 626.9562981003667 2.359317998493454 2.36187904338789 624.5896978761888 
85.00046062721621 1.25024834737876E-93 48.13136851060701 1.0551562239533587 635.2040468199223 0.0 0.0 270.0 265.55396035371433 2.3524592819541903 635.1640061276314 1.043761393035515 628.3443586073844 2.366164518015239 2.3993890546327283 639.6094382537194 
86.00018722386667 1.0686813901895083E-93 48.23496227627677 1.0580662706241701 636.9558949157504 0.0 0.0 271.0 262.6932783295154 2.3502490022585927 636.9174796120789 1.030370033915694 620.282760417246 2.361243364739542 2.4296052326488846 647.7602571288334 
87.00024224235437 1.2172475575415428E-93 48.48859234932558 1.0612445518967284 638.8692202418299 0.0 0.0 271.0 265.03978823140835 2.357313753647059 638.8320272383532 1.0284450970770291 619.1239484403726 2.335966054650672 2.4759699302936746 655.2469576296162 
88.00071593189224 1.27321826871367E-93 48.517963777846546 1.062539700425223 639.6488996559837 0.0 0.0 271.0 265.855371112546 2.360192544719379 639.6121796189515 1.05646632337999 635.9927266747585 2.392250809202272 2.378292853563358 631.4571939180303 
89.00076292543821 1.1124310604502422E-93 48.517963777846546 1.0650975990539893 641.1887546305012 0.0 0.0 272.0 266.25599208286764 2.357180456147964 641.1530840722462 1.0694438047249295 643.8051704444108 2.417993170437409 2.359317998493454 626.9562981003667 
90.00017979894965 9.286025500803352E-94 48.656977835640646 1.066992518511191 642.329496143737 0.0 0.0 271.0 263.994006788867 2.3700923797147384 642.2950349026944 1.0344072283773833 622.7131514831901 2.3588154862212987 2.366164518015239 628.3443586073844 
91.00047666075697 1.2904730751599228E-93 48.656977835640646 1.065859439586495 641.6473826310697 0.0 0.0 270.0 257.3953209804706 2.3763499072922847 641.6144749689169 1.0287141271636875 619.2859045525407 2.40597188089339 2.361243364739542 620.282760417246 
92.00072376619124 1.7928641620808237E-93 48.656977835640646 1.068255111351048 643.089577033331 0.0 0.0 271.0 266.26339798072587 2.372905340280691 643.0573472160668 1.0704789062993159 644.4283015921894 2.420266196853831 2.335966054650672 619.1239484403726 
93.0003326580467 1.5649926043207907E-93 48.51526841032592 1.0649823764394508 641.1193906165489 0.0 0.0 271.0 266.58679440321345 2.36564315705593 641.0892955621567 1.0568380407974516 636.216500560064 2.386526691932776 2.392250809202272 635.9927266747585 
94.00098020566787 3.0181947147074132E-93 48.64076154575589 1.0664044812549456 641.9754977154781 0.0 0.0 271.0 269.1331721171715 2.368810209648001 641.9475668146088 1.0685794234227548 643.2848129005004 2.390210050437171 2.417993170437409 643.8051704444108 
95.00076614499432 3.923793345602729E-93 48.517694234288314 1.06892426815966 643.4924094321159 0.0 0.0 271.0 269.0322216087283 2.374407542115834 643.464443913391 1.0645450323312844 640.85610946344 2.3820793867415637 2.3588154862212987 622.7131514831901 
96.0001823633342 3.5116132347441482E-93 48.371553063852225 1.0755229511596593 647.4648165981154 0.0 0.0 271.0 266.51798684909534 2.3890700043214355 647.4379711711098 1.0738176938856876 646.4382517191835 2.42549577745836 2.3588154862212987 622.7131514831901 
97.00000256779585 3.6747148683548513E-93 48.371553063852225 1.075887942044638 647.6845411108724 0.0 0.0 271.0 266.85443575470447 2.3898838908950886 647.6585344325689 1.066369317784199 641.9543293060881 2.4056348454187946 2.386526691932776 636.216500560064 
98.00040181290854 3.432740343470608E-93 48.269274892465184 1.0770128490184223 648.3617351090911 0.0 0.0 271.0 267.40091428408726 2.392387151467307 648.3369180476403 1.0637970854885224 640.4058454640965 2.394927658264205 2.390210050437171 643.2848129005004 
99.00014716630703 3.432740343470608E-93 48.16239650044993 1.0769182071678698 648.3047607150587 0.0 0.0 272.0 267.70200001375747 2.383383983457632 648.2804435004762 1.0823137079445886 651.5528521826393 2.433873680992878 2.390210050437171 643.2848129005004 
100.00022487111714 4.4621269311276434E-93 48.30066012022662 1.0775013055192566 648.655785922593 0.0 0.0 270.0 270.47122152680856 2.4023417334210047 648.6322680236713 1.0843450732317093 652.775734085487 2.4134757494737205 2.390210050437171 643.2848129005004 
101.00004101749944 5.7991678415777105E-93 48.05094942459067 1.079088465392399 649.6112561662237 0.0 0.0 271.0 270.9160789385158 2.397003211091937 649.5878702059141 1.091498960479338 657.0823742085546 2.42540928830466 2.390210050437171 643.2848129005004 
102.00010519583591 5.7991678415777105E-93 48.05094942459067 1.0791803216763132 649.6665536491407 0.0 0.0 271.0 267.09285576445365 2.3972092407038974 649.6437042307559 1.0610418173099112 638.7471740205672 2.391479817730024 2.390210050437171 643.2848129005004 
103.00005828163758 7.058019101690766E-93 48.19130260923055 1.0771771936869647 648.4606705995525 0.0 0.0 271.0 267.8741102949151 2.3927620030954238 648.4385028388596 1.072486892937329 645.6371095482755 2.410225866312588 2.390210050437171 643.2848129005004 
104.00063449574014 6.592599717172977E-93 48.172832816881 1.0785022366542887 649.2583464658813 0.0 0.0 271.0 270.4548709435611 2.395707973549476 649.2368608319077 1.0873423605872015 654.5801010734891 2.4202932592406063 2.4134757494737205 652.775734085487 
105.00117279049847 8.022882449306917E-93 47.8833310883334 1.0822657398608242 651.5239753962162 0.0 0.0 271.0 266.8087173502961 2.404071550823311 651.5033902731166 1.059469313497847 637.8005267257067 2.390478591028686 2.42540928830466 657.0823742085546 
106.00055113309783 7.0385971099705935E-93 47.70702019595131 1.0813602327678127 650.9788601262228 0.0 0.0 271.0 268.1382228186057 2.4020630852305307 650.9590960974739 1.0966019514646144 660.1543747817018 2.461992802974208 2.42540928830466 657.0823742085546 
107.00049142851988 7.0385971099705935E-93 47.70702019595131 1.0826401364998404 651.7493621729031 0.0 0.0 271.0 265.17964932881597 2.404906832728116 651.7297516693194 1.0532506353522886 634.0568824820841 2.3910465380240016 2.42540928830466 657.0823742085546 
108.00073847798362 7.0385971099705935E-93 47.84955865360409 1.08333015227768 652.1647516711633 0.0 0.0 271.0 265.1959253332966 2.40644585577026 652.1468269137401 1.0736371300033207 646.3295522620007 2.437177537511927 2.42540928830466 657.0823742085546 
109.00016334713109 7.0385971099705935E-93 48.015724978784306 1.08485796495443 653.0844949025676 0.0 0.0 271.0 266.72961383345023 2.409840978929526 653.0669052899019 1.0833620395849943 652.1839478301695 2.445112630940944 2.4202932592406063 654.5801010734891 
110.00025550136004 7.0385971099705935E-93 48.015724978784306 1.0839200428274407 652.5198657821198 0.0 0.0 271.0 266.3419235350834 2.4077581856038526 652.5024682986444 1.0670227639082164 642.3477038727416 2.4117408755896794 2.4202932592406063 654.5801010734891 
111.00015713167656 1.112645429697925E-92 48.04534380738262 1.0903096706650017 656.3664217403301 0.0 0.0 271.0 268.05542054089693 2.421952574538165 656.3491476998427 1.080270844290309 650.3230482627649 2.426076842432462 2.4202932592406063 654.5801010734891 
112.00044996446749 9.704524397745562E-93 47.80837260239999 1.0933071167361483 658.1708842751622 0.0 0.0 271.0 268.2331476885655 2.428613334230915 658.1542135765785 1.0850745850102295 653.2149001761575 2.4352504744662595 2.4202932592406063 654.5801010734891 
113.00016986733067 9.704524397745562E-93 47.84955865354459 1.092157018410546 657.4785250831485 0.0 0.0 271.0 267.4192734894906 2.4260599081380056 657.4622351053991 1.0709266910725015 644.697868025642 2.4108130263504672 2.4202932592406063 654.5801010734891 
114.0004143492647 9.061870383694927E-93 47.84955865354459 1.0913129590318573 656.9704013371771 0.0 0.0 271.0 270.3344233279027 2.424185451944466 656.95425747695 1.0898446470279382 656.0864775108132 2.4269438920659088 2.4202932592406063 654.5801010734891 
115.00027516538842 9.061870383694927E-93 47.877479038760406 1.0923701321768295 657.6068195704512 0.0 0.0 271.0 268.5489611144658 2.426535789067771 657.5911988373659 1.087872135815744 654.8990257610682 2.4386578262796754 2.4202932592406063 654.5801010734891 
116.00004742863786 9.271317946814676E-93 47.72531139253689 1.0917190893458748 657.2148917862164 0.0 0.0 271.0 270.6844001308309 2.4250910937844403 657.1996864155834 1.1054670864005083 665.4911860131022 2.458550199758271 2.4202932592406063 654.5801010734891 
117.00010023917007 1.1465177886584823E-92 47.62783931685859 1.0928713213693424 657.9085354643444 0.0 0.0 271.0 264.93013197018325 2.42765248931106 657.8938246032973 1.0775598790481216 648.6910471869656 2.4485363079046554 2.4202932592406063 654.5801010734891 
118.00023680573753 1.8106984813850358E-92 47.62783931685859 1.0942304041383084 658.7267032912612 0.0 0.0 271.0 266.12979730663926 2.4306752259966715 658.7129862450981 1.0744987732633458 646.8482615045393 2.430574359019369 2.4269438920659088 656.0864775108132 
119.00001531797743 2.2020659886682514E-92 47.578384977056984 1.097117772296078 660.4648989222384 0.0 0.0 271.0 264.1605322059328 2.4370906831560544 660.4515751352906 1.0518568264059713 633.2178094964008 2.3970946916580274 2.4269438920659088 656.0864775108132 
120.00027183561446 2.3052146208678016E-92 47.21894681651318 1.0968049565171403 660.2765838233177 0.0 0.0 271.0 265.0900301495954 2.436397366575145 660.2636863418642 1.1012392836045006 662.9460487299131 2.500833578523492 2.458550199758271 665.4911860131022 
121.00013573447677 2.055760814505584E-92 47.27170409108227 1.0980512149318786 661.0268313889899 0.0 0.0 271.0 265.9661284094035 2.4391670015271427 661.0142574138551 1.0734569929831559 646.2211097758554 2.4297120601053486 2.458550199758271 665.4911860131022 
122.00074034352507 2.4519667308550546E-92 47.27170409108227 1.09705763320223 660.4286951877417 0.0 0.0 271.0 261.97107156136656 2.436962635953911 660.4168743435096 1.0583100853695655 637.1026713924814 2.43195810741737 2.430574359019369 646.8482615045393 
123.0011827378073 3.028300469121497E-92 47.00328297823895 1.0974164020828308 660.6446740538644 0.0 0.0 271.0 265.3646961746494 2.4377608949404586 660.6332025288646 1.0989221284336088 661.5511213170375 2.492988445160914 2.430574359019369 646.8482615045393 
124.00123043955654 4.065853903025786E-92 47.02522296254601 1.1036846326513903 664.4181488561364 0.0 0.0 271.0 264.60885793630314 2.451685793500239 664.4068500385642 1.1008089102722098 662.6869639838771 2.5044020413836625 2.430574359019369 646.8482615045393 
125.00017869073999 4.1606140519232915E-92 47.02522296254601 1.1048455278963354 665.1170077935932 0.0 0.0 271.0 264.8953335438189 2.4542648271481617 665.1057681571515 1.0944847654648464 658.8798288098376 2.487321388396017 2.430574359019369 646.8482615045393 
126.00074315926013 4.1606140519232915E-92 46.63186550391034 1.1046594591128547 665.0049943859381 0.0 0.0 271.0 265.6543042065998 2.453854377203808 664.9945362222319 1.0657823063728158 641.6009484364354 2.4151724187290458 2.430574359019369 646.8482615045393 
127.00028385398474 3.622856025290126E-92 46.63316085149567 1.1032587596292793 664.161773296827 0.0 0.0 271.0 267.674435107779 2.4507448158016683 664.1518450822521 1.1080625264751645 667.0536409380471 2.4920334310949728 2.430574359019369 646.8482615045393 
128.00008431554696 3.622856025290126E-92 46.63316085149567 1.106634340150043 666.1938727703259 0.0 0.0 271.0 266.73156427268617 2.4582451674024255 666.1844403660573 1.108838689317521 667.5208909691445 2.502594294714673 2.430574359019369 646.8482615045393 
129.00056336580997 3.459210728048793E-92 46.63316085149567 1.1056486926189522 665.6005129566098 0.0 0.0 271.0 266.7051230872519 2.4560573762736126 665.591548970149 1.08497298357074 653.1537361095905 2.4489733401030804 2.430574359019369 646.8482615045393 
130.00013124562116 3.1533414615741035E-92 46.63316085149567 1.1094628506073743 667.8966360656402 0.0 0.0 271.0 267.7556677932719 2.4645305175581185 667.8877702582507 1.1026558898196652 663.798845671431 2.479121548171802 2.430574359019369 646.8482615045393 
131.00014681415968 3.2272287057276324E-92 46.63316085149567 1.1071488610008848 666.5036143225325 0.0 0.0 271.0 267.38315435165833 2.4593901953198785 666.494742931687 1.0925092773707414 657.6905849771794 2.459730818016286 2.430574359019369 646.8482615045393 
132.00074000062793 3.2272287057276324E-92 46.608296463453414 1.10631640019058 666.0024729147291 0.0 0.0 271.0 262.3434780673686 2.457542595776209 665.9940434553525 1.074282555637017 646.718098493479 2.4651579038965274 2.4920334310949728 667.0536409380471 
133.00009497627963 3.2272287057276324E-92 46.608296463453414 1.107139032009161 666.4976972695152 0.0 0.0 271.0 263.4123015916589 2.459371035154748 666.4895505269373 1.081378122775652 650.9896299109355 2.4713714051217623 2.4920334310949728 667.0536409380471 
134.00074652227275 2.8080504423425726E-92 46.072811575715406 1.106993573887032 666.4101314799935 0.0 0.0 271.0 268.35166183044873 2.459049268623272 666.4023517969067 1.1061071366440998 665.87649625975 2.4813578262111426 2.4920334310949728 667.0536409380471 
135.00039492307866 5.378935272104602E-92 46.042873978897205 1.1115291368736633 669.1405403979456 0.0 0.0 271.0 266.63949066467796 2.469125880456402 669.1331136036848 1.1079377539889042 666.9785279013232 2.5014243998092014 2.4920334310949728 667.0536409380471 
136.0001523639733 4.678404422632734E-92 45.437082235481654 1.112118093534882 669.4950923079997 0.0 0.0 271.0 268.3784356935188 2.470434917841709 669.4878627351037 1.1240967831248325 676.7062634411536 2.5214628801769106 2.4920334310949728 667.0536409380471 
137.00013813989344 4.26188977933678E-92 45.56549690071072 1.1110685006131769 668.8632373691324 0.0 0.0 271.0 264.57987305294347 2.468103876918931 668.8561506450305 1.1035488069667785 664.3363817940066 2.510910501726147 2.4920334310949728 667.0536409380471 
138.00003067499398 5.699885035019451E-92 45.56549690071072 1.1131665402864033 670.1262572524143 0.0 0.0 271.0 269.12268895909926 2.4727646829476067 670.1192290788016 1.1294728351609 679.942646766862 2.5265155063540496 2.4920334310949728 667.0536409380471 
139.00000132419163 5.699885035019451E-92 45.593857587787554 1.1097214838821305 668.0523332970419 0.0 0.0 271.0 260.0822279583016 2.4651123589962785 668.0454492879916 1.0749850175636304 647.1409805732987 2.4882168445475386 2.4920334310949728 667.0536409380471 
140.00000112779992 5.341859338876476E-92 45.593857587787554 1.1109799079479838 668.8099045846863 0.0 0.0 272.0 263.5540075969349 2.4588345902175694 668.8030085391791 1.085477592675667 653.4575107907552 2.4794064668146403 2.4920334310949728 667.0536409380471 
141.00049697137692 5.341859338876476E-92 45.593857587787554 1.1109795300615362 668.8096770970456 0.0 0.0 272.0 266.3534166681656 2.4588343791055616 668.8029511167135 1.0897197807886767 656.0113080347759 2.4629355847612895 2.4651579038965274 646.718098493479 
142.0003363504053 6.848117405105236E-92 45.50276099957262 1.1108639130356779 668.740075647479 0.0 0.0 272.0 260.84628301861267 2.45857906518252 668.7335057296457 1.063886969189365 640.4599554519989 2.455315628961057 2.4651579038965274 646.718098493479 
143.00024505142463 6.088769479012478E-92 45.50276099957262 1.114403834604405 670.8711084318514 0.0 0.0 272.0 264.8352135057249 2.466414383536308 670.8647123218758 1.0864957139787776 654.0704198152262 2.4697260275816277 2.4651579038965274 646.718098493479 
144.0002878627471 5.6734420969879075E-92 45.50276099957262 1.118733290217261 673.4774407107908 0.0 0.0 272.0 271.62180069612333 2.4759975485247088 673.4713331987203 1.1394672979689553 685.9593133773133 2.5254206827997936 2.4882168445475386 647.1409805732987 
145.0001069896695 4.9541684767677975E-92 45.45046290159871 1.1203168923646507 674.4307692035202 0.0 0.0 272.0 267.8451578828923 2.479503461972983 674.4249416566513 1.1173661265784458 672.6544082002185 2.5113554917961878 2.4629355847612895 656.0113080347759 
146.00046297873945 4.9541684767677975E-92 45.468394120346105 1.1204065596457158 674.4847489067205 0.0 0.0 271.0 267.9692158109542 2.488852666966406 674.4790727478959 1.096320283438272 659.9848106298359 2.462912796279701 2.455315628961057 640.4599554519989 
147.00009279762622 4.4021385185370534E-92 45.37376690360648 1.1220035695863781 675.4461488909996 0.0 0.0 271.0 264.18557193547986 2.4924007338667145 675.4405988778797 1.0999916928266777 662.1949990816639 2.506552474574149 2.4697260275816277 654.0704198152262 
148.0001309631436 4.4021385185370534E-92 45.37376690360648 1.1236005673832976 676.4075415647445 0.0 0.0 271.0 268.11738342869205 2.4959489044661383 676.4021531103235 1.0963475314486317 660.001213932077 2.4616129155520032 2.5254206827997936 685.9593133773133 
149.0006018543774 6.370579569916051E-92 45.467636320415764 1.1267149798821858 678.2824178890755 0.0 0.0 271.0 268.61493876997014 2.5028678623667164 678.2771907013799 1.0950098667495365 659.1959397832251 2.454055395436257 2.5113554917961878 672.6544082002185 
150.00070897496275 6.0748489001874624E-92 45.467636320415764 1.1293594653423353 679.8743981360859 0.0 0.0 272.0 270.3268420932425 2.499519454095629 679.8692915140113 1.1330060894230665 682.0696658326934 2.523129632822147 2.462912796279701 659.9848106298359 
151.0003023456649 5.596961063230766E-92 45.70671518308334 1.1304147622703826 680.5096868867704 0.0 0.0 272.0 267.995229052631 2.501855649827855 680.5047367531768 1.1241189611139213 676.7196145905845 2.525118141031104 2.506552474574149 662.1949990816639 
152.00011691362798 6.868120237376208E-92 46.05233932044471 1.1336062505285098 682.4309628181632 0.0 0.0 271.0 267.8809544485635 2.5181776528112576 682.4261439118509 1.115894044529472 671.7682148067377 2.5077117415442296 2.4616129155520032 660.001213932077 
153.0000613209217 6.868120237376208E-92 45.9958319779833 1.1294845238368205 679.9496833497665 0.0 0.0 271.0 263.43104815854514 2.5090221961830097 679.945015165596 1.0598169174576753 638.0097843095182 2.4219232651936076 2.4616129155520032 660.001213932077 
154.00123043955654 6.868120237376208E-92 46.32819704660127 1.1309896790322511 680.8557867774153 0.0 0.0 271.0 269.3418620124021 2.51236750417561 680.8515936315903 1.1235864631138266 676.3990507945269 2.5113030916946046 2.523129632822147 682.0696658326934 
155.00015455609753 6.24360110771408E-92 46.45577492752262 1.1336579389711288 682.4620792606194 0.0 0.0 272.0 270.08565656444216 2.5090363716986044 682.4578931020205 1.1280860278533968 679.1077887677371 2.514416342600936 2.523129632822147 682.0696658326934 
156.00037749409267 5.812091273262604E-92 46.40135034093017 1.1308906939556607 680.796197761308 0.0 0.0 272.0 269.31887918071294 2.5029121724830388 680.7921109153864 1.113125545578288 670.1015784381381 2.4881344392811764 2.525118141031104 676.7196145905845 
157.00008312310686 5.034967727672298E-92 46.35188195518789 1.1308326694619895 680.7612670161177 0.0 0.0 272.0 265.2464944986719 2.5027841952130165 680.7573010979402 1.1117537219883022 669.2757406369554 2.523221812608372 2.4219232651936076 638.0097843095182 
158.00009976538533 5.157010837046406E-92 46.35188195518789 1.1311691646142463 680.9638370977766 0.0 0.0 272.0 264.0668097802152 2.503529416285587 680.9600012296795 1.1158670134222817 671.7519420802175 2.5438711613902627 2.4219232651936076 638.0097843095182 
159.00004378999998 4.574493605788525E-92 46.587327448623064 1.128595408932733 679.4144361775058 0.0 0.0 272.0 264.01973607778626 2.49783329884441 679.4106572856796 1.1100174727550591 668.2305185985521 2.5309869956148887 2.4219232651936076 638.0097843095182 
160.00051650594483 7.192551706377935E-92 46.81460503571682 1.1292267834129368 679.7945236145875 0.0 0.0 272.0 268.3746669776689 2.499231341364879 679.7909248512467 1.1315196409598023 681.1748238578048 2.538148743802575 2.4881344392811764 670.1015784381381 
161.00102875917383 8.73055846547784E-92 47.215798991785526 1.1291835932301781 679.7685231245665 0.0 0.0 271.0 268.90759258095903 2.50835821824604 679.7650771446764 1.1554801085946416 695.59902537398 2.5867585912977096 2.523221812608372 669.2757406369554 
162.0002858971504 8.73055846547784E-92 47.215798991785526 1.1253857389404642 677.482214842159 0.0 0.0 271.0 262.89629159985384 2.4999219811009405 677.4788568783543 1.1047287427377834 665.0467031281519 2.5296922184828627 2.5438711613902627 671.7519420802175 
163.00013868375046 1.2056203474616052E-91 47.215798991785526 1.1271501764354963 678.5444062141681 0.0 0.0 271.0 262.14544965490063 2.50384176841694 678.5411192409907 1.0890576399027219 655.61269922144 2.5009501407883157 2.5438711613902627 671.7519420802175 
164.0006724614292 1.1302812187524321E-91 47.34187581679364 1.1264984471736417 678.1520651985331 0.0 0.0 270.0 266.7614909434807 2.5116626558843524 678.1489170887756 1.0985242189746915 661.3115798227694 2.479036901030377 2.5309869956148887 668.2305185985521 
165.00017901482948 9.552274930761898E-92 47.43270142553669 1.1286329512972892 679.4370366809686 0.0 0.0 271.0 267.1486467243141 2.507136732585719 679.4340545307301 1.115776345233646 671.6973598306512 2.5143206528154862 2.5309869956148887 668.2305185985521 
166.00065533834186 8.467637642396153E-92 47.5760061173804 1.135875935990324 683.7973134661753 0.0 0.0 271.0 259.7501734141754 2.523226789734206 683.7944600179693 1.0801529775709948 650.2520924977451 2.5033750081887676 2.5867585912977096 695.59902537398 
167.00014123947705 8.467637642396153E-92 47.669134669816884 1.1371403323775637 684.5584800912935 0.0 0.0 271.0 266.1599187623863 2.5260357956271933 684.5557006149693 1.1099640497834062 668.1983579696135 2.510514584903169 2.5296922184828627 665.0467031281519 
168.00040514242866 8.467637642396153E-92 48.02959819214097 1.140137111471714 686.362541105972 0.0 0.0 271.0 266.3891105323649 2.5326931382973386 686.3598404785785 1.1234945003538581 676.3436892130319 2.538931444537631 2.5009501407883157 655.61269922144 
169.00067965911785 8.467637642396153E-92 47.96879921533629 1.14368347595803 688.4974525267334 0.0 0.0 271.0 269.3714678234764 2.540571680450589 688.4949254021093 1.1561499417489065 696.0022649328411 2.583800988859529 2.479036901030377 661.3115798227694 
170.00041345470996 1.104691894870087E-91 48.05628871562006 1.1426689234676533 687.8866919275273 0.0 0.0 272.0 273.0918707273915 2.528986334329665 687.8842829376692 1.1594410720508128 697.9835253745939 2.5558561062820577 2.5143206528154862 671.6973598306512 
171.00077468860908 1.104691894870087E-91 47.96879921533629 1.1435458598275872 688.4146076162066 0.0 0.0 272.0 271.5557746840019 2.5309274994044952 688.4122798380224 1.1433258680547567 688.2821725689547 2.5345886065942804 2.5033750081887676 650.2520924977451 
172.00063052759506 1.104691894870087E-91 47.96879921533629 1.1454134138582366 689.538875142658 0.0 0.0 272.0 270.39315873202133 2.5350611740854845 689.5366393512512 1.1650929940245187 701.3859824027552 2.59394869933776 2.510514584903169 668.1983579696135 
173.00010426050358 1.104691894870087E-91 47.96879921533629 1.1454710019057803 689.5735431472791 0.0 0.0 272.0 270.2492883410273 2.535189074088631 689.5714281521075 1.1394859717794315 685.9705550112191 2.538288108813051 2.538931444537631 676.3436892130319 
174.0001888107957 1.104691894870087E-91 47.96879921533629 1.146088604868149 689.9453401306253 0.0 0.0 272.0 272.10559160330274 2.536556297918385 689.9433130338 1.1598208063569573 698.2121254268854 2.56596022636975 2.583800988859529 696.0022649328411 
175.00002124140778 1.850046756065833E-91 48.225316248488966 1.1532439685817149 694.252869086192 0.0 0.0 274.0 275.26726943807427 2.533763985378148 694.251331993612 1.164974040488572 701.3143723741208 2.5477579437823157 2.583800988859529 696.0022649328411 
176.00038937232574 1.7346301934620087E-91 48.33152873507865 1.150466171529686 692.5806352608714 0.0 0.0 274.0 269.2281509500527 2.527661125889877 692.5791484938267 1.1316977234403611 681.2820295110945 2.530500718840082 2.583800988859529 696.0022649328411 
177.00032608217137 1.7346301934620087E-91 48.6734699391367 1.1545883288567222 695.0621739717465 0.0 0.0 274.0 269.56014016208485 2.5367180089493844 695.0607344521312 1.1504798991326712 692.5888992778645 2.5693297935719097 2.59394869933776 701.3859824027552 
178.00010402412798 1.7346301934620087E-91 49.05951321485117 1.15572326025299 695.7454026723005 0.0 0.0 273.0 270.4831480827579 2.5485128332872438 695.7440034874177 1.1465414478514162 690.2179516065494 2.551796503770978 2.59394869933776 701.3859824027552 
179.0000316363761 1.7346301934620087E-91 49.09223046156395 1.158228645500195 697.253644591117 0.0 0.0 273.0 270.2196898649109 2.5540375569796434 697.252253055443 1.1851658898529616 713.469865691486 2.640332634709803 2.56596022636975 698.2121254268854 
180.00075980176095 1.7346301934620087E-91 49.21238048173882 1.1588935857471026 697.6539386197555 0.0 0.0 273.0 271.47665709413434 2.555504023261391 697.6525983503592 1.1629811785699768 700.1146694991293 2.5789129606688985 2.5477579437823157 701.3143723741208 
181.00014960083232 2.2990715255794608E-91 49.19625240039363 1.1636818890844092 700.5364972288146 0.0 0.0 273.0 268.7024668936523 2.5660629136717814 700.5351754323963 1.1368172096071656 684.3639601835167 2.546921016748149 2.5477579437823157 701.3143723741208 
182.00056045244736 2.4129225523168306E-91 49.19625240039363 1.1627347377280324 699.966312112275 0.0 0.0 273.0 265.68566054351373 2.5639744342120707 699.9650205398951 1.1260956382008 677.9095741968841 2.5515474670709857 2.5477579437823157 701.3143723741208 
183.0002190567385 2.5732702966652057E-91 49.19625240039363 1.1625193827216935 699.83666839846 0.0 0.0 272.0 265.0443904120429 2.572924275757047 699.8354030059168 1.1240276265591378 676.6646311886054 2.5530237789098273 2.5477579437823157 701.3143723741208 
184.0001207011191 3.78474146349825E-91 49.38986433072651 1.1583651982440948 697.3358493429453 0.0 0.0 272.0 263.5146151356071 2.563730356603537 697.3346569961619 1.1169645127630063 672.412636683339 2.551709082007877 2.56596022636975 698.2121254268854 
185.00003403393703 3.78474146349825E-91 49.5572497056303 1.1562890143350968 696.0859866297284 0.0 0.0 275.0 266.3765937804494 2.5312183373548973 696.0850427725965 1.1232974385642995 676.2250580157022 2.538605394785754 2.56596022636975 698.2121254268854 
186.00007116357563 3.78474146349825E-91 49.5572497056303 1.1576298884241192 696.8931928313201 0.0 0.0 274.0 267.13381564040657 2.5434017485350093 696.8920790985926 1.1451819810477302 689.3995525907338 2.580727381660832 2.56596022636975 698.2121254268854 
187.0006914642104 3.78474146349825E-91 49.5572497056303 1.1605503618483954 698.6513178327343 0.0 0.0 275.0 266.2342112990146 2.5405469691687594 698.6504165214094 1.15620848116935 696.0375056639558 2.614380406889999 2.56596022636975 698.2121254268854 
188.00004772581144 3.353688927818891E-91 49.6410171110035 1.1607371395634534 698.7637580171985 0.0 0.0 275.0 266.4249606612282 2.540956004410393 698.7629012128577 1.1401447997739618 686.3671694639206 2.576211957620099 2.56596022636975 698.2121254268854 
189.00089630910998 3.519999728053087E-91 49.72934629966159 1.1582519685461583 697.2676850647874 0.0 0.0 274.0 270.13802915187483 2.5447689587640996 697.2666947013638 1.170655663562413 704.7347094645758 2.6087948878473735 2.5789129606688985 700.1146694991293 
190.00040827448092 2.97090454779316E-91 49.73266169991813 1.160101650534771 698.3811936219327 0.0 0.0 274.0 271.7354951785917 2.548832959451724 698.3802308897731 1.1830750015108635 712.2111509095473 2.620972098037702 2.5789129606688985 700.1146694991293 
191.00120426343594 2.631079572306216E-91 49.69730882302714 1.158114044960213 697.1846550660485 0.0 0.0 274.0 271.6347916248558 2.5444661876203676 697.183735407981 1.144300713450726 688.8690294973302 2.5360117729274547 2.5789129606688985 700.1146694991293 
192.00010182989504 2.445812990418049E-91 49.7437146305909 1.1576536692796935 696.9075089063755 0.0 0.0 274.0 269.1474954769474 2.543454824521887 696.9066219189968 1.1605745521528217 698.6658803960019 2.5958476008031175 2.5789129606688985 700.1146694991293 
193.00062788632476 2.1128637309624433E-91 49.81893973287854 1.1612172685602622 699.0527956732781 0.0 0.0 274.0 265.46212387429887 2.551284537475631 699.0519632683228 1.1235396030514642 676.3708410369804 2.5478996067900606 2.5789129606688985 700.1146694991293 
194.0001371795558 2.061876453721952E-91 49.80648655466725 1.159383064786487 697.9486050014642 0.0 0.0 274.0 271.01775793213005 2.5472546662753253 697.9477785594389 1.1808625435003013 710.8792511871862 2.6229987902313363 2.5789129606688985 700.1146694991293 
195.00034195820575 1.9160513271432116E-91 49.80648655466725 1.1595259795822417 698.034639708509 0.0 0.0 275.0 269.0495079086029 2.5383053193590923 698.0339628237499 1.1523422117132498 693.7100114513783 2.578373091420164 2.620972098037702 712.2111509095473 
196.00058570023432 2.641801081318816E-91 49.77329329596859 1.1553084211142444 695.4956695107742 0.0 0.0 274.0 266.14308265128886 2.538302540722598 695.4948961579914 1.125708478304058 677.6765039390502 2.5462863704294305 2.620972098037702 712.2111509095473 
197.00000082333463 3.6414340686813925E-91 49.782419236235974 1.1556378561593965 695.6939894079567 0.0 0.0 273.0 264.9980330001617 2.548326962595665 695.6932607886163 1.1222875133915755 675.6170830617327 2.5495173507998095 2.5360117729274547 688.8690294973302 
198.00052427362752 6.08159178113172E-91 49.782419236235974 1.1531330205102466 694.1860783471685 0.0 0.0 273.0 270.0144905436536 2.5428036243564183 694.1853894493016 1.137065370755106 684.5133531945652 2.535098586066065 2.5958476008031175 698.6658803960019 
199.0003923947306 5.704151514704855E-91 49.782419236235974 1.154711438799534 695.1362861573203 0.0 0.0 273.0 268.3552089880355 2.5462843371532196 695.1356240428295 1.1446954744525628 689.1066756204434 2.5678900671205787 2.5478996067900606 676.3708410369804 
200.0009450396703 4.924359649026748E-91 49.782419236235974 1.1565273188907585 696.2294459722365 0.0 0.0 273.0 270.51388770534186 2.550288617287483 696.2287925194829 1.170922257822545 704.8951992091745 2.605763442270971 2.6229987902313363 710.8792511871862 
201.0000001296975 4.924359649026748E-91 49.742609227002035 1.159683806906029 698.1296517574292 0.0 0.0 273.0 266.73413002921063 2.557249189715591 698.1290287923559 1.1398139388849557 686.1679912087519 2.5724791616791154 2.5462863704294305 677.6765039390502 
202.00023986827978 4.924359649026748E-91 49.66639567152802 1.1614008458442198 699.1633091982194 0.0 0.0 273.0 271.1004820541328 2.561035532914059 699.1627004855376 1.155140988680277 695.3948751855256 2.565081662402469 2.5495173507998095 675.6170830617327 
203.00019936778966 4.924359649026748E-91 49.70200267940588 1.1623594692498995 699.7404004884388 0.0 0.0 273.0 268.16129399212326 2.5631494911913872 699.7398110952482 1.147742455619373 690.940958282869 2.576587202413948 2.535098586066065 684.5133531945652 
204.00003138267272 5.999275369810187E-91 49.671638512182845 1.163091383278518 700.181012733667 0.0 0.0 273.0 272.0492578864859 2.5647636079522234 700.1804649709566 1.1698688877553844 704.2610704287505 2.5887263060375902 2.5678900671205787 689.1066756204434 
205.00007863973354 6.3015412457985E-91 49.700345973571146 1.162989649985883 700.1197692915015 0.0 0.0 273.0 272.37820778826415 2.564539329000063 700.1192368170172 1.1837556684488992 712.6209124062314 2.6162919500527524 2.605763442270971 704.8951992091745 
206.00026595486034 5.910713004838488E-91 49.67964180975465 1.1622031894410427 699.6463200435081 0.0 0.0 273.0 269.9981236701551 2.562805141603862 699.6458036578545 1.1583742922859095 697.3413239561124 2.5827635928612 2.5724791616791154 686.1679912087519 
207.0000037452037 1.0513040803703203E-90 49.71608690864202 1.1631992623798975 700.2459559526989 0.0 0.0 274.0 264.48905141932397 2.5556403230658966 700.2454485200557 1.132065607421104 681.5034956675019 2.5766794202268826 2.565081662402469 695.3948751855256 
208.0002649884132 1.6442633723634615E-90 49.728241215314384 1.163137745724379 700.208922926076 0.0 0.0 274.0 267.847815394721 2.555505196534868 700.2084238505536 1.1755093565810324 707.6566326617722 2.6420100967368922 2.576587202413948 690.940958282869 
209.0000304708415 1.6442633723634615E-90 49.728241215314384 1.1647146890134674 701.158242786107 0.0 0.0 274.0 268.29115037964385 2.558969962574079 701.1577697452976 1.1702323271031636 704.4798609160949 2.6258035716766086 2.576587202413948 690.940958282869 
210.00043377039728 1.4186312325359432E-90 49.65756687485841 1.1663612818667053 702.1494916837564 0.0 0.0 274.0 270.9448111126176 2.562587731388983 702.1490384005815 1.169109017161326 703.8036283311125 2.5975903559141353 2.576587202413948 690.940958282869 
211.0003102774288 1.2360012556606634E-90 49.676053965143886 1.1676879683660568 702.9481569563665 0.0 0.0 273.0 268.1919590625013 2.574900051244777 702.9477139898247 1.174599940431556 707.1091641397986 2.636578541025568 2.576587202413948 690.940958282869 
212.00020587005696 1.74322514719168E-90 49.69730882296632 1.1689112108548894 703.6845489346432 0.0 0.0 273.0 269.9955988726247 2.577597484309055 703.684113216372 1.1661254371026213 702.007513135781 2.6000702087998318 2.605763442270971 704.8951992091745 
213.00031806982147 1.430661508364862E-90 49.698413219876215 1.1728031593965569 706.0275019567271 0.0 0.0 273.0 272.44339581542494 2.5861797988907296 706.0270850971693 1.1965437848104188 720.3193584558719 2.6439229928842694 2.576587202413948 690.940958282869 
214.00000989038642 1.3422136975024308E-90 49.57928004515581 1.1715823859944348 705.2925963686503 0.0 0.0 273.0 272.15512776553845 2.5834878709738485 705.2921887758608 1.1769177791606222 708.5045030546942 2.6033112397024927 2.576587202413948 690.940958282869 
215.00006961852245 1.3422136975024308E-90 49.60049349634306 1.1726426511824475 705.9308760118338 0.0 0.0 272.0 270.03456600507315 2.5953326650540522 705.9304848947023 1.1795865183788181 710.1110840640523 2.6297043914396925 2.576587202413948 690.940958282869 
216.00063481543623 1.410278116230906E-90 49.60049349634306 1.1749175759121098 707.3003806990896 0.0 0.0 272.0 270.6509970420648 2.600367632603638 707.2999960681892 1.1854263430954848 713.6266585434882 2.636704340064101 2.576587202413948 690.940958282869 
217.00004826565865 1.6022504185366364E-90 49.59057438958476 1.1767354541236223 708.3947433824209 0.0 0.0 272.0 267.6592810617949 2.6043911113708633 708.3943822928753 1.162542854544491 699.8507984357882 2.6147077570391164 2.5766794202268826 681.5034956675019 
218.0007634499406 1.410278116230906E-90 49.57294531959503 1.1779114513743043 709.1026937273305 0.0 0.0 273.0 270.7262016840641 2.597444783811338 709.1024259804952 1.185907347834724 713.9162233964989 2.6370414793823134 2.5766794202268826 681.5034956675019 
219.0005686252423 1.277377506007269E-90 49.57294531959503 1.17878424068191 709.6281128905096 0.0 0.0 272.0 269.82136199896 2.6089256407171275 709.627774275059 1.1738744652046345 706.6724280531807 2.6190381029056717 2.636578541025568 707.1091641397986 
220.00003683866095 1.309401632578679E-90 49.50771722618049 1.1785239161349688 709.4713975132507 0.0 0.0 272.0 270.0059988266187 2.6083494886803895 709.4710609210658 1.1821180020248736 711.6350372189684 2.6356267650036056 2.5766794202268826 681.5034956675019 
221.00013691080218 1.309401632578679E-90 49.50771722618049 1.1800525238031248 710.3916193294813 0.0 0.0 272.0 268.2307587462703 2.61173269592106 710.3912932905283 1.1700907032349446 704.3946033474277 2.626076914667872 2.5766794202268826 681.5034956675019 
222.00087277078768 1.472071016164549E-90 49.495616818742974 1.1777104171145891 708.9816711029824 0.0 0.0 272.0 270.7538785355874 2.6065490731581056 708.9813478990048 1.176059456732058 707.9877929526912 2.614875904204765 2.6147077570391164 699.8507984357882 
223.00029960258104 1.472071016164549E-90 49.37614682927745 1.1797115269967675 710.1863392520544 0.0 0.0 272.0 255.48327643587874 2.610978063905449 710.1860333822823 1.1226356605165784 675.8266676309792 2.64528730435551 2.6370414793823134 713.9162233964989 
224.00110638943778 2.1580468944052753E-90 49.21511457867624 1.1840293324293194 712.7856581224498 0.0 0.0 273.0 261.0922548627104 2.6109353872946803 712.7853607314472 1.1367478519684198 684.3222068849869 2.6209977283501678 2.6190381029056717 706.6724280531807 
225.00022156751507 1.6723433047497483E-90 49.19297275939991 1.184479455567234 713.0566322514744 0.0 0.0 274.0 267.6027769289054 2.6023956024637758 713.0563950750742 1.1756321059600314 707.7305277879457 2.644705469465176 2.6356267650036056 711.6350372189684 
226.00010765712966 1.9541574969936537E-90 49.19297275939991 1.184596852390662 713.1273051391788 0.0 0.0 273.0 269.8099004580238 2.6121871022882117 713.1270789246817 1.1886757014861595 715.5827722946784 2.652173886428629 2.614875904204765 707.9877929526912 
227.00012507570702 1.3710257093955221E-90 49.19297275939991 1.1818374394533828 711.4661385509359 0.0 0.0 273.0 268.01933342138415 2.606102135106767 711.4658828841475 1.168829028788297 703.6350753305583 2.6253146231965747 2.64528730435551 675.8266676309792 
228.0000288028144 1.7692167427031653E-90 49.133976596872486 1.1869773548597717 714.5603676255828 0.0 0.0 272.0 268.0820658329795 2.6270592940544155 714.5601279828009 1.1643584858476428 700.9438084802773 2.6146613213469467 2.64528730435551 675.8266676309792 
229.00123043955654 1.562065763678976E-90 49.037986263845056 1.184019196407623 712.7795562373882 0.0 0.0 273.0 267.6557941039313 2.6109134789650295 712.7793797574528 1.1589905174605957 697.7122915112755 2.6067520557404866 2.6209977283501678 684.3222068849869 
230.00007671300855 2.1183841339893193E-90 48.911740019972505 1.1856863519381369 713.7831838667583 0.0 0.0 273.0 266.35660819973816 2.614589793829952 713.7830137155769 1.1577300806390667 696.9535085447217 2.6166180492210023 2.652173886428629 715.5827722946784 
231.00051515994642 1.9173044433703508E-90 48.97591080393613 1.1871473156233878 714.6626840052796 0.0 0.0 273.0 267.4825353141211 2.6178114404204904 714.6625232347938 1.1810559122937174 710.9956592008178 2.658101241510412 2.6253146231965747 703.6350753305583 
232.00036329128787 1.965742946707906E-90 48.94245536346681 1.1851264283346392 713.4461098574525 0.0 0.0 273.0 264.24978989101317 2.613355154290709 713.445957121363 1.168975960629987 703.7235282992441 2.663099670162413 2.6146613213469467 700.9438084802773 
233.00050094332727 1.9173044433703508E-90 48.91744672236202 1.1817269221613809 711.3996071411516 0.0 0.0 272.0 263.5342511863397 2.615439027984634 711.3994156118207 1.1539693448834878 694.6895456198621 2.63605031411519 2.6146613213469467 700.9438084802773 
234.0006993167413 1.965742946707906E-90 48.778230476602964 1.180601181598713 710.7219113224255 0.0 0.0 272.0 268.2802113610245 2.612947539498242 710.7217307435219 1.1722054959867196 705.6677085840141 2.6303382758052085 2.6067520557404866 697.7122915112755 
235.0005690668116 1.965742946707906E-90 48.812929554237854 1.1801956620044411 710.4777885266727 0.0 0.0 272.0 265.167951496996 2.612050056095375 710.4776152579415 1.1612887878934652 699.0958503118629 2.6364266358929984 2.6166180492210023 696.9535085447217 
236.00026057438322 2.5765702466170324E-90 48.50880013898792 1.1814773472027909 711.2493630160795 0.0 0.0 272.0 266.83077249432205 2.614886751218712 711.2491963314895 1.1609762512574955 698.9077032570129 2.6192919831684147 2.658101241510412 710.9956592008178 
237.00004317299545 4.284070449198668E-90 48.544655997451244 1.1821205361300784 711.636562750307 0.0 0.0 272.0 266.8139661130221 2.616310293613734 711.6363998629361 1.172961401089038 706.1227634556043 2.646498508839269 2.63605031411519 694.6895456198621 
238.00029868206292 4.996218742765153E-90 48.544655997451244 1.1817059631715245 711.3869898292579 0.0 0.0 272.0 266.60308392706406 2.6153927578204046 711.3868301271502 1.1682156787982203 703.2658386365283 2.637875857538558 2.63605031411519 694.6895456198621 
239.00017232204695 4.688952231536882E-90 48.544655997451244 1.182030323948401 711.5822550169366 0.0 0.0 272.0 266.9670123520688 2.6161106850801343 711.5821063417962 1.1583392294297858 697.3202161167272 2.612008914408947 2.6303382758052085 705.6677085840141 
240.00085526609723 3.8355784727377352E-90 48.544655997451244 1.1821732455000709 711.6682937910427 0.0 0.0 272.0 268.64577398488893 2.6164270429214467 711.6681556746336 1.1657110068475913 701.7580261222452 2.61220571503097 2.6364266358929984 699.0958503118629 
241.00003373991288 3.8355784727377352E-90 48.350865213707586 1.1817193394534307 711.3950423509644 0.0 0.0 272.0 264.9203394627921 2.6154224628789513 711.3949099030742 1.1383044043625234 685.2592514262443 2.586661533107723 2.6192919831684147 698.9077032570129 
242.0001452040217 6.371194237442467E-90 48.32857523201692 1.1805993602699394 710.7208148825031 0.0 0.0 273.0 263.3737184764292 2.603372472223157 710.7206849169216 1.1417203740425392 687.3156651736018 2.6096592672556795 2.646498508839269 706.1227634556043 
243.00004386619727 8.01077035314483E-90 48.43474605581664 1.1779191710508707 709.1073409726242 0.0 0.0 273.0 260.8671179358986 2.5974623371493757 709.1072180417793 1.1286230952174143 679.4311033208841 2.6045103296147767 2.637875857538558 703.2658386365283 
244.00029395062583 7.057707371199075E-90 48.618337920658824 1.1785523050958486 709.4884876677002 0.0 0.0 273.0 266.87569561642624 2.5988584854105543 709.4883665170805 1.1670905182593512 702.5884919921234 2.632643225038882 2.612008914408947 697.3202161167272 
245.00010584002757 9.092129531293277E-90 48.682123769579825 1.179468162989288 710.0398341195512 0.0 0.0 272.0 265.23154633896274 2.6104401470053333 710.0397199854509 1.1558075835143542 695.7961652756419 2.6233537257533563 2.61220571503097 701.7580261222452 
246.0004486203206 7.057707371199075E-90 48.658329437177414 1.1819016439294154 711.5047896455075 0.0 0.0 272.0 271.69357141145355 2.61582603578195 711.5046817326902 1.2192396599779656 733.9822753067427 2.7015077003614407 2.586661533107723 685.2592514262443 
247.00010865800306 7.057707371199075E-90 48.658329437177414 1.183185671726071 712.2777743790942 0.0 0.0 272.0 266.1085452643271 2.6186678980216644 712.2776682618924 1.1723179389061804 705.7353992215233 2.652058386627578 2.6096592672556795 687.3156651736018 
248.0006240455607 7.057707371199075E-90 48.76549560150894 1.1849109294193128 713.3163795104265 0.0 0.0 272.0 268.75984112568153 2.622486301253836 713.3162739410438 1.2006438805075264 722.7876160655313 2.6893438135630183 2.6045103296147767 679.4311033208841 
249.00073819504345 5.913822965220683E-90 48.921523346354576 1.1802754317849693 710.5258099345511 0.0 0.0 272.0 266.6460554035687 2.612226866246646 710.5257076190875 1.1751854134482014 707.4616188958148 2.653186141550348 2.632643225038882 702.5884919921234 
250.00123043955654 6.065317742172947E-90 49.06441941141489 1.1772141591618204 708.6829238154158 0.0 0.0 273.0 264.47480878708103 2.5959078649600813 708.682847134102 1.1576304838066722 696.8935512516125 2.63500918838987 2.6233537257533563 695.7961652756419 
251.00036134670881 8.324227708546333E-90 49.06987131659651 1.1751000600494093 707.4102361497438 0.0 0.0 273.0 268.4609735891956 2.5912460070390946 707.4101599216729 1.169903103068673 704.281668047346 2.6234042834287417 2.7015077003614407 733.9822753067427 
252.00087785622975 0.0 0.0 0.0 0.0 0.0 0.0 273.0 271.2343237356287 0.0 0.0 1.119919710171253 674.1916655230987 2.4856428796977452 2.652058386627578 705.7353992215233 
253.0005969380922 0.0 0.0 0.0 0.0 0.0 0.0 273.0 263.5914300770304 0.0 0.0 0.6269254828176108 377.40914065620507 1.4317959447540205 2.6893438135630183 722.7876160655313 
254.00009269558547 0.0 0.0 0.0 0.0 0.0 0.0 273.0 267.6854502198117 0.0 0.0 0.2051550597449451 123.50334596645602 0.4613748930509313 2.653186141550348 707.4616188958148 
255.00021246823786 0.0 0.0 0.0 0.0 0.0 0.0 273.0 270.83743837476607 0.0 0.0 0.040412498330495476 24.328323994958392 0.08982629632353317 2.63500918838987 696.8935512516125 
256.00005989618916 0.0 0.0 0.0 0.0 0.0 0.0 274.0 268.11262703177624 0.0 0.0 0.0065822022309702756 3.9624857430441467 0.014779183609933149 2.6234042834287417 704.281668047346 
257.0000380821127 0.0 0.0 0.0 0.0 0.0 0.0 274.0 271.198779907862 0.0 0.0 0.0018010788503850382 1.0842494679317969 0.003997988000905327 2.4856428796977452 674.1916655230987 
258.0003909598565 0.0 0.0 0.0 0.0 0.0 0.0 274.0 269.52716147099466 0.0 0.0 0.0013826094175430654 0.8323308693609309 0.0030881149967162133 1.4317959447540205 377.40914065620507 
259.00014912678625 0.0 0.0 0.0 0.0 0.0 0.0 274.0 269.8830454448335 0.0 0.0 0.001286962246049595 0.7747512721218579 0.0028706926396390615 0.4613748930509313 123.50334596645602 
260.00024210185916 0.0 0.0 0.0 0.0 0.0 0.0 274.0 267.58943613348106 0.0 0.0 2.670059056230216E-4 0.16073755518506003 6.006872225885617E-4 0.08982629632353317 24.328323994958392 
261.0000630897302 0.0 0.0 0.0 0.0 0.0 0.0 274.0 271.78530213251577 0.0 0.0 5.3171954811212086E-5 0.03200951679634998 1.1777501044093596E-4 0.014779183609933149 3.9624857430441467 
262.0003178447025 0.0 0.0 0.0 0.0 0.0 0.0 275.0 269.4769980195788 0.0 0.0 8.744304505971902E-6 0.005264071312595122 1.953439941546574E-5 0.003997988000905327 1.0842494679317969 
263.00045851426427 0.0 0.0 0.0 0.0 0.0 0.0 275.0 269.03934676164545 0.0 0.0 5.215499041172698E-6 0.0031397304227859892 1.1670153308718905E-5 0.0030881149967162133 0.8323308693609309 
264.0000042141823 0.0 0.0 0.0 0.0 0.0 0.0 275.0 270.03738368550165 0.0 0.0 4.976939058227642E-6 0.0029961173130530596 1.1095194569587743E-5 0.0028706926396390615 0.7747512721218579 
265.00036483629043 0.0 0.0 0.0 0.0 0.0 0.0 275.0 267.7038096054857 0.0 0.0 4.965646093857738E-6 0.002989318948502341 1.1166516281212776E-5 6.006872225885617E-4 0.16073755518506003 
266.0007980160923 0.0 0.0 0.0 0.0 0.0 0.0 275.0 272.27370184815123 0.0 0.0 7.456495787359546E-7 4.488810463990493E-4 1.6486390104961115E-6 1.1777501044093596E-4 0.03200951679634998 
267.0001667455846 0.0 0.0 0.0 0.0 0.0 0.0 274.0 271.952178658639 0.0 0.0 1.7614653303759296E-9 1.0604021288863187E-6 3.899222775550408E-9 1.953439941546574E-5 0.005264071312595122 
268.0000909424243 0.0 0.0 0.0 0.0 0.0 0.0 273.0 265.4120854874 0.0 0.0 3.4801011126658805E-10 2.0950208698248361E-7 7.893464481760735E-10 1.1670153308718905E-5 0.0031397304227859892 
269.0010713004302 0.0 0.0 0.0 0.0 0.0 0.0 273.0 268.99748188318534 0.0 0.0 2.4078786107331403E-10 1.449542923661356E-7 5.388685847590326E-10 1.1095194569587743E-5 0.0029961173130530596 
270.0000128146501 0.0 0.0 0.0 0.0 0.0 0.0 275.0 268.7612298921069 0.0 0.0 2.6310598729798995E-11 1.5838980435338996E-8 5.893327858968903E-11 1.1166516281212776E-5 0.002989318948502341 
271.00011630327793 0.0 0.0 0.0 0.0 0.0 0.0 273.0 265.36150609310135 0.0 0.0 5.731807945140447E-12 3.450548382974536E-9 1.3003198669530919E-11 1.6486390104961115E-6 4.488810463990493E-4 
272.0002504977535 0.0 0.0 0.0 0.0 0.0 0.0 274.0 268.025806607056 0.0 0.0 5.243616997224561E-13 3.156657432329207E-10 1.1777438420163328E-12 3.899222775550408E-9 1.0604021288863187E-6 
273.00123043955654 0.0 0.0 0.0 0.0 0.0 0.0 275.0 267.7003109398315 0.0 0.0 -4.5047301335263683E-14 -2.7118475403828584E-11 -1.0130162086335322E-13 7.893464481760735E-10 2.0950208698248361E-7 
274.00031330506704 0.0 0.0 0.0 0.0 0.0 0.0 274.0 265.4227460649865 0.0 0.0 -1.0580963779745404E-13 -6.369740195406714E-11 -2.3998471456727137E-13 5.388685847590326E-10 1.449542923661356E-7 
275.0000147498797 0.0 0.0 0.0 0.0 0.0 0.0 273.0 270.5491735798968 0.0 0.0 -3.119283630143915E-14 -1.877808745346648E-11 -6.940729925357196E-14 5.893327858968903E-11 1.5838980435338996E-8 
276.00007835642987 0.0 0.0 0.0 0.0 0.0 0.0 272.0 267.1093948604894 0.0 0.0 -5.6208157420367344E-15 -3.3837310767060644E-12 -1.2667959801538914E-14 1.3003198669530919E-11 3.450548382974536E-9 
277.00046643195367 0.0 0.0 0.0 0.0 0.0 0.0 272.0 271.4546464634782 0.0 0.0 1.6168406518351918E-15 9.733380724047772E-13 3.585637914419458E-15 1.1777438420163328E-12 3.156657432329207E-10 
278.0001244162333 0.0 0.0 0.0 0.0 0.0 0.0 273.0 273.1980089300033 0.0 0.0 2.1669512176681954E-15 1.3045046330362685E-12 4.774941948315951E-15 -1.0130162086335322E-13 -2.7118475403828584E-11 
279.0000731280498 0.0 0.0 0.0 0.0 0.0 0.0 272.0 268.8696445326231 0.0 0.0 -1.6652607554515018E-16 -1.0024869747818103E-13 -3.7285241944081727E-16 -2.3998471456727137E-13 -6.369740195406714E-11 
280.00033373393666 0.0 0.0 0.0 0.0 0.0 0.0 274.0 269.6863340719207 0.0 0.0 -5.905386378405879E-16 -3.5550425998002964E-13 -1.3182138472215754E-15 1.3003198669530919E-11 3.450548382974536E-9 
281.0009447576043 0.0 0.0 0.0 0.0 0.0 0.0 274.0 267.91045507797725 0.0 0.0 -7.485678560362509E-16 -4.506378493338258E-13 -1.6820465226064598E-15 1.3003198669530919E-11 3.450548382974536E-9 
282.0000969467502 0.0 0.0 0.0 0.0 0.0 0.0 274.0 270.19484062814496 0.0 0.0 -1.9450033543369494E-16 -1.1708920193108528E-13 -4.333509909326101E-16 1.3003198669530919E-11 3.450548382974536E-9 
283.00015684926893 0.0 0.0 0.0 0.0 0.0 0.0 272.0 269.3872385678954 0.0 0.0 -1.1328082912968362E-16 -6.819505913606914E-14 -2.5314881097785004E-16 1.3003198669530919E-11 3.450548382974536E-9 
284.0004726848441 0.0 0.0 0.0 0.0 0.0 0.0 273.0 270.13791779645544 0.0 0.0 -3.2538489189166263E-17 -1.9588170491877872E-14 -7.251174012023459E-17 1.3003198669530919E-11 3.450548382974536E-9 
285.00033852318256 0.0 0.0 0.0 0.0 0.0 0.0 274.0 261.69201642162324 0.0 0.0 -2.4093154253059496E-18 -1.4504078860341882E-15 -5.542423134901349E-18 1.3003198669530919E-11 3.450548382974536E-9 
286.00123043955654 0.0 0.0 0.0 0.0 0.0 0.0 273.0 265.31359323131613 0.0 0.0 -5.830231085601385E-20 -3.5097991135320656E-17 -1.3228870299427193E-19 1.3003198669530919E-11 3.450548382974536E-9 
287.000478318395 0.0 0.0 0.0 0.0 0.0 0.0 271.0 269.70132376870635 0.0 0.0 -5.466143570933558E-22 -3.2906184297019736E-19 -1.2200972482152075E-21 1.3003198669530919E-11 3.450548382974536E-9 
288.000363242704 0.0 0.0 0.0 0.0 0.0 0.0 272.0 264.1243813497798 0.0 0.0 -4.8308567099106555E-24 -2.9081757393661865E-21 -1.1010629630268364E-23 -2.5314881097785004E-16 -6.819505913606914E-14 
289.000122276369 0.0 0.0 0.0 0.0 0.0 0.0 272.0 268.9272069148468 0.0 0.0 -2.5400349364403487E-25 -1.5291010317371043E-22 -5.68592910058847E-25 -7.251174012023459E-17 -1.9588170491877872E-14 
290.0005353167783 0.0 0.0 0.0 0.0 0.0 0.0 271.0 261.24970721016086 0.0 0.0 -2.215077905270396E-25 -1.3334768989727744E-22 -5.104223515550455E-25 -7.251174012023459E-17 -1.9588170491877872E-14 
291.00023246078376 0.0 0.0 0.0 0.0 0.0 0.0 273.0 265.48983308452273 0.0 0.0 -2.285179833161694E-25 -1.3756782595633268E-22 -5.181660794993075E-25 -7.251174012023459E-17 -1.9588170491877872E-14 
292.00041650105476 0.0 0.0 0.0 0.0 0.0 0.0 272.0 259.585771054668 0.0 0.0 -2.2411850003746042E-25 -1.3491933702255128E-22 -5.197485843480137E-25 -7.251174012023459E-17 -1.9588170491877872E-14 
293.00123043955654 0.0 0.0 0.0 0.0 0.0 0.0 272.0 264.79570114780296 0.0 0.0 -2.27193530288866E-25 -1.3677050523389704E-22 -5.165133143817726E-25 -7.251174012023459E-17 -1.9588170491877872E-14 
294.0000392047332 0.0 0.0 0.0 0.0 0.0 0.0 273.0 263.98583194608176 0.0 0.0 -2.2698843874402377E-25 -1.3664704012390159E-22 -5.176302043050981E-25 -5.68592910058847E-25 -1.5291010317371043E-22 
295.0001512597687 0.0 0.0 0.0 0.0 0.0 0.0 275.0 264.02391400164 0.0 0.0 -8.338630684723139E-26 -5.01985567220336E-23 -1.901288256855468E-25 -5.104223515550455E-25 -1.3334768989727744E-22 
296.0000688887781 0.0 0.0 0.0 0.0 0.0 0.0 274.0 268.5023169546325 0.0 0.0 -1.011961949979272E-26 -6.092010938875217E-24 -2.2688857988158643E-26 -5.181660794993075E-25 -1.3756782595633268E-22 
297.0005742773103 0.0 0.0 0.0 0.0 0.0 0.0 273.0 269.6158536848224 0.0 0.0 -3.6207324190322694E-29 -2.1796809162574044E-26 -8.084394468900276E-29 -5.197485843480137E-25 -1.3491933702255128E-22 
298.00009292812047 0.0 0.0 0.0 0.0 0.0 0.0 273.0 266.48825330904054 0.0 0.0 -4.6716622520404856E-33 -2.8123406757283895E-30 -1.0553338245896265E-32 -5.165133143817726E-25 -1.3677050523389704E-22 
299.0002302665078 0.0 0.0 0.0 0.0 0.0 0.0 273.0 270.815811579917 0.0 0.0 3.18557614649407E-37 1.9177168401894446E-34 7.0812587677272E-37 -5.165133143817726E-25 -1.3677050523389704E-22 
300.0003366460302 0.0 0.0 0.0 0.0 0.0 0.0 273.0 272.15104059652646 0.0 0.0 2.8398796290653923E-37 1.7096075366973877E-34 6.28183354709983E-37 -5.165133143817726E-25 -1.3677050523389704E-22 
#####################################################################
# End of data export. Simulation finished at: 2021-12-09T08:55+0000 #
#####################################################################
