#####################################################################
# Alchemist log file - simulation started at: 2021-12-09T08:43+0000 #
#####################################################################
# random = 0.0
#
# The columns have the following meaning: 
# time localWarningInSystem[Min] localWarningInSystem[Max] localWarningInSystem[Mean] localWarningInSystem[Sum] meanWarningAtDetector[Sum] dataAtCollector[Sum] inSurveillanceArea[Sum] numDevicesAtDetector[Sum] localWarningInSurveillanceArea[Mean] localWarningInSurveillanceArea[Sum] sumWarningAtDetector[Mean] sumWarningAtDetector[Sum] meanWarningOverallAtDetector[Sum] meanWarningAtCollector[Sum] sumWarningAtCollector[Sum] 
0.0 0.0 0.0 0.0 0.0 0.0 0.0 0.0 0.0 0.0 0.0 0.0 0.0 0.0 0.0 0.0 
1.0011337332612453 0.0 0.0 0.0 0.0 0.0 0.0 107.0 1.0 0.0 0.0 0.0 0.0 0.0 0.0 0.0 
2.0 0.0 0.0 0.0 0.0 0.0 0.0 266.0 10.934544255554378 0.0 0.0 0.0 0.0 0.0 0.0 0.0 
3.0000041531845327 0.0 0.0 0.0 0.0 0.0 0.0 276.0 51.74443998890534 0.0 0.0 0.0 0.0 0.0 0.0 0.0 
4.000278185647672 0.0 0.0 0.0 0.0 0.0 0.0 276.0 116.32143489106822 0.0 0.0 0.0 0.0 0.0 0.0 0.0 
5.0001686710170326 0.0 0.0 0.0 0.0 0.0 0.0 276.0 179.9145156367519 0.0 0.0 0.0 0.0 0.0 0.0 0.0 
6.000451693185105 0.0 0.0 0.0 0.0 0.0 0.0 276.0 229.03609133991952 0.0 0.0 0.0 0.0 0.0 0.0 0.0 
7.000016828847453 0.0 0.0 0.0 0.0 0.0 0.0 276.0 258.3276045681976 0.0 0.0 0.0 0.0 0.0 0.0 0.0 
8.000571006658717 0.0 0.0 0.0 0.0 0.0 0.0 275.0 265.33223501137854 0.0 0.0 0.0 0.0 0.0 0.0 0.0 
9.000007545718553 0.0 0.0 0.0 0.0 0.0 0.0 275.0 268.72761732864905 0.0 0.0 0.0 0.0 0.0 0.0 0.0 
10.000424101053808 0.0 0.0 0.0 0.0 0.0 0.0 275.0 268.54642494165165 0.0 0.0 0.0 0.0 0.0 0.0 0.0 
11.000168954146195 0.0 0.0 0.0 0.0 0.0 0.0 275.0 267.90319001538097 0.0 0.0 0.0 0.0 0.0 0.0 0.0 
12.000047825378157 0.0 0.0 0.0 0.0 0.0 0.0 275.0 271.41430178994773 0.0 0.0 0.0 0.0 0.0 0.0 0.0 
13.000688526899092 0.0 0.0 0.0 0.0 0.0 0.0 276.0 272.68169530953145 0.0 0.0 0.0 0.0 0.0 0.0 0.0 
14.000692981670337 0.0 0.0 0.0 0.0 0.0 0.0 276.0 272.290533550181 0.0 0.0 0.0 0.0 0.0 0.0 0.0 
15.000443366758534 0.0 0.0 0.0 0.0 0.0 0.0 276.0 266.16950043508143 0.0 0.0 0.0 0.0 0.0 0.0 0.0 
16.000031753339442 0.0 0.0 0.0 0.0 0.0 0.0 276.0 273.1675888756917 0.0 0.0 0.0 0.0 0.0 0.0 0.0 
17.000163441022146 0.0 0.0 0.0 0.0 0.0 0.0 276.0 274.5123497007969 0.0 0.0 0.0 0.0 0.0 0.0 0.0 
18.000021242852508 0.0 0.0 0.0 0.0 0.0 0.0 276.0 269.7132943377732 0.0 0.0 0.0 0.0 0.0 0.0 0.0 
19.00048887907138 0.0 0.0 0.0 0.0 0.0 0.0 276.0 274.6346690501372 0.0 0.0 0.0 0.0 0.0 0.0 0.0 
20.0002980051732 0.0 0.0 0.0 0.0 0.0 0.0 276.0 272.91145751915997 0.0 0.0 0.0 0.0 0.0 0.0 0.0 
21.000275667357748 0.0 0.0 0.0 0.0 0.0 0.0 275.0 268.77880474128824 0.0 0.0 0.0 0.0 0.0 0.0 0.0 
22.000252650860958 0.0 0.0 0.0 0.0 0.0 0.0 275.0 269.505927416918 0.0 0.0 0.0 0.0 0.0 0.0 0.0 
23.000039475013978 0.0 0.0 0.0 0.0 0.0 0.0 276.0 273.1392311786301 0.0 0.0 0.0 0.0 0.0 0.0 0.0 
24.000288046254994 0.0 0.0 0.0 0.0 0.0 0.0 275.0 272.3391117877054 0.0 0.0 0.0 0.0 0.0 0.0 0.0 
25.000675620340036 0.0 0.0 0.0 0.0 0.0 0.0 276.0 267.7637904376903 0.0 0.0 0.0 0.0 0.0 0.0 0.0 
26.000079007260368 0.0 0.0 0.0 0.0 0.0 0.0 276.0 271.8562554621101 0.0 0.0 0.0 0.0 0.0 0.0 0.0 
27.00052348283529 0.0 0.0 0.0 0.0 0.0 0.0 276.0 270.3442348163557 0.0 0.0 0.0 0.0 0.0 0.0 0.0 
28.00059894297961 0.0 0.0 0.0 0.0 0.0 0.0 276.0 269.6814044028823 0.0 0.0 0.0 0.0 0.0 0.0 0.0 
29.000096116211814 0.0 0.0 0.0 0.0 0.0 0.0 276.0 265.8812396472531 0.0 0.0 0.0 0.0 0.0 0.0 0.0 
30.001133733261245 0.0 4.837626519965903E-7 8.035924451770536E-10 4.837626519965903E-7 0.0 0.0 276.0 268.16720081458305 1.7527632318716992E-9 4.837626519965903E-7 0.0 0.0 0.0 0.0 0.0 
31.0010296832284 2.0658310302498848E-97 46.88123317596741 1.0009931056936483 602.5978496275762 0.0 0.0 276.0 272.08179803153007 2.182948619195051 602.4938188978341 9.65440134026564E-4 0.581194960683988 0.0021361037926419337 0.0 0.0 
32.00001812315052 3.097718630140242E-97 46.88123317596741 1.000623317477595 602.3752371215124 0.0 0.0 277.0 271.4991634980295 2.1742845473758563 602.2768196231124 0.06950996962931347 41.84500171684714 0.15412571139340123 0.0 0.0 
33.00041059358714 3.097718630140242E-97 46.88123317596741 1.002301947140101 603.3857721783407 0.0 0.0 277.0 271.5721070640328 2.1779381793452792 603.2888756786422 0.38179408521027536 229.84003929658326 0.8463315389101808 0.0 0.0 
34.00058092557244 3.097718630140242E-97 46.24102771891317 1.00334691554821 604.0148431600223 0.0 0.0 278.0 274.45200066025143 2.172389000062257 603.9241420173074 0.7646490605017062 460.3187344220284 1.6772285620605274 0.0 0.0 
35.00046847974142 3.097718630140242E-97 46.18018376341422 1.0027586809077738 603.6607259064796 0.0 0.0 277.0 273.0373704282835 2.1789636631553146 603.5729346940218 0.9344080414960095 562.5136409805948 2.060207509683535 0.0 0.0 
36.00036227986497 3.719867825999571E-97 46.18018376341422 1.0040807313398479 604.4566002665885 0.0 0.0 276.0 275.855165273052 2.1895475583456445 604.315126103398 0.992488566477602 597.4781170195206 2.1659123780702596 0.0 0.0 
37.00018676473856 6.093696057525144E-97 46.18018376341422 1.005553525022957 605.3432220638203 0.0 0.0 276.0 276.5374919059583 2.192779803429137 605.207225746442 1.0064776883137065 605.8995683648462 2.1910214205996112 0.15412571139340123 41.84500171684714 
38.000490973667034 5.696674488168269E-97 46.217142692013695 1.0060045891404856 605.6147626625732 0.0 0.0 277.0 278.51607782302415 2.185852651920274 605.4811845819162 1.0171745600488025 612.3390851493843 2.198577151939068 0.8463315389101808 229.84003929658326 
39.00000384791714 5.222127070900142E-97 46.21303468413917 1.0060453234475764 605.639284715441 0.0 0.0 277.0 272.3313824454688 2.1859658291761015 605.5125346817804 0.9971268948030222 600.2703906714255 2.2041910310928734 1.6772285620605274 460.3187344220284 
40.00039627941483 5.987285497564405E-97 46.21611565580777 1.0082541799755207 606.9690163452638 0.0 0.0 277.0 274.3235274496407 2.1907713612982285 606.8436670796093 1.0082082214629475 606.9413493206954 2.2125019861160666 2.060207509683535 562.5136409805948 
41.00000471480915 6.253966576749612E-97 46.21611565580777 1.0072475398180762 606.3630189704819 0.0 0.0 277.0 273.92017736286084 2.1885945779269056 606.2406980857527 0.9996317034388406 601.7782854701753 2.1969111266783474 2.1659123780702596 597.4781170195206 
42.00019519214937 5.129454140320555E-97 46.21611565580777 1.0081859490710907 606.9279413407966 0.0 0.0 277.0 268.6898336552156 2.19063447138235 606.8057485729107 0.9963370378506045 599.794896786061 2.2322947192550706 2.1910214205996112 605.8995683648462 
43.000012201703804 4.91006969950819E-97 46.21611565580777 1.0081557837053985 606.9097817906502 0.0 0.0 275.0 270.29294668490525 2.206507794768866 606.7896435614384 0.9868893749676075 594.1074037305042 2.198012974504609 2.198577151939068 612.3390851493843 
44.00070389530856 7.353831503522242E-97 46.09303685870507 1.0069793295678535 606.2015563998476 0.0 0.0 275.0 265.3947881637306 2.203944449111547 606.0847235056751 0.9864916551171885 593.8679763805535 2.2376776141292467 2.2041910310928734 600.2703906714255 
45.000879013897354 7.682404479256207E-97 46.09303685870507 1.0065749497160097 605.9581197290383 0.0 0.0 277.0 274.70999450742096 2.1871632241986463 605.8442131030253 1.015141967827763 611.115464632307 2.2245840226093354 2.2125019861160666 606.9413493206954 
46.0001113359989 1.0753573704307472E-96 45.9052073710791 1.0103508306140119 608.2312000296349 0.0 0.0 276.0 277.82756101312316 2.203324222803526 608.117485493773 1.0246402133187478 616.8334084178917 2.2202023664194916 2.1969111266783474 601.7782854701753 
47.00022042937952 1.00542883813043E-96 45.9052073710791 1.0123383128925083 609.4276643612906 0.0 0.0 276.0 272.7326440258398 2.207659970804119 609.3141519419371 1.0029108597645775 603.7523375782807 2.213714972532143 2.1969111266783474 601.7782854701753 
48.00000915232883 1.2612917288316733E-96 45.899852075948814 1.012969898883288 609.8078791277402 0.0 0.0 275.0 271.40528523453224 2.2170862604064765 609.6987216117817 1.004982721347532 604.9995982512232 2.229137128735053 2.1969111266783474 601.7782854701753 
49.000176058231105 1.0817327516457436E-96 45.88990818529224 1.0125371098429772 609.547340125473 0.0 0.0 275.0 277.3753513981929 2.216146647078051 609.4403279464647 1.001073851476059 602.646458588586 2.172674880989848 2.1969111266783474 601.7782854701753 
50.000039855527014 1.2647720810647962E-96 45.89373250364362 1.016221928970099 611.7656012399995 0.0 0.0 276.0 273.0042124983793 2.21615745984438 611.6594589170492 1.0014565005487128 602.876813330326 2.2083059005322307 2.2245840226093354 611.115464632307 
51.00113373326124 1.8144471519698906E-96 45.89373250364362 1.0182481867522664 612.9854084248647 0.0 0.0 275.0 273.64648987895265 2.228667116773511 612.883457112716 1.0126837656527206 609.6356269229312 2.2278218412105457 2.2202023664194916 616.8334084178917 
52.000262852657464 1.6247665682408945E-96 45.89373250364362 1.0199209873371802 613.9924343769824 0.0 0.0 274.0 277.42747972243274 2.2404779838109703 613.8909675642059 1.0165619782814537 611.9703109254332 2.2058748885932706 2.2202023664194916 616.8334084178917 
53.00047899377112 1.661082852776755E-96 45.86951720222447 1.025531875090946 617.3701888047493 0.0 0.0 274.0 272.07990289617675 2.2528191852877346 617.2724567688392 0.9911980165505343 596.701205963417 2.19311018422082 2.229137128735053 604.9995982512232 
54.000003302929976 2.483667696069265E-96 45.814252270068444 1.0283447958780396 619.0635671185801 0.0 0.0 274.0 274.747190415747 2.259003106102309 618.9668510720328 1.0061892400211387 605.7259224927321 2.204666484764225 2.229137128735053 604.9995982512232 
55.000141778465185 2.2733340275238283E-96 45.622996304081674 1.0286464406443858 619.2451572679204 0.0 0.0 275.0 271.06095331166006 2.2514613596839617 619.1518739130895 1.009709350251199 607.8450288512195 2.242466210735754 2.229137128735053 604.9995982512232 
56.00003236687049 1.820748150780273E-96 45.68716704715822 1.0279286658117563 618.8130568186773 0.0 0.0 275.0 270.81201638265 2.249890530584207 618.7198959106571 1.0036891653338285 604.2208775309647 2.2311450045747496 2.229137128735053 604.9995982512232 
57.00014828404318 1.7030671338255016E-96 45.49340861554986 1.0299793729058775 620.0475824893383 0.0 0.0 275.0 271.2827534731156 2.254383804171623 619.9555461471966 1.006534367965339 605.9336895151382 2.2335872139221227 2.229137128735053 604.9995982512232 
58.000385106014654 1.4895848969769983E-96 45.68716704715822 1.0317032981435335 621.0853854824072 0.0 0.0 276.0 267.9444229335788 2.249975242400549 620.9931669025516 1.0154513929950597 611.3017385830207 2.2814497569690313 2.229137128735053 604.9995982512232 
59.000655928579434 1.8211730415837209E-96 45.68716704715822 1.0345335140142329 622.7891754365683 0.0 0.0 275.0 270.55353553849096 2.264371074738734 622.702045553152 1.0078451511480893 606.7227809911533 2.2425239418275367 2.229137128735053 604.9995982512232 
60.00019546553725 2.380482133032423E-96 45.29594208917647 1.0361005063174846 623.7325048031255 0.0 0.0 274.0 264.73701314080506 2.2760823625775717 623.6465673462545 0.9764838606583585 587.8432841163385 2.2204801555409395 2.229137128735053 604.9995982512232 
61.00000279808963 1.9899371275607154E-96 45.36217286688208 1.0389487442316623 625.4471440274608 0.0 0.0 276.0 275.49516006995725 2.265810859439895 625.3637972054113 1.051571702359147 633.0461648202064 2.2978485889169713 2.2311450045747496 604.2208775309647 
62.00041115892603 2.4849926720345276E-96 44.95874212958492 1.041925926315379 627.2394076418584 0.0 0.0 278.0 266.84807308525865 2.2559647668141065 627.158205174322 1.004504159072532 604.7115037616679 2.2661265519742426 2.2335872139221227 605.9336895151382 
63.00098010051367 2.220274466720778E-96 45.02698129004675 1.043861362041738 628.4045399491267 0.0 0.0 276.0 274.05826053860216 2.2765433576157714 628.3259667019535 1.0452998034910193 629.2704817015917 2.2961193742706274 2.2335872139221227 605.9336895151382 
64.00022511739601 2.3226753994292695E-96 44.92129211744371 1.04845877945062 631.1721852292734 0.0 0.0 277.0 277.2304787911333 2.2783293544901744 631.0972311937785 1.064281562909779 640.6975008716865 2.3110644387495034 2.2335872139221227 605.9336895151382 
65.00021062449335 1.811546357635893E-96 44.87714122461487 1.0492256101984576 631.6338173394713 0.0 0.0 276.0 276.51568086479193 2.288258486540314 631.5593422851265 1.0597122091946167 637.946749935157 2.3070906790530055 2.2335872139221227 605.9336895151382 
66.0000494419459 1.811546357635893E-96 44.17954478592597 1.0501813118452286 632.209149730828 0.0 0.0 277.0 275.26030397095616 2.2820837567603527 632.1372006226178 1.0759442158035715 647.7184179137544 2.3531123397367817 2.2335872139221227 605.9336895151382 
67.00008027267432 1.811546357635893E-96 43.55178906657896 1.051342212184861 632.9080117352863 0.0 0.0 277.0 278.90546247300847 2.2846072663532477 632.8362127798493 1.0754528658807325 647.4226252601975 2.321297759891859 2.2335872139221227 605.9336895151382 
68.00038419080333 2.070756822360233E-96 43.17717047395634 1.0570389064766332 636.3374216989331 0.0 0.0 277.0 282.5292615711328 2.2969917363804195 636.2667109773759 1.1036791112308828 664.4148249609988 2.351667297278226 2.2335872139221227 605.9336895151382 
69.0002370350696 2.705393811951686E-96 43.25279667585594 1.0591623506221604 637.61573507454 0.0 0.0 276.0 290.40886090900034 2.309953744731318 637.5472335458431 1.1411635869560055 686.980479347518 2.3655630795741573 2.2335872139221227 605.9336895151382 
70.00024397587897 5.274073604322237E-96 43.25279667585594 1.060258258859591 638.2754718334738 0.0 0.0 277.0 289.29848426477344 2.303998076591618 638.2074672158782 1.1555106834530418 695.617431438728 2.4044973246457833 2.2335872139221227 605.9336895151382 
71.0007727721438 4.615318232889193E-96 42.77487011075395 1.0621624838369375 639.4218152698364 0.0 0.0 278.0 285.51640087465194 2.299848864508084 639.3579843332474 1.1465210767338787 690.2056881937882 2.4173941884928842 2.2335872139221227 605.9336895151382 
72.00014012195228 4.5119061357351835E-96 42.81481195938687 1.0642071336998071 640.6526944872842 0.0 0.0 277.0 281.15229212906735 2.312609782160086 640.592909658344 1.1045985143448247 664.9683056355894 2.3651534213006715 2.321297759891859 647.4226252601975 
73.00003400383979 6.442090144075208E-96 42.81481195938687 1.0648462734033945 641.0374565888434 0.0 0.0 277.0 276.0963350018268 2.314006640266925 640.979839353938 1.0575621080220368 636.6523890292594 2.3059067010978143 2.351667297278226 664.4148249609988 
74.00047460471623 5.372283463569687E-96 42.19589770076564 1.0647491124459212 640.9789656924444 0.0 0.0 277.0 272.3884720939009 2.3137970400837546 640.9217801031994 1.0429322790432813 627.8452319840524 2.304962567459956 2.3655630795741573 686.980479347518 
75.0004018656971 4.085808838021508E-96 42.19589770076564 1.0681354076810816 643.0175154240112 0.0 0.0 277.0 273.1041673065823 2.321161755508682 642.9618062759048 1.0688248462356285 643.4325574338466 2.3559968483071136 2.4044973246457833 695.617431438728 
76.00017420415499 3.401246332627329E-96 42.53907245352501 1.070204331520966 644.2630075756211 0.0 0.0 276.0 277.41174457127147 2.3340901770484384 644.2088888653685 1.0737945453965887 646.4243163287482 2.3301980863419125 2.4044973246457833 695.617431438728 
77.0000937630517 3.3240027712686765E-96 43.09808484543483 1.0733900237758853 646.1807943130832 0.0 0.0 276.0 273.5951686054203 2.3410443245292476 646.1282335700723 1.0656992131420975 641.5509263115482 2.3448912843808096 2.4044973246457833 695.617431438728 
78.00030877828559 3.3240027712686765E-96 43.397213225385386 1.0750332155028939 647.1699957327429 0.0 0.0 275.0 273.0572501928253 2.3531617131046234 647.1194711037717 1.0565067128998713 636.017041165727 2.329244291138909 2.3059067010978143 636.6523890292594 
79.00008285973978 5.2992439273146625E-96 43.29703325207666 1.0766078624304611 648.1179331831381 0.0 0.0 275.0 276.0551560584285 2.3566088374590044 648.0674303012262 1.0868811256226458 654.302437624835 2.37018734577212 2.304962567459956 627.8452319840524 
80.00042888206495 7.563559652388938E-96 43.238141267443076 1.0792067820019942 649.682482765201 0.0 0.0 276.0 271.55828754548753 2.3537430310440257 649.6330765681514 1.052617943281958 633.6760018557296 2.3334806224596822 2.3559968483071136 643.4325574338466 
81.00001931792566 7.563559652388938E-96 43.238141267443076 1.0869215871645466 654.3267954730568 0.0 0.0 276.0 277.4825503854123 2.370572409535869 654.2779850318996 1.096710923595363 660.2199760044138 2.3793206999409304 2.3301980863419125 646.4243163287482 
82.0000391104318 7.563559652388938E-96 43.3473351157114 1.0871193394168657 654.4458423289533 0.0 0.0 275.0 273.31757696914076 2.3796288876360254 654.3979440999068 1.0645195075418552 640.8407435401923 2.3446744649450304 2.3448912843808096 641.5509263115482 
83.00067303394859 9.001856391080228E-96 43.58543371509167 1.0895887201555838 655.9324095336616 0.0 0.0 277.0 275.1359099566185 2.3678180405756812 655.8855972394638 1.0865766099078327 654.1191191645224 2.3774400050784332 2.329244291138909 636.017041165727 
84.00023785039765 7.660527317760605E-96 43.93087825225201 1.0895536108865502 655.9112737537037 0.0 0.0 276.0 273.7827249191405 2.3763261521149786 655.8660179837339 1.1067483798235318 666.262524653773 2.4335447930491165 2.37018734577212 654.302437624835 
85.0009067435912 8.022389958199768E-96 43.873561473393465 1.0924173535944097 657.6352468638348 0.0 0.0 276.0 274.18542426785586 2.382572381954782 657.5899774195195 1.1200158430669573 674.2495375263095 2.4591005861333644 2.3334806224596822 633.6760018557296 
86.00009393338304 7.485638942378561E-96 44.11406037437018 1.0953411090312395 659.3953476368066 0.0 0.0 277.0 271.20505971688226 2.3803278051284575 659.350802020583 1.0883450908881243 655.1837447146492 2.4158241936880227 2.3793206999409304 660.2199760044138 
87.0000895130912 9.296639994898627E-96 44.19550139151264 1.096338901083969 659.9960184525493 0.0 0.0 277.0 270.040002461211 2.3825028725140793 659.9532956864 1.08516151953307 653.2672347589049 2.419149862260653 2.3446744649450304 640.8407435401923 
88.00002132849367 9.296639994898627E-96 44.6017459637856 1.0965236173498603 660.107217644616 0.0 0.0 277.0 269.73967758316104 2.3829066779190424 660.065149783575 1.0733609415391387 646.1632868065606 2.395507003627035 2.3774400050784332 654.1191191645224 
89.00005749401754 7.9033911983271E-96 44.558404227632906 1.0974016329339549 660.6357830262407 0.0 0.0 277.0 278.5029762832099 2.38481635838599 660.5941312729193 1.1213453721057343 675.049914007657 2.423851705344787 2.4335447930491165 666.262524653773 
90.00033195171555 1.2579305511370243E-95 44.83527543346924 1.1022200312724562 663.5364588260189 0.0 0.0 276.0 278.1868439570011 2.4039734856715747 663.4966820453549 1.1161982907107595 671.9513710078738 2.415467825328707 2.4335447930491165 666.262524653773 
91.00029787422118 1.1274544533829788E-95 44.83527543346924 1.103690703436854 664.421803468986 0.0 0.0 276.0 276.0943472516813 2.407186716234452 664.3835336807089 1.100076169566982 662.2458540793293 2.3986215606060237 2.4335447930491165 666.262524653773 
92.00019543913291 1.1274544533829788E-95 45.25569691913074 1.1064638054967422 666.0912109090392 0.0 0.0 278.0 272.9120141644175 2.395915146382857 666.0644106944344 1.096476083214656 660.0786020952202 2.4186498499019975 2.4335447930491165 666.262524653773 
93.00047667639735 1.9167462022169318E-95 45.647588655719105 1.1112629448039497 668.9802927719778 0.0 0.0 276.0 272.90442881764864 2.423712245856585 668.9445798564175 1.095382899946162 659.4205057675791 2.4163056225379025 2.4335447930491165 666.262524653773 
94.00011468336639 1.787668747691488E-95 45.78702633554684 1.1152367946138027 671.3725503575095 0.0 0.0 278.0 271.46080863543455 2.4149192298317614 671.3475458932298 1.1064199615174592 666.0648168335084 2.4536315948576495 2.423851705344787 675.049914007657 
95.00000843871902 2.3133863316199566E-95 45.78702633554684 1.1163345930641735 672.0334250246323 0.0 0.0 276.0 273.3929830770409 2.434779588781281 671.9991665036338 1.111733424231099 669.2635213871149 2.447990851317934 2.415467825328707 671.9513710078738 
96.0001268075435 2.1071464057260457E-95 45.78702633554684 1.118524386468879 673.3516806542652 0.0 0.0 276.0 269.42268935364996 2.439562740458529 673.3193163665544 1.0852816790841766 653.339570808678 2.4249612101195033 2.3986215606060237 662.2458540793293 
97.00016055593963 2.1071464057260457E-95 46.21123754559475 1.119901746344689 674.1808512995028 0.0 0.0 276.0 272.3390944122642 2.442571405526837 674.1497079254069 1.112305624938658 669.6079862130813 2.4587288419173317 2.4186498499019975 660.0786020952202 
98.00029173801164 1.8311324815466348E-95 46.4800415012383 1.121626314641905 675.2190414144267 0.0 0.0 276.0 270.862552628916 2.4463338548592324 675.1881439411478 1.1085953716410515 667.374413727915 2.463885861115042 2.4163056225379025 659.4205057675791 
99.00022326577621 2.469244900014213E-95 46.484173244330826 1.1240406440370594 676.6724677103099 0.0 0.0 276.0 273.27230352130755 2.4516035080640486 676.642568225677 1.1213047569843853 675.0254637046003 2.470156891153689 2.4536315948576495 666.0648168335084 
100.00064400714415 2.818427378198846E-95 46.44158227606557 1.1294073126264224 679.9032022011063 0.0 0.0 276.0 263.97658104014596 2.463310536420289 679.8737080519996 1.0673167851360599 642.5247046519132 2.434021617069876 2.447990851317934 669.2635213871149 
101.00006596702534 2.8854608221523796E-95 46.93022359913236 1.1308988908914608 680.8011323166589 0.0 0.0 277.0 271.0171961212595 2.4576641318711587 680.7729645283106 1.1260190149940081 677.8634470263918 2.5011824221039456 2.4249612101195033 653.339570808678 
102.00001450603052 4.055002420432782E-95 46.889828856851864 1.130275880878574 680.4260802889012 0.0 0.0 276.0 272.73052155157814 2.4652119083464985 680.3984867036337 1.1334789555492388 682.3543312406422 2.5019360772629806 2.4587288419173317 669.6079862130813 
103.00014132964462 4.055002420432782E-95 47.162318064542994 1.1361370244682865 683.9544887299081 0.0 0.0 277.0 263.3117174262186 2.469050138387085 683.9268883332229 1.0779544891253143 648.9286024534404 2.464488131392306 2.463885861115042 667.374413727915 
104.00040958675145 3.2778944632490375E-95 47.31347921107879 1.1393466846453686 685.8867041565117 0.0 0.0 278.0 269.4287285026703 2.4671208214100204 685.8595883519854 1.1223086639808773 675.6298157164949 2.5076383631072168 2.470156891153689 675.0254637046003 
105.00088106081189 3.501631707716547E-95 47.67231271803745 1.145208378997956 689.4154441567703 0.0 0.0 278.0 270.29894685026886 2.4798141815086225 689.3883424593974 1.1477135949899981 690.9235841839856 2.5561460458324325 2.434021617069876 642.5247046519132 
106.00051936440315 5.5573000922321944E-95 47.67231271803745 1.1490074217407027 691.702467887904 0.0 0.0 278.0 267.9998641182105 2.488041791740982 691.6756181039937 1.1548665098418405 695.2296389247924 2.5941417590351374 2.5011824221039456 677.8634470263918 
107.00113373326124 7.234066197165735E-95 47.637630490322714 1.1496259609732318 692.0748285058863 0.0 0.0 277.0 269.5319837817701 2.498368804254666 692.048158778543 1.1542232042595375 694.8423689642452 2.5779588723200764 2.5011824221039456 677.8634470263918 
108.00040464558768 9.315390743567789E-95 47.637630490322714 1.1486173110653441 691.4676212613373 0.0 0.0 276.0 268.9153792655862 2.50522160048611 691.4411617341659 1.1233746580094783 676.2715441217022 2.514811707566204 2.5011824221039456 677.8634470263918 
109.00012664212615 1.5767944690487744E-94 47.637630490322714 1.1506456455259773 692.6886786066385 0.0 0.0 277.0 270.4619566137864 2.5006123972735943 692.6696340447857 1.1264248118799116 678.1077367517113 2.507220406306658 2.5011824221039456 677.8634470263918 
110.00020673374883 1.5767944690487744E-94 47.77332598132599 1.1557391410087898 695.7549628872918 0.0 0.0 276.0 274.41485099575095 2.520763691964924 695.7307789823193 1.1420243855314416 687.4986800899231 2.5053260696177424 2.5011824221039456 677.8634470263918 
111.00108859803197 1.5767944690487744E-94 47.70649012102191 1.157878534198181 697.0428775873046 0.0 0.0 276.0 273.2369996877453 2.5254315077172946 697.0190961299728 1.1373180171347377 684.6654463151115 2.5057567133936685 2.5011824221039456 677.8634470263918 
112.00005432991792 1.3034231149624834E-94 47.86976606649682 1.1614773684510757 699.2093758075478 0.0 0.0 275.0 270.0839632111732 2.542496575528661 699.1865582703821 1.1246836471796795 677.0595556021767 2.5068484168858167 2.5011824221039456 677.8634470263918 
113.00043664904214 1.2133809488823343E-94 47.86976606649682 1.1625435811239886 699.8512358366411 0.0 0.0 275.0 270.6961405315023 2.5448343897052688 699.8294571689489 1.1408796880273038 686.8095721924427 2.5371975043453387 2.5011824221039456 677.8634470263918 
114.00047639101274 1.7998031582597142E-94 48.13136851065451 1.1669222056627548 702.4871678089786 0.0 0.0 275.0 266.46543371680383 2.554420836807898 702.4657301221719 1.111784449527637 669.2942386156341 2.511748819649725 2.5011824221039456 677.8634470263918 
115.00004163702589 2.0400560896001698E-94 48.282416650513326 1.1692205708765395 703.8707836676764 0.0 0.0 275.0 272.6187093613215 2.559454324294446 703.8499391809726 1.153803215137482 694.5895355127655 2.54784250552729 2.5011824221039456 677.8634470263918 
116.00017324461972 2.619483870717727E-94 48.454931404964434 1.170743004478799 704.7872886962369 0.0 0.0 275.0 265.46021845276147 2.5627895655968533 704.767130539135 1.1080005764719127 667.0163470360903 2.512679116003913 2.5011824221039456 677.8634470263918 
117.00066261764847 2.9865253931793475E-94 48.5864763436833 1.1714629377011716 705.2206884961049 0.0 0.0 275.0 269.9828839110704 2.5643656943845903 705.2005659557622 1.162271817600379 699.6876341954357 2.5915999713000533 2.5011824221039456 677.8634470263918 
118.00006640580776 3.993270765793178E-94 48.68726270961015 1.175141999852499 707.4354839112044 0.0 0.0 275.0 269.15232145856737 2.572420681592516 707.415687437942 1.1744478053809846 707.0175788393474 2.626830692033187 2.5011824221039456 677.8634470263918 
119.00028584712106 6.205066844431412E-94 48.85633811500953 1.175652773568974 707.7429696885225 0.0 0.0 276.0 267.50765705828974 2.564234191491824 707.7286368517439 1.1833776224363455 712.3933287066752 2.663076401403513 2.5011824221039456 677.8634470263918 
120.00082476867915 7.320652949252549E-94 48.95850024228815 1.1814892308036415 711.2565169437921 0.0 0.0 275.0 268.150905771303 2.5863190417050457 711.2377364688878 1.1525137714806677 693.8132904313687 2.587398645683111 2.5011824221039456 677.8634470263918 
121.00026495376333 7.499015512108838E-94 49.0611485592444 1.1821461843379761 711.652002971462 0.0 0.0 275.0 266.968961878476 2.587781397528854 711.639884320435 1.1739971588439109 706.7462896240363 2.6472975908927814 2.512679116003913 667.0163470360903 
122.00036115892561 6.81016392704357E-94 49.16920190118211 1.1856232982812938 713.7452255653392 0.0 0.0 276.0 272.45689026097904 2.5859890073833793 713.7329660378125 1.1717175872519865 705.373987525688 2.5889379668469 2.512679116003913 667.0163470360903 
123.00113373326124 6.534850857551982E-94 49.27064960111866 1.1876624255392267 714.9727801746149 0.0 0.0 277.0 275.40799173588357 2.581102620809102 714.9654259641214 1.186453792867075 714.245183305972 2.5934076161120756 2.626830692033187 707.0175788393474 
124.00022994621175 9.085326465389243E-94 49.33638761617847 1.1869812168108853 714.5626925201536 0.0 0.0 277.0 274.90963449657784 2.5796236484474804 714.5557506199525 1.1823056512102394 711.7480020285705 2.5890253112879917 0.0 0.0 
125.00068692298115 1.2590797516645418E-93 49.316657007532704 1.189595157263865 716.136284672846 0.0 0.0 275.0 274.6483971240027 2.604072606368088 716.1199667512236 1.1898857015090436 716.3111923084498 2.6081025770015254 0.0 0.0 
126.00011044555156 1.2590797516645418E-93 49.539632482260046 1.1921421103690417 717.669550442162 0.0 0.0 276.0 276.5136319382514 2.600193604684912 717.6534348930352 1.1963847876857427 720.2236421868145 2.6046587184086767 0.0 0.0 
127.00006528716493 1.0626721730809335E-93 49.60159574182433 1.194967417850485 719.3703855459903 0.0 0.0 277.0 274.1400574074709 2.596964859191247 719.3592659959743 1.1718733433842494 705.4677527173241 2.573384420317476 0.0 0.0 
128.00008793419167 1.0200063738518202E-93 49.62778127126748 1.2024848540482416 723.8958821370408 0.0 0.0 277.0 276.205747626897 2.6133026003105484 723.8848202860215 1.1947377682562834 719.2321364902785 2.603972374470022 0.0 0.0 
129.00015744543495 1.1070980355922385E-93 49.60021793896051 1.2059388838873741 725.9752081001984 0.0 0.0 277.0 276.74590071506987 2.620813513810444 725.9653433254924 1.204157284450354 724.9026852391208 2.619380028271715 2.5915999713000533 699.6876341954357 
130.0000697025507 1.0200063738518202E-93 49.73708257739179 1.207759347581579 727.07112724411 0.0 0.0 276.0 275.014882362868 2.634262993681314 727.0565862560424 1.209813168217956 728.3075272672079 2.64824769121492 2.5915999713000533 699.6876341954357 
131.00001841801392 1.0200063738518202E-93 49.70393557257002 1.2082894427625412 727.3902445430505 0.0 0.0 278.0 275.25989059331135 2.6164912230014656 727.3845599944076 1.2119638600292357 729.6022437376074 2.650594106409691 0.0 0.0 
132.00021362619972 1.2516660986837015E-93 49.73708257742026 1.208247824561888 727.3651903862572 0.0 0.0 276.0 275.05450172089013 2.635345025470583 727.355227029881 1.229125807508616 739.933736120179 2.690134978670599 0.0 0.0 
133.00024413187833 1.6244059981468578E-93 49.70835389653984 1.2143060480474035 731.0122409245377 0.0 0.0 276.0 265.0318316023242 2.6485579689505445 731.0019994303509 1.193604965456548 718.5501892048369 2.711184482485143 0.0 0.0 
134.00113373326124 2.107771226115781E-93 49.73708257742026 1.2136224642526436 730.600723480091 0.0 0.0 276.0 269.81271798817806 2.6470689065775344 730.5910182153993 1.1792433396803985 709.9044904875994 2.63110091985621 0.0 0.0 
135.00021321911981 1.7486273320511517E-93 49.70283105296805 1.2185212806489591 733.5498109506731 0.0 0.0 276.0 271.41569897217886 2.657755651728988 733.5405598772005 1.210062186794175 728.4574364500935 2.6839178397148027 0.0 0.0 
136.00000532022733 2.231838181924386E-93 49.667223451663574 1.2225080160444453 735.949825658756 0.0 0.0 276.0 275.14346206119706 2.666453312099498 735.9411141394614 1.2013946873053727 723.2396017578275 2.628590904322362 0.0 0.0 
137.0002930653363 3.2172454489436077E-93 49.62088900256001 1.2297796656573887 740.3273587257482 0.0 0.0 276.0 274.66057377955997 2.6823145180776575 740.3188069894335 1.2091938272269482 727.9346839906246 2.650306427215354 0.0 0.0 
138.00103420380884 3.663646182225135E-93 49.680469810652184 1.2301882930994814 740.573352445888 0.0 0.0 276.0 272.46310343057615 2.683205617253589 740.5647503619905 1.1885665768465308 715.5170792616071 2.6261063250493346 0.0 0.0 
139.00018196387072 4.171800699207057E-93 49.62088900256001 1.23375714143697 742.7217991450549 0.0 0.0 276.0 281.4098592122375 2.6909918677983593 742.7137555123463 1.2469221155774173 750.6471135776155 2.6674513667677946 0.0 0.0 
140.0010282449248 4.171800699207057E-93 49.501941662834746 1.2353025185946302 743.6521161939673 0.0 0.0 274.0 278.09128348380705 2.7140192863236225 743.6412844526722 1.2315334713777766 741.3831497694242 2.6659704701337543 0.0 0.0 
141.00004939536922 6.570624465960004E-93 49.501941662834746 1.2372927220446461 744.8502186708764 0.0 0.0 274.0 276.32248223005735 2.7183927491660507 744.8396132714977 1.2359804902313356 744.0602551192617 2.6927242731548016 0.0 0.0 
142.00032753304197 5.771174096994711E-93 49.501941662834746 1.240105606521914 746.5435751261919 0.0 0.0 275.0 272.7232220538906 2.7146672897743653 746.5335046879502 1.214089884128662 730.8821102454491 2.679940874638924 0.0 0.0 
143.00050426322056 5.771174096994711E-93 49.5878194342653 1.2449214271759992 749.442699159951 0.0 0.0 276.0 274.20652773116507 2.7153580277859763 749.4388156689291 1.26730163958581 762.9155870306514 2.7822663207296867 0.0 0.0 
144.0000064624705 5.771174096994711E-93 49.5415590609931 1.2457408446238325 749.9359884635463 0.0 0.0 275.0 272.23682677694984 2.7270170055170184 749.9296765171797 1.2422751740521636 747.8496547793976 2.7470554356414416 2.6261063250493346 715.5170792616071 
145.00000500553045 5.771174096994711E-93 49.53192691657858 1.2449057354332365 749.4332527308079 0.0 0.0 276.0 272.56947894992715 2.7153254522250463 749.4298248141125 1.2625851105847608 760.0762365720175 2.7885595977224162 2.6261063250493346 715.5170792616071 
146.0001642724295 5.362832084482309E-93 49.55201893864274 1.2497935757439795 752.3757325978753 0.0 0.0 278.0 272.9463355838857 2.7063764580788794 752.372655345928 1.2563071503754306 756.2969045260202 2.7708630083204926 2.6659704701337543 741.3831497694242 
147.0006095912309 5.495691555291952E-93 49.55201893864274 1.2555855940413432 755.8625276128885 0.0 0.0 277.0 271.04182146770853 2.728734365968345 755.8594193732313 1.2251534153384975 737.5423560337756 2.7211385757369 2.6659704701337543 741.3831497694242 
148.00029347505026 8.109458514608905E-93 49.55201893864274 1.259618530812667 758.2903555492256 0.0 0.0 278.0 270.30381377028965 2.7276591854193324 758.289253546574 1.235281165184267 743.6392614409274 2.751123822740026 2.6659704701337543 741.3831497694242 
149.00051818993106 7.0008466959286005E-93 49.579280045167565 1.258908799464141 757.8630972774129 0.0 0.0 278.0 272.179396527453 2.7261223597627127 757.8620160140347 1.25378523546106 754.7787117475523 2.77309275197626 2.6659704701337543 741.3831497694242 
150.0000935580141 5.390252390976202E-93 49.51734466279721 1.2621262970468754 759.800030822219 0.0 0.0 278.0 273.3112799225671 2.7330899530492223 759.7990069476837 1.26407435744732 760.9727631832947 2.7842713385224673 2.6659704701337543 741.3831497694242 
151.00000979890726 6.857837846941691E-93 49.51734466279721 1.2662350494452002 762.2734997660101 0.0 0.0 278.0 275.59450418817323 2.741987526676424 762.2725324160458 1.2658473740711798 762.0401191908555 2.7650773422917823 2.6659704701337543 741.3831497694242 
152.0001347532036 6.427792060506539E-93 49.538531613773735 1.2691340747911701 764.0187130242845 0.0 0.0 278.0 271.3314516800688 2.748265352855978 764.0177680939622 1.236429066921215 744.3302982865761 2.743251081574677 2.6659704701337543 741.3831497694242 
153.00011435344337 6.963917739496731E-93 49.42307645670735 1.2694557187802709 764.2123427057223 0.0 0.0 279.0 274.09129356973375 2.7391090193532874 764.211416399567 1.24903155466048 751.9169959056179 2.7433085747187977 2.6659704701337543 741.3831497694242 
154.00005761695476 8.327879617293189E-93 49.43625770119511 1.270330144798579 764.7387471687445 0.0 0.0 278.0 270.8863991196194 2.750855567905049 764.7378478776038 1.2619875451471674 759.7165021785902 2.8045575733874726 2.6659704701337543 741.3831497694242 
155.00007299967345 7.544089671009181E-93 49.43818025970497 1.2741575260722044 767.042830695467 0.0 0.0 278.0 272.1578007295253 2.7591437671235837 767.0419672603565 1.2572231807951624 756.8483548386947 2.7809173678283154 2.7885595977224162 760.0762365720175 
156.00021764119467 1.2170696038863012E-92 49.43955356156049 1.2779569055072684 769.3300571153757 0.0 0.0 278.0 274.214855544235 2.7673712156516475 769.3291979511584 1.2759993947105275 768.1516356157407 2.8012765176094785 2.7885595977224162 760.0762365720175 
157.00043426366054 1.0695585630711626E-92 49.43955356156049 1.2819625145053741 771.7414337322344 0.0 0.0 279.0 278.22550887781836 2.7660953524164764 771.7406033241969 1.278444400922651 769.6235293554262 2.7661860785504153 2.7885595977224162 760.0762365720175 
158.00019607537257 1.0695585630711626E-92 49.336387616094726 1.284549832441289 773.2989991296558 0.0 0.0 279.0 274.47363677960334 2.7716780250423954 773.2981689868283 1.2768068747052932 768.6377385725809 2.800406434625199 2.7885595977224162 760.0762365720175 
159.00113373326124 1.1240712244998242E-92 49.327617482336635 1.2870861251169958 774.8258473204318 0.0 0.0 279.0 275.1513930814186 2.7771506154700507 774.8250217161439 1.2845294232558313 773.2867128000173 2.810404498192739 2.7885595977224162 760.0762365720175 
160.00049735673713 1.54400445781641E-92 49.362981612140516 1.2863855910200277 774.4041257940574 0.0 0.0 279.0 277.58799115130057 2.7756391068232436 774.403310803685 1.283866856789735 772.8878477874185 2.784298573514848 2.7885595977224162 760.0762365720175 
161.00057718521637 1.9571956776962962E-92 49.17903672491375 1.2878061127028422 775.2592798471106 0.0 0.0 279.0 274.7716503928185 2.7787041921063205 775.2584695976631 1.2751143998090861 767.6188686850733 2.793661091264952 2.7809173678283154 756.8483548386947 
162.0000859928263 1.5621493665745318E-92 49.14298531845033 1.2896897091263717 776.3932048940745 0.0 0.0 279.0 272.9082385163114 2.7827684640399 776.3924014671312 1.27274784015495 766.1941997732733 2.8075158300048124 2.8012765176094785 768.1516356157407 
163.000562517928 1.895304172203768E-92 49.17220677744136 1.2910314670196266 777.2009431458148 0.0 0.0 277.0 276.1511367474134 2.805776664973716 777.200136197719 1.2934685186299433 778.6680482152317 2.819716975952391 2.8012765176094785 768.1516356157407 
164.00011590215126 2.4521846929133392E-92 49.17958316165513 1.2951882837206279 779.7033467998169 0.0 0.0 278.0 275.03508635967864 2.804685411854585 779.7025444955743 1.2737117749545717 766.7744885226498 2.787915166284989 2.8012765176094785 768.1516356157407 
165.00009401704799 2.9744604821949205E-92 49.155818773316476 1.2976663842078595 781.1951632931308 0.0 0.0 278.0 273.65400684916295 2.8100517281717945 781.1943804317586 1.301964940243384 783.7828940265158 2.864138197905262 2.8012765176094785 768.1516356157407 
166.00038535541998 2.9744604821949205E-92 49.155818773316476 1.3010005428123108 783.2023267730117 0.0 0.0 278.0 268.65749975209815 2.8172719329114733 783.2015973493892 1.2509770224801928 753.0881675330801 2.8031533392069345 2.8012765176094785 768.1516356157407 
167.00037719415923 5.305333694923322E-92 49.081322288992695 1.3047152733384273 785.4385945497335 0.0 0.0 278.0 273.51211328848797 2.8253161344359423 785.4378853731919 1.2879383931253257 775.3389126614537 2.8347516434991014 2.8012765176094785 768.1516356157407 
168.00008833939626 5.305333694923322E-92 49.01183964422311 1.3060344385025315 786.232731978524 0.0 0.0 278.0 271.81439367385536 2.8281727890324952 786.2320353510332 1.2937845231004255 778.8582829064525 2.865404853581775 2.8012765176094785 768.1516356157407 
169.00000954794993 8.866788538867439E-92 49.02681777228605 1.3099797943557359 788.6078362021532 0.0 0.0 278.0 258.7587964185699 2.8367164851263196 788.6071828651164 1.2242869378731587 737.020736599636 2.8482924901514326 2.8012765176094785 768.1516356157407 
170.0000489021614 7.314041584935933E-92 48.87588455910401 1.314949238610907 791.5994416437657 0.0 0.0 278.0 272.81291692216786 2.847477719884359 791.598806127851 1.2917186203334992 777.614609440756 2.850358473541799 2.8012765176094785 768.1516356157407 
171.0005545679045 6.783179910752827E-92 48.87588455910401 1.3183600808110676 793.6527686482633 0.0 0.0 278.0 274.7341489104815 2.854863901370173 793.6521645809081 1.293396057110411 778.6244263804618 2.8341013647858038 2.8012765176094785 768.1516356157407 
172.00000628379942 6.450496576472828E-92 48.907120795840605 1.3199654152054867 794.6191799537029 0.0 0.0 278.0 268.73519935483904 2.8583402070340327 794.6185775554605 1.2666705854793712 762.5356924585761 2.8374983786612966 2.800406434625199 768.6377385725809 
173.0003643633423 8.890316689329252E-92 48.907120795840605 1.324539949833231 797.3730497996042 0.0 0.0 278.0 272.2839321000679 2.8682462907366335 797.372468824784 1.2985022058533628 781.6983279237178 2.8708940769829687 2.800406434625199 768.6377385725809 
174.00090284019214 9.61066849736626E-92 48.907120795840605 1.328192542979626 799.5719108737345 0.0 0.0 278.0 273.8734634664535 2.8761559984574023 799.5713675711579 1.2738291647213271 766.8451571622369 2.7999980263008104 2.800406434625199 768.6377385725809 
175.0005206124871 9.61066849736626E-92 49.13506847531813 1.3306954134288513 801.0786388841689 0.0 0.0 278.0 285.32402649415286 2.8815759525913123 801.0781148203849 1.339056410867435 806.111959342198 2.8252508884270835 2.787915166284989 766.7744885226498 
176.00014289202053 2.072637650797203E-91 49.13506847531813 1.3389165109802312 806.0277396100987 0.0 0.0 279.0 281.8572607435594 2.8889864372117864 806.0272159820883 1.332688952649441 802.2787494949574 2.846400860415976 2.787915166284989 766.7744885226498 
177.00056777402312 2.825007197535454E-91 49.35393256177484 1.3403008807271706 806.8611301977563 0.0 0.0 279.0 281.80275983640354 2.891973526923448 806.8606140116418 1.3601746512331745 818.8251400423679 2.90566756875527 2.787915166284989 766.7744885226498 
178.00013016859697 2.2199342515295058E-91 49.35393256177484 1.3483108843216876 811.6831523616557 0.0 0.0 279.0 274.1571069915609 2.9092569322742245 811.6826841045084 1.3253526145004975 797.862273929301 2.9102374280374237 2.787915166284989 766.7744885226498 
179.00024259931257 2.2199342515295058E-91 49.356948727587536 1.3552081390572772 815.835299712481 0.0 0.0 279.0 268.1700554872566 2.924139274592188 815.8348576112202 1.3018196208113166 783.6954117284159 2.922382255932587 2.787915166284989 766.7744885226498 
180.0002269193556 2.2199342515295058E-91 49.455761404750454 1.3568020366729217 816.794826077098 0.0 0.0 279.0 272.50419044452786 2.9275784563066383 816.7943893095515 1.320175948003277 794.7459206979661 2.916453942970642 2.787915166284989 766.7744885226498 
181.00052492332574 2.491896944824785E-91 49.482144845791446 1.356361775736851 816.529788993585 0.0 0.0 279.0 274.48727882250273 2.926628587241903 816.5293758404914 1.3515133396908492 813.611030493899 2.964111976278583 2.787915166284989 766.7744885226498 
182.0005088609739 3.654810501950141E-91 49.6076585296412 1.3619429459590422 819.8896534673432 0.0 0.0 279.0 275.6771750896519 2.9386710988275744 819.8892365728929 1.3599137973108972 818.668105981166 2.96966227151352 2.787915166284989 766.7744885226498 
183.00019391952236 3.2169124190827445E-91 49.60021793892429 1.3672648262048344 823.0934253753098 0.0 0.0 279.0 273.8762472084699 2.9501541304572863 823.0930023975827 1.3369412012170567 804.838603132669 2.9386944334754217 2.787915166284989 766.7744885226498 
184.00065334742044 3.2169124190827445E-91 49.70283105298865 1.3723636306385993 826.1629056444365 0.0 0.0 279.0 264.29009503899783 2.9611559037133803 826.1624971360325 1.2761918112604937 768.2674703788122 2.9069098116047405 2.787915166284989 766.7744885226498 
185.0002984753773 3.2169124190827445E-91 49.73929316355496 1.3719828854786886 825.9336970581702 0.0 0.0 279.0 272.4169387600039 2.9603344347489275 825.9333072949506 1.356399558857032 816.5525344319238 2.9974367164858897 2.8708940769829687 781.6983279237178 
186.00006395900328 3.2169124190827445E-91 49.83804065388734 1.3739500695317586 827.1179418581186 0.0 0.0 278.0 276.4624435072363 2.975243103009616 827.1175826366731 1.3659514564132573 822.3027767607878 2.9743742633862107 2.8708940769829687 781.6983279237178 
187.00010740245585 2.8331643895754924E-91 49.825582701042656 1.37532954522201 827.9483862236492 0.0 0.0 278.0 272.4648723876709 2.978230418226391 827.9480562669365 1.330859379863889 801.1773466780667 2.9404794080688994 2.8708940769829687 781.6983279237178 
188.00067351729902 2.980940009355533E-91 49.825582701042656 1.3795540810485867 830.4915567912485 0.0 0.0 278.0 272.42274925118755 2.987378558275588 830.4912392006134 1.3490322164883102 812.1173943259672 2.9810924254976734 2.916453942970642 794.7459206979661 
189.00051011802913 2.980940009355533E-91 49.825582701042656 1.3818218078346265 831.856728316445 0.0 0.0 278.0 274.42372281303045 2.9922892279672086 831.8564053748839 1.3580844094035818 817.5668144609479 2.979213335058391 2.916453942970642 794.7459206979661 
190.00040712087457 2.980940009355533E-91 49.79099361347165 1.3827541754181647 832.4180136017354 0.0 0.0 278.0 275.4538191286429 2.994308276946122 832.4177009910215 1.3794645568827273 830.4376632433963 3.014798146093461 2.916453942970642 794.7459206979661 
191.00016448086006 4.100918251308349E-91 49.882083705953065 1.3839854327105894 833.1592304917749 0.0 0.0 278.0 265.58677486845687 2.996974608454384 833.1589411503185 1.3190273499918812 794.0544646951093 2.9898117671273297 2.916453942970642 794.7459206979661 
192.00105373400146 4.100918251308349E-91 49.882083705953065 1.3863915325932852 834.6077026211574 0.0 0.0 278.0 268.50169110482483 3.002185054155087 834.6074450551139 1.3676436062313893 823.3214509512883 3.0663548060479746 2.916453942970642 794.7459206979661 
193.00063245496048 4.100918251308349E-91 49.906199207182034 1.3878346568601743 835.4764634298252 0.0 0.0 278.0 270.1343546004523 3.005310123835547 835.476214426282 1.3781061256818923 829.6198876604892 3.071138022735225 2.916453942970642 794.7459206979661 
194.00011912361828 4.100918251308349E-91 49.89871383872391 1.3908639714381514 837.3001108057672 0.0 0.0 279.0 268.1647845237355 3.001074790375792 837.299866514846 1.3520926731549086 813.9597892392482 3.035297086770183 2.916453942970642 794.7459206979661 
195.00048982507715 3.5202930737243515E-91 49.89871383872391 1.392798726264646 838.4648332113172 0.0 0.0 278.0 272.37904278256514 3.016059692022982 838.4645943823894 1.3898274587335442 836.6761301575885 3.0717346004681083 2.916453942970642 794.7459206979661 
196.0004612746808 3.0206667316268573E-91 49.89871383872391 1.3963435085391467 840.5987921405658 0.0 0.0 278.0 269.470081389397 3.0237358660688747 840.598570767147 1.3593046464832952 818.3013971829539 3.036705941393433 2.916453942970642 794.7459206979661 
197.00071241879195 3.945156761593761E-91 49.94863751022838 1.3972257779638357 841.129918334229 0.0 0.0 278.0 273.9034762789425 3.0256464223290402 841.129705407473 1.3800517499572973 830.7911534743056 3.033153009815145 3.014798146093461 830.4376632433963 
198.0009062827223 5.146984001868635E-91 49.94863751022838 1.403400491096247 844.8470956399409 0.0 0.0 278.0 271.09244624089433 3.0390175571822606 844.8468808966686 1.359164792952168 818.2172053572015 3.0182220740674155 3.0663548060479746 823.3214509512883 
199.0006000500284 5.146984001868635E-91 49.94863751022838 1.4062951485803787 846.5896794453882 0.0 0.0 278.0 272.05423988881506 3.0452858915974614 846.5894778640942 1.3672661479658266 823.0942210754159 3.025478380384013 0.0 0.0 
200.00043973226255 4.5256989236609674E-91 49.94863751022838 1.415056582903877 851.8640629081333 0.0 0.0 279.0 274.54135522758975 3.053275508294312 851.8638668141131 1.3925436898354255 838.311301280921 3.0534973522876956 3.071138022735225 829.6198876604892 
201.00004221562858 5.476988229906633E-91 49.94863751022838 1.417442767443929 853.3005460012453 0.0 0.0 278.0 270.10037660645463 3.0694257654569483 853.3003627970315 1.361073539949486 819.3662710495952 3.033562119920475 3.035297086770183 813.9597892392482 
202.00032277583327 6.62757310781252E-91 49.94863751022838 1.4195684905258659 854.5802312965709 0.0 0.0 278.0 274.97722024234037 3.0740289800832343 854.580056463139 1.4083932873583822 847.8527589897501 3.083356353091825 3.035297086770183 813.9597892392482 
203.00000509418547 1.1014787520528556E-90 49.94863751022838 1.4195921061568468 854.5944479064232 0.0 0.0 278.0 272.29501549880206 3.074080156172167 854.5942834158631 1.392584033122986 838.3355879400328 3.0787768421112394 3.035297086770183 813.9597892392482 
204.00046134037623 1.1014787520528556E-90 49.94863751022838 1.4235472146441799 856.975423215796 0.0 0.0 278.0 270.7830765331249 3.08264484241281 856.9752661907614 1.4156487100307686 852.2205234385173 3.1472444081425635 3.035297086770183 813.9597892392482 
205.0000003379346 1.1014787520528556E-90 49.94863751022838 1.427091851268792 859.1092944638124 0.0 0.0 278.0 275.14557652689723 3.09032063852313 859.1091375094304 1.4236277459339923 857.0239030522662 3.114801676517182 3.035297086770183 813.9597892392482 
206.0000866679827 1.4196167352544475E-90 49.95196753039413 1.427535138465273 859.3761533560948 0.0 0.0 278.0 270.3322187795106 3.091280573855367 859.3759995317921 1.3734907357461936 826.8414229192177 3.058612201875979 3.035297086770183 813.9597892392482 
207.0000185521044 1.2479101394689125E-90 49.918677316700304 1.4360964234983005 864.5300469459766 0.0 0.0 278.0 274.59319285070893 3.109819768414853 864.529895619329 1.4025069675221429 844.309194448319 3.074763746628467 3.035297086770183 813.9597892392482 
208.00001242777856 9.773637306690615E-91 49.918677316700304 1.4371186999723073 865.1454573833288 0.0 0.0 278.0 276.8780853279286 3.1120335027554473 865.1453137660146 1.422005261570178 856.0471674652545 3.0917837590915513 3.035297086770183 813.9597892392482 
209.00008424889802 1.0937406358852297E-90 49.918677316700304 1.4408649731918104 867.4007138614697 0.0 0.0 278.0 275.63450476610063 3.120145985358255 867.4005839295946 1.4149991050789592 851.8294612575446 3.090431156216797 3.035297086770183 813.9597892392482 
210.00009374503838 9.49701538380784E-91 49.85216343273417 1.446998105104114 871.0928592726768 0.0 0.0 279.0 278.00622153621333 3.122196156029295 871.0927275321733 1.4320426099779597 862.0896512067409 3.1009725122084877 3.035297086770183 813.9597892392482 
211.0001050770723 8.339980785001265E-91 49.83914817817649 1.4483496873688035 871.9065117960201 0.0 0.0 279.0 270.80919175840734 3.1251124959857117 871.9063863800134 1.3966125785193222 840.760772268639 3.1046242072118937 3.035297086770183 813.9597892392482 
212.00000859190453 8.559711342386441E-91 49.839978837566036 1.4518473444053703 874.0121013320323 0.0 0.0 280.0 275.2620676167699 3.1214713443260544 874.0119764112953 1.4200271674413607 854.856354799706 3.105609000909885 3.035297086770183 813.9597892392482 
213.00006997715454 8.559711342386441E-91 49.82253789731109 1.4537936983675757 875.1838064172805 0.0 0.0 280.0 278.22073317227205 3.1256560202120154 875.1836856593644 1.4445233546088836 869.6030594745561 3.1255868301378706 0.0 0.0 
214.00113373326124 8.559711342386441E-91 49.82253789731109 1.461966387074042 880.1037650185739 0.0 0.0 279.0 278.35988935963326 3.154493354930709 880.1036460256682 1.446561534551468 870.8300437999876 3.1284322098393256 0.0 0.0 
215.0001062717861 1.5138126083792568E-90 49.76914569431527 1.4644445833597446 881.5956391825672 0.0 0.0 279.0 276.80695371776125 3.159840598338065 881.5955269363203 1.4371628225615702 865.1720191820715 3.1255429372783055 0.0 0.0 
216.0000783645917 1.6928802613271663E-90 49.735701010947366 1.4710405638317057 885.5664194266868 0.0 0.0 280.0 273.1378381391963 3.162736827606922 885.5663117299382 1.4194722421996877 854.5222898042225 3.128538673461791 0.0 0.0 
217.00106413791738 1.4477800379582445E-90 49.57680114310979 1.4726001750493503 886.5053053797086 0.0 0.0 280.0 270.0306260561459 3.1660900055170753 886.5052015447812 1.4081503056312281 847.7064839900023 3.139297554395714 0.0 0.0 
218.00000766982302 1.4477800379582445E-90 49.45054134984085 1.477959229539345 889.7314561826862 0.0 0.0 280.0 274.6542610093608 3.177611995440997 889.7313587234794 1.4409627346439762 867.4595662556837 3.158369227798431 0.0 0.0 
219.00012282468947 1.643030637139542E-90 49.341869741452626 1.481858056035478 892.0785497333584 0.0 0.0 280.0 275.6814267136625 3.1859944701462126 892.07845164094 1.4568083331416084 876.9986165512381 3.181203126397542 0.0 0.0 
220.000228378078 1.3329398686223058E-90 49.22359124505611 1.4874630404461606 895.4527503485884 0.0 0.0 280.0 271.68732771474697 3.1980452055511885 895.4526575543327 1.4180291340562043 853.6535387018284 3.1420440028697474 3.1255429372783055 865.1720191820715 
221.00037283621617 1.174539104730134E-90 49.25751251285847 1.49374522740714 899.2346268990988 0.0 0.0 280.0 274.59738667379474 3.2115519290075607 899.2345401221169 1.4278111962741353 859.542340157019 3.1301912613542235 3.1255429372783055 865.1720191820715 
222.0002812246603 1.174539104730134E-90 49.37943868208855 1.4968723291951938 901.117142175507 0.0 0.0 280.0 278.68453074869336 3.218275209021638 901.1170585260588 1.478852730399048 890.2693437002235 3.194541660810851 3.128538673461791 854.5222898042225 
223.00027355156104 1.6113466593909219E-90 49.651773829982545 1.5029831346723699 904.7958470727665 0.0 0.0 280.0 278.3293952998217 3.2314134443126745 904.7957644075484 1.4865828529200533 894.9228774578677 3.2153372678938195 3.139297554395714 847.7064839900023 
224.00003457521436 2.0113448885046808E-90 49.703935572616125 1.5012613276261422 903.7593192309375 0.0 0.0 280.0 276.05074909361525 3.2277115557005778 903.7592355961624 1.4963417088492403 900.797708727249 3.2631598055246265 3.158369227798431 867.4595662556837 
225.00057188997056 1.810661930805339E-90 49.68847453120796 1.503068404019639 904.8471792198233 0.0 0.0 279.0 273.84869357202285 3.2431795573122093 904.8470964901067 1.5110547682262796 909.6549704722171 3.3217429618044743 3.181203126397542 876.9986165512381 
226.00031343692208 1.8589037466118251E-90 49.777994328995604 1.509132938003174 908.4980286779112 0.0 0.0 279.0 274.2910646806397 3.2562650682227567 908.4979540341493 1.483471392361531 893.0497782016341 3.2558471390288357 3.181203126397542 876.9986165512381 
227.00027702667708 1.7451437499836388E-90 49.86656724930194 1.5112495093321512 909.772204617956 0.0 0.0 280.0 277.0062416606179 3.249186187666609 909.7721325466509 1.4815674978270108 891.9036336918734 3.2197961617941253 3.181203126397542 876.9986165512381 
228.00086568421685 1.7451437499836388E-90 49.86656724930194 1.514352590556517 911.6402595150226 0.0 0.0 280.0 278.3942224530533 3.255857820637091 911.6401897783853 1.501018249156245 903.6129859920557 3.2458036593932382 3.181203126397542 876.9986165512381 
229.00014429225888 3.079560618564176E-90 49.86656724930194 1.5155815873798193 912.3801156026507 0.0 0.0 280.0 276.4235780794967 3.2585001690904174 912.3800473453168 1.5150247231465175 912.0448833341895 3.2994467753828673 3.181203126397542 876.9986165512381 
230.00037279317655 4.4947959129761335E-90 49.90980367398617 1.5164697274694028 912.9147759365803 0.0 0.0 280.0 272.7110767029475 3.2604096950602655 912.9147146168742 1.4696069912682084 884.703408743456 3.2441051512811323 3.181203126397542 876.9986165512381 
231.00051506496942 5.017442108756784E-90 49.93726161624713 1.520936585102936 915.6038242319671 0.0 0.0 280.0 273.27015134619177 3.270013450584032 915.6037661635293 1.478964521118023 890.3366417130427 3.258082294487851 3.2558471390288357 893.0497782016341 
232.00000733316148 9.563817146074969E-90 49.93642933548849 1.5212210212233497 915.7750547764566 0.0 0.0 280.0 279.4969600236087 3.270625006813996 915.775001907919 1.5195933244993003 914.795181348574 3.2730058361683168 3.2558471390288357 893.0497782016341 
233.0001610225627 1.028900469259658E-89 49.993056037781905 1.5255958318927119 918.4086907994133 0.0 0.0 280.0 277.1994219531308 3.280030851006201 918.4086382817369 1.517544074143734 913.5615326345342 3.295683397164516 3.2558471390288357 893.0497782016341 
234.00008953642083 1.3227794555311458E-89 49.993056037781905 1.5268842949048973 919.1843455327487 0.0 0.0 280.0 277.2331951706747 3.282801061066296 919.1842970985631 1.542797203470796 928.763916489428 3.3501179969362886 3.2558471390288357 893.0497782016341 
235.0002417637488 1.099972490507533E-89 49.99972222299523 1.5302506926361958 921.2109169669887 0.0 0.0 279.0 275.878911682012 3.3018310754063966 921.2108700383848 1.5414769959736587 927.9691515761409 3.3636828053234877 3.2558471390288357 893.0497782016341 
236.00046129727875 1.099972490507533E-89 49.99972222299523 1.5365280031840058 924.9898579167713 0.0 0.0 279.0 275.91257972885296 3.315375671167678 924.9898122557822 1.5414466641164062 927.9508917980729 3.3632061746151494 3.2558471390288357 893.0497782016341 
237.0001213891109 1.1293796550273563E-89 49.989723278475616 1.5402679477985464 927.2413045747252 0.0 0.0 279.0 273.34127718697687 3.3234453815690554 927.2412614577672 1.5390277984174316 926.4947346473018 3.3895163737511207 3.2558471390288357 893.0497782016341 
238.0003972413254 9.89694198965907E-90 49.9927782993546 1.546149064046059 930.7817365557281 0.0 0.0 279.0 266.8800654942005 3.3361351080119457 930.7816951353329 1.460408352439494 879.1658281685669 3.2942356580307113 3.2558471390288357 893.0497782016341 
239.0000456768093 8.007700147865443E-90 49.97195231410807 1.5462207538495334 930.8248938174193 0.0 0.0 279.0 266.799615495291 3.336289800529995 930.8248543478685 1.4595972834372901 878.6775646292564 3.2933989166291173 3.2558471390288357 893.0497782016341 
240.0005764557885 8.927207153660808E-90 49.919509301571765 1.548328469707073 932.0937387636582 0.0 0.0 280.0 272.095761101698 3.3289060776037753 932.0937017290573 1.5204964156609482 915.3388422278813 3.3640319809530808 3.2558471390288357 893.0497782016341 
241.00051101405006 8.384145535592301E-90 49.86545911563012 1.5533116098695368 935.0935891414607 0.0 0.0 280.0 272.7345957690794 3.339619838922748 935.0935548983693 1.530164173645013 921.1588325342874 3.3774916964117736 3.2558471390288357 893.0497782016341 
242.0002043568694 1.012079771280307E-89 49.86545911563012 1.5532102416956788 935.0325655007987 0.0 0.0 279.0 268.7174842093791 3.351371076754733 935.0325304145704 1.5266800694782168 919.0614018258761 3.4201771594056845 3.2558471390288357 893.0497782016341 
243.0001545909735 9.100063348826916E-90 49.75698138994809 1.5556510676839956 936.5019427457651 0.0 0.0 279.0 277.02870413576164 3.356637666117103 936.5019088466714 1.5612312373494424 939.8612048843711 3.3926491762520734 6.310374892704781E-12 1.540286070438353E-11 
244.0000063052322 1.502615705303731E-89 49.74067482978082 1.5577450484916604 937.7625191919793 0.0 0.0 279.0 275.84796305606534 3.361155864672512 937.7624862436314 1.5436473895396723 929.275728502892 3.3687967756137436 6.310374892704781E-12 1.540286070438353E-11 
245.00036187397427 1.09112294755248E-89 49.74951840248391 1.5617507970254338 940.1739798093116 0.0 0.0 279.0 271.45202728755004 3.3697990976159136 940.1739482348398 1.51979903646825 914.9190199538923 3.370463021021079 6.310374892704781E-12 1.540286070438353E-11 
246.00009585017347 1.0526230278277122E-89 49.74924201702398 1.5604302356082376 939.3790018361587 0.0 0.0 280.0 269.5456860838951 3.354924902524991 939.3789727069972 1.5377440309600414 925.7219066379555 3.434378491035572 1.350708924522085E-8 8.051363183235757E-8 
247.00010773797698 1.0526230278277122E-89 49.68295389624258 1.5607171705549032 939.5517366740519 0.0 0.0 280.0 271.4391912792962 3.3555418183300763 939.5517091324209 1.5154249266051385 912.2858058163017 3.3609214701704926 5.676590559425214E-5 3.1194273386436506E-4 
248.0006910518996 1.0526230278277122E-89 49.6275055621476 1.563364914021008 941.1456782406465 0.0 0.0 280.0 274.4389646855617 3.3612344742969853 941.1456528031555 1.548248623597445 932.0456714056676 3.396185641763947 3.4201771594056845 919.0614018258761 
249.00021414727627 9.208438242287659E-90 49.59360501733232 1.5665095845579702 943.0387699038967 0.0 0.0 280.0 275.31310145857805 3.367995520367147 943.0387457028008 1.5415423525761962 928.008496250882 3.370738593021533 3.3687967756137436 929.275728502892 
250.0003323807482 9.714830127922296E-90 49.61372205836583 1.571528976486258 946.0604438447272 0.0 0.0 280.0 276.62865144711077 3.3787872152724616 946.0604202762887 1.5600312653204929 939.1388217229398 3.394944149169219 3.3687967756137436 929.275728502892 
251.00019212595268 8.728054441671417E-90 49.50771722621077 1.5714199802269078 945.994828096598 0.0 0.0 280.0 273.512179969783 3.3785528801131037 945.9948064316686 1.543037091613716 928.9083291514477 3.396222900399066 3.3687967756137436 929.275728502892 
252.00003418973023 0.0 0.0 0.0 0.0 0.0 0.0 280.0 274.71579975740735 0.0 0.0 1.5340483690294524 923.4971181557388 3.361645449483609 3.3687967756137436 929.275728502892 
253.00046897075595 0.0 0.0 0.0 0.0 0.0 0.0 280.0 271.85701441454853 0.0 0.0 1.1932290673225128 718.3238985281448 2.642285688581826 3.3687967756137436 929.275728502892 
254.0001513365764 0.0 0.0 0.0 0.0 0.0 0.0 280.0 273.66706511980914 0.0 0.0 0.53645923830324 322.94846145855064 1.1800779217519892 3.3687967756137436 929.275728502892 
255.00000748324106 0.0 0.0 0.0 0.0 0.0 0.0 280.0 280.75111745310323 0.0 0.0 0.1231995949553345 74.16615616311203 0.2641704753873358 3.3687967756137436 929.275728502892 
256.0003865593602 0.0 0.0 0.0 0.0 0.0 0.0 280.0 278.6259523953405 0.0 0.0 0.015394607110171508 9.267553480323228 0.033261630514495495 3.3687967756137436 929.275728502892 
257.0008475423859 0.0 0.0 0.0 0.0 0.0 0.0 280.0 272.70197892394856 0.0 0.0 0.001719754840093207 1.0352924137360937 0.003796424279065526 3.3687967756137436 929.275728502892 
258.000114313686 0.0 0.0 0.0 0.0 0.0 0.0 280.0 278.69721139854863 0.0 0.0 6.520616263000254E-4 0.39254109903261813 0.001408485922994285 3.3687967756137436 929.275728502892 
259.0011337332612 0.0 0.0 0.0 0.0 0.0 0.0 280.0 275.440389646526 0.0 0.0 5.805630119388202E-4 0.3494989331871689 0.0012688732165812087 3.3687967756137436 929.275728502892 
260.00007007852696 0.0 0.0 0.0 0.0 0.0 0.0 280.0 272.6197610342637 0.0 0.0 2.937898046800445E-4 0.17686146241738587 6.487477714249678E-4 1.1800779217519892 322.94846145855064 
261.0010790963188 0.0 0.0 0.0 0.0 0.0 0.0 280.0 271.97133490311796 0.0 0.0 1.3139425030058902E-4 0.07909933868095444 2.90837042474095E-4 0.2641704753873358 74.16615616311203 
262.0000140832038 0.0 0.0 0.0 0.0 0.0 0.0 280.0 271.68101371270933 0.0 0.0 1.0796205352533776E-4 0.0649931562222539 2.3922597804711262E-4 0.2641704753873358 74.16615616311203 
263.0000634696759 0.0 0.0 0.0 0.0 0.0 0.0 280.0 275.85341006163594 0.0 0.0 6.998089003739209E-5 0.04212849580251025 1.5272059095842669E-4 0.2641704753873358 74.16615616311203 
264.0002591401739 0.0 0.0 0.0 0.0 0.0 0.0 280.0 275.0794876863809 0.0 0.0 4.587781831265413E-5 0.027618446624217606 1.0040169427574874E-4 0.2641704753873358 74.16615616311203 
265.0004796347178 0.0 0.0 0.0 0.0 0.0 0.0 280.0 267.3987769129632 0.0 0.0 1.6108748566087628E-5 0.00969746663678478 3.6265934903439176E-5 0.2641704753873358 74.16615616311203 
266.0003204032304 0.0 0.0 0.0 0.0 0.0 0.0 280.0 274.9479918310182 0.0 0.0 1.9222425667319254E-6 0.001157190025172623 4.208759691119427E-6 0.2641704753873358 74.16615616311203 
267.00006190843703 0.0 0.0 0.0 0.0 0.0 0.0 280.0 277.6087221433807 0.0 0.0 -3.5468490415204845E-8 -2.135203122995357E-5 -7.691412238454658E-8 0.2641704753873358 74.16615616311203 
268.0000930779344 0.0 0.0 0.0 0.0 0.0 0.0 279.0 273.64888953263596 0.0 0.0 -1.2997241628634605E-7 -7.824339460438095E-5 -2.8592622735656846E-7 0.2641704753873358 74.16615616311203 
269.00036136242835 0.0 0.0 0.0 0.0 0.0 0.0 280.0 276.87554038887697 0.0 0.0 2.2508639138379843E-8 1.3550200761304756E-5 4.893968149831235E-8 0.2641704753873358 74.16615616311203 
270.00009947016093 0.0 0.0 0.0 0.0 0.0 0.0 278.0 277.0105841692128 0.0 0.0 2.240397908780327E-8 1.348719541085751E-5 4.8688375757580494E-8 0.2641704753873358 74.16615616311203 
271.0011337332612 0.0 0.0 0.0 0.0 0.0 0.0 278.0 275.188748842962 0.0 0.0 1.8445366913778123E-8 1.110411088209431E-5 4.035088981210832E-8 3.6265934903439176E-5 0.00969746663678478 
272.00040493351315 0.0 0.0 0.0 0.0 0.0 0.0 278.0 266.17983976900933 0.0 0.0 1.8194370505595395E-8 1.0953011044368445E-5 4.1148912907429273E-8 -7.691412238454658E-8 -2.135203122995357E-5 
273.0011337332612 0.0 0.0 0.0 0.0 0.0 0.0 279.0 265.08270818400007 0.0 0.0 1.8103306046647337E-8 1.0898190240081658E-5 4.11124147430883E-8 -7.691412238454658E-8 -2.135203122995357E-5 
274.00000052406216 0.0 0.0 0.0 0.0 0.0 0.0 279.0 274.7798921343322 0.0 0.0 1.8451360083995747E-8 1.1107718770565335E-5 4.042405972390105E-8 4.893968149831235E-8 1.3550200761304756E-5 
275.00001276041667 0.0 0.0 0.0 0.0 0.0 0.0 281.0 274.2660255674124 0.0 0.0 2.8878204911526327E-9 1.7384679356738668E-6 6.338619346225095E-9 4.8688375757580494E-8 1.348719541085751E-5 
276.00022843134116 0.0 0.0 0.0 0.0 0.0 0.0 280.0 276.7905178153011 0.0 0.0 1.4747622598351445E-13 8.878068804207653E-11 3.2075046769238965E-13 4.035088981210832E-8 1.110411088209431E-5 
277.00012158909414 0.0 0.0 0.0 0.0 0.0 0.0 281.0 277.1399650460893 0.0 0.0 1.5299004190039594E-14 9.210000522403794E-12 3.323230744029336E-14 4.1148912907429273E-8 1.0953011044368445E-5 
278.0000542379974 0.0 0.0 0.0 0.0 0.0 0.0 280.0 265.8135639938056 0.0 0.0 -6.427182454547659E-16 -3.8691638376376605E-13 -1.455593077909232E-15 4.1148912907429273E-8 1.0953011044368445E-5 
279.0004479006912 0.0 0.0 0.0 0.0 0.0 0.0 280.0 274.1125768919399 0.0 0.0 -5.746525902598859E-16 -3.4594085933645056E-13 -1.2620393535347583E-15 4.11124147430883E-8 1.0898190240081658E-5 
280.0006541710554 0.0 0.0 0.0 0.0 0.0 0.0 280.0 268.9453279032228 0.0 0.0 -5.131059803048451E-16 -3.0888980014351356E-13 -1.1485226478991462E-15 4.042405972390105E-8 1.1107718770565335E-5 
281.0002438707415 0.0 0.0 0.0 0.0 0.0 0.0 280.0 274.3683808424996 0.0 0.0 -2.820235627695335E-16 -1.6977818478725802E-13 -6.187964672383976E-16 6.338619346225095E-9 1.7384679356738668E-6 
282.0003901091284 0.0 0.0 0.0 0.0 0.0 0.0 280.0 277.108152498273 0.0 0.0 -1.0323846829211909E-16 -6.21495579118553E-14 -2.242790670413157E-16 3.2075046769238965E-13 8.878068804207653E-11 
283.00037917625315 0.0 0.0 0.0 0.0 0.0 0.0 280.0 278.5781469967306 0.0 0.0 -1.505908206841693E-17 -9.065567405186955E-15 -3.2542277644245186E-17 -1.455593077909232E-15 -3.8691638376376605E-13 
284.0003171900834 0.0 0.0 0.0 0.0 0.0 0.0 280.0 273.5563964820986 0.0 0.0 -1.0360289908890213E-18 -6.236894525151951E-16 -2.2799300639128323E-18 -1.2620393535347583E-15 -3.4594085933645056E-13 
285.0007294000144 0.0 0.0 0.0 0.0 0.0 0.0 280.0 277.1565998148371 0.0 0.0 -4.806113867094328E-21 -2.8932805479907604E-18 -1.0439154434437805E-20 -1.2620393535347583E-15 -3.4594085933645056E-13 
286.0000792617946 0.0 0.0 0.0 0.0 0.0 0.0 280.0 277.328231822038 0.0 0.0 -2.3219994170847593E-20 -1.3978436490850204E-17 -5.040394336707916E-20 -1.2620393535347583E-15 -3.4594085933645056E-13 
287.0002491060388 0.0 0.0 0.0 0.0 0.0 0.0 280.0 277.63481224600923 0.0 0.0 -2.7341135580406265E-20 -1.6459363619404306E-17 -5.92842211906043E-20 -1.2620393535347583E-15 -3.4594085933645056E-13 
288.00016932483317 0.0 0.0 0.0 0.0 0.0 0.0 280.0 278.4679861794505 0.0 0.0 -2.84194412391959E-20 -1.710850362599584E-17 -6.143795507958594E-20 -1.2620393535347583E-15 -3.4594085933645056E-13 
289.0011069164863 0.0 0.0 0.0 0.0 0.0 0.0 280.0 277.38112971001857 0.0 0.0 -9.813144509154372E-21 -5.9075129945110004E-18 -2.1297458124447283E-20 -3.2542277644245186E-17 -9.065567405186955E-15 
290.00010896142896 0.0 0.0 0.0 0.0 0.0 0.0 280.0 275.9055937527594 0.0 0.0 -3.391911128852211E-22 -2.0419304995690364E-19 -7.400830377505221E-22 -3.2542277644245186E-17 -9.065567405186955E-15 
291.00077082524984 0.0 0.0 0.0 0.0 0.0 0.0 280.0 272.1087914504158 0.0 0.0 5.287714550833191E-24 3.1832041596015513E-21 1.1698277525816731E-23 -3.2542277644245186E-17 -9.065567405186955E-15 
292.00000913944166 0.0 0.0 0.0 0.0 0.0 0.0 280.0 275.4758223460097 0.0 0.0 4.1743721490110676E-24 2.512972033704667E-21 9.12229615036148E-24 -3.2542277644245186E-17 -9.065567405186955E-15 
293.0003398735669 0.0 0.0 0.0 0.0 0.0 0.0 280.0 272.469081854864 0.0 0.0 1.7506061497779342E-24 1.0538649021663176E-21 3.86783298490975E-24 -3.2542277644245186E-17 -9.065567405186955E-15 
294.0011337332612 0.0 0.0 0.0 0.0 0.0 0.0 279.0 277.31928257592466 0.0 0.0 4.9062273648230945E-25 2.9535488736235047E-22 1.0650355237432435E-24 -3.2542277644245186E-17 -9.065567405186955E-15 
295.000436184747 0.0 0.0 0.0 0.0 0.0 0.0 280.0 276.7863275313364 0.0 0.0 5.050877000890335E-26 3.040627954535974E-23 1.0985470206044513E-25 -3.2542277644245186E-17 -9.065567405186955E-15 
296.0001048174676 0.0 0.0 0.0 0.0 0.0 0.0 280.0 277.5126819129517 0.0 0.0 3.930343829495467E-27 2.366066985356245E-24 8.525977872601934E-27 -3.2542277644245186E-17 -9.065567405186955E-15 
297.0002879568204 0.0 0.0 0.0 0.0 0.0 0.0 280.0 269.68732201152017 0.0 0.0 3.803298363516583E-29 2.289585614836975E-26 8.489778450687316E-29 -3.2542277644245186E-17 -9.065567405186955E-15 
298.00009805860566 0.0 0.0 0.0 0.0 0.0 0.0 280.0 271.9584014620838 0.0 0.0 -2.0684375701376954E-28 -1.2451994172228978E-25 -4.578639271772975E-28 -3.2542277644245186E-17 -9.065567405186955E-15 
299.0005069152773 0.0 0.0 0.0 0.0 0.0 0.0 280.0 272.8792358199698 0.0 0.0 -5.357010645043269E-28 -3.2249204083160377E-25 -1.1818123129176663E-27 3.86783298490975E-24 1.0538649021663176E-21 
300.0003535744839 0.0 0.0 0.0 0.0 0.0 0.0 278.0 270.22145008613927 0.0 0.0 -2.386890922562989E-28 -1.43690833538293E-25 -5.31752136969468E-28 1.0650355237432435E-24 2.9535488736235047E-22 
#####################################################################
# End of data export. Simulation finished at: 2021-12-09T08:55+0000 #
#####################################################################
