#####################################################################
# Alchemist log file - simulation started at: 2021-12-09T08:43+0000 #
#####################################################################
# random = 26.0
#
# The columns have the following meaning: 
# time localWarningInSystem[Min] localWarningInSystem[Max] localWarningInSystem[Mean] localWarningInSystem[Sum] meanWarningAtDetector[Sum] dataAtCollector[Sum] inSurveillanceArea[Sum] numDevicesAtDetector[Sum] localWarningInSurveillanceArea[Mean] localWarningInSurveillanceArea[Sum] sumWarningAtDetector[Mean] sumWarningAtDetector[Sum] meanWarningOverallAtDetector[Sum] meanWarningAtCollector[Sum] sumWarningAtCollector[Sum] 
0.0 0.0 0.0 0.0 0.0 0.0 0.0 0.0 0.0 0.0 0.0 0.0 0.0 0.0 0.0 0.0 
1.0038656093890974 0.0 0.0 0.0 0.0 0.0 0.0 40.0 1.0 0.0 0.0 0.0 0.0 0.0 0.0 0.0 
2.0 0.0 0.0 0.0 0.0 0.0 0.0 244.0 14.109152592753627 0.0 0.0 0.0 0.0 0.0 0.0 0.0 
3.0001711047466264 0.0 0.0 0.0 0.0 0.0 0.0 275.0 65.65005122134497 0.0 0.0 0.0 0.0 0.0 0.0 0.0 
4.000012029631028 0.0 0.0 0.0 0.0 0.0 0.0 276.0 126.2665791889236 0.0 0.0 0.0 0.0 0.0 0.0 0.0 
5.000234718477174 0.0 0.0 0.0 0.0 0.0 0.0 276.0 196.6072372561989 0.0 0.0 0.0 0.0 0.0 0.0 0.0 
6.00053995494586 0.0 0.0 0.0 0.0 0.0 0.0 276.0 246.0981076818984 0.0 0.0 0.0 0.0 0.0 0.0 0.0 
7.0004952249375965 0.0 0.0 0.0 0.0 0.0 0.0 276.0 266.6422962408366 0.0 0.0 0.0 0.0 0.0 0.0 0.0 
8.000114549722502 0.0 0.0 0.0 0.0 0.0 0.0 276.0 268.61217568260935 0.0 0.0 0.0 0.0 0.0 0.0 0.0 
9.00011954609647 0.0 0.0 0.0 0.0 0.0 0.0 275.0 268.5829133265747 0.0 0.0 0.0 0.0 0.0 0.0 0.0 
10.000246579345658 0.0 0.0 0.0 0.0 0.0 0.0 275.0 271.15356354207637 0.0 0.0 0.0 0.0 0.0 0.0 0.0 
11.000967300338143 0.0 0.0 0.0 0.0 0.0 0.0 275.0 273.0915459776128 0.0 0.0 0.0 0.0 0.0 0.0 0.0 
12.000361484974013 0.0 0.0 0.0 0.0 0.0 0.0 275.0 273.1802717241895 0.0 0.0 0.0 0.0 0.0 0.0 0.0 
13.000310326925804 0.0 0.0 0.0 0.0 0.0 0.0 275.0 272.2787085176575 0.0 0.0 0.0 0.0 0.0 0.0 0.0 
14.000570509152793 0.0 0.0 0.0 0.0 0.0 0.0 275.0 271.376945523815 0.0 0.0 0.0 0.0 0.0 0.0 0.0 
15.000150413026601 0.0 0.0 0.0 0.0 0.0 0.0 275.0 271.0665767160641 0.0 0.0 0.0 0.0 0.0 0.0 0.0 
16.000019754085557 0.0 0.0 0.0 0.0 0.0 0.0 275.0 268.7238717328595 0.0 0.0 0.0 0.0 0.0 0.0 0.0 
17.000023873686164 0.0 0.0 0.0 0.0 0.0 0.0 275.0 269.6580400634626 0.0 0.0 0.0 0.0 0.0 0.0 0.0 
18.000311997776162 0.0 0.0 0.0 0.0 0.0 0.0 274.0 273.7070228403077 0.0 0.0 0.0 0.0 0.0 0.0 0.0 
19.00029289592164 0.0 0.0 0.0 0.0 0.0 0.0 274.0 271.05332029335983 0.0 0.0 0.0 0.0 0.0 0.0 0.0 
20.000329318269046 0.0 0.0 0.0 0.0 0.0 0.0 274.0 268.82088484527617 0.0 0.0 0.0 0.0 0.0 0.0 0.0 
21.000063471445873 0.0 0.0 0.0 0.0 0.0 0.0 274.0 265.4441046424747 0.0 0.0 0.0 0.0 0.0 0.0 0.0 
22.0011100582086 0.0 0.0 0.0 0.0 0.0 0.0 274.0 272.2946313072214 0.0 0.0 0.0 0.0 0.0 0.0 0.0 
23.000372677074335 0.0 0.0 0.0 0.0 0.0 0.0 275.0 271.6811907437695 0.0 0.0 0.0 0.0 0.0 0.0 0.0 
24.000722196981016 0.0 0.0 0.0 0.0 0.0 0.0 275.0 274.19771810088326 0.0 0.0 0.0 0.0 0.0 0.0 0.0 
25.000034782916924 0.0 0.0 0.0 0.0 0.0 0.0 276.0 270.83956203433866 0.0 0.0 0.0 0.0 0.0 0.0 0.0 
26.000231886104046 0.0 0.0 0.0 0.0 0.0 0.0 276.0 272.6007136112505 0.0 0.0 0.0 0.0 0.0 0.0 0.0 
27.000176352384415 0.0 0.0 0.0 0.0 0.0 0.0 276.0 269.5667583364307 0.0 0.0 0.0 0.0 0.0 0.0 0.0 
28.000214383134136 0.0 0.0 0.0 0.0 0.0 0.0 277.0 265.2635852114203 0.0 0.0 0.0 0.0 0.0 0.0 0.0 
29.00032398444561 0.0 0.0 0.0 0.0 0.0 0.0 276.0 267.03855617844835 0.0 0.0 0.0 0.0 0.0 0.0 0.0 
30.000347778193827 0.0 0.0 0.0 0.0 0.0 0.0 277.0 271.52168691341365 0.0 0.0 0.0 0.0 0.0 0.0 0.0 
31.000231377871504 2.0959032745318584E-95 39.31391631787851 0.8085360921944472 486.73872750105687 0.0 0.0 277.0 269.7578605934527 1.7567321281986528 486.6147995110265 0.011759270644127694 7.079080927764926 0.026242352723999704 0.0 0.0 
32.00024841678283 2.930517598421156E-95 38.85532867543567 0.8110585642699665 488.25725569051957 0.0 0.0 277.0 271.94426500788967 1.7622279687095723 488.13714733255154 0.1457662894295855 87.7513062366111 0.32268121643993947 0.0 0.0 
33.000383370383744 3.658228676504186E-95 38.972069685126215 0.8126002477610629 489.18534915215963 0.0 0.0 276.0 265.39636429760714 1.7719854985419516 489.06799759757877 0.442107493760725 266.1487112439599 1.0028348050220806 0.0 0.0 
34.00010652403251 6.24915171362774E-95 38.73721567126097 0.8120291975326209 488.84157691463804 0.0 0.0 278.0 271.34120301244957 1.7580066723909131 488.72585492467397 0.6867118893678543 413.40055739945217 1.5235450893924307 0.0 0.0 
35.00028500379885 7.14348879877465E-95 38.73721567126097 0.8115097473820995 488.5288679240243 0.0 0.0 277.0 273.7187244486704 1.7632322669614586 488.41533794832435 0.7906563659740076 475.97513231635816 1.7389206137617241 0.0 0.0 
36.00142159674234 7.14348879877465E-95 38.73721567126097 0.8126057105526027 489.18863775266675 0.0 0.0 277.0 267.2812475610359 1.7656307970214342 489.0797307749371 0.7996425060752382 481.38478865729843 1.801042134642724 0.0 0.0 
37.00004686647159 5.920679864749086E-95 38.380548554832764 0.8134498667484201 489.6968197825489 0.0 0.0 277.0 267.6120291926636 1.767475110530233 489.5906056168743 0.8135939120295113 489.78353504176255 1.8301999970604819 0.026242352723999704 7.079080927764926 
38.00067562731491 5.537698948101774E-95 38.43923031879939 0.8106431109926079 488.00715281755 0.0 0.0 276.0 272.0684872147289 1.7677702921165144 487.90460062415804 0.8101352662723508 487.7014302959571 1.7925686112667683 0.32268121643993947 87.7513062366111 
39.00000853880305 7.735569147623303E-95 38.07472907521202 0.8117581519417617 488.6784074689406 0.0 0.0 277.0 271.0003540082787 1.7638162421938601 488.57709908769937 0.8074924208921315 486.1104373770598 1.7937631083766399 1.0028348050220806 266.1487112439599 
40.00023612339603 7.418557398932289E-95 37.899355873965405 0.8107514823732419 488.0723923886917 0.0 0.0 277.0 271.9569623640884 1.7616422486439545 487.97490287437546 0.8068245135856872 485.70835717858597 1.785975078396166 1.5235450893924307 413.40055739945217 
41.00019308916771 6.985369923711594E-95 37.660922010888115 0.8102179675490147 487.75121646450685 0.0 0.0 278.0 271.0710391893504 1.7541555723867046 487.6552491235038 0.8117800300555266 488.6915780934207 1.802817370512445 1.7389206137617241 475.97513231635816 
42.00025478598368 6.536932057494166E-95 37.7807904083363 0.80887423756649 486.942291015027 0.0 0.0 278.0 273.1637563590671 1.7512494599253083 486.8473498592357 0.79842176691422 480.6499036823678 1.7595668989504052 1.801042134642724 481.38478865729843 
43.00008416661619 1.1075306061715708E-94 37.48641351174421 0.8059741783089027 485.1964553419596 0.0 0.0 278.0 270.8901582691682 1.7449728102931468 485.1024412614951 0.8040867925609143 484.0602491216772 1.78692445755336 1.8301999970604819 489.78353504176255 
44.00043569135956 9.973308709608308E-95 37.262789479976796 0.802862172410263 483.32302779097813 0.0 0.0 278.0 271.7396090080461 1.7382410720961048 483.23101804271676 0.8011699256730074 482.304295255155 1.7748766807155971 1.7925686112667683 487.7014302959571 
45.00015524333142 9.973308709608308E-95 36.884845779018924 0.8022671117498567 482.9648012734137 0.0 0.0 278.0 272.112224963754 1.736965825722615 482.8764995508871 0.7868513781190621 473.68452962766867 1.7407690142946155 1.7937631083766399 486.1104373770598 
46.000033286000516 1.0400646325805922E-94 37.112386551220915 0.8035072580237111 483.7113693302743 0.0 0.0 278.0 272.3094507951078 1.7396551436462435 483.6241299336557 0.7933244079996675 477.58129361580666 1.753818283652411 1.785975078396166 485.70835717858597 
47.000073226429855 1.3683644456281333E-94 36.029958869885796 0.8021568967290351 482.8984518308786 0.0 0.0 278.0 272.76041922168866 1.7367363838907042 482.8127147216157 0.7875665956574596 474.1150905857853 1.7382107416415271 1.802817370512445 488.6915780934207 
48.0006058756964 1.5635701229863175E-94 35.87655853211981 0.8014690190416796 482.48434946309084 0.0 0.0 278.0 275.495857254413 1.7352509340387932 482.39975966278456 0.8023468789387858 483.01282112114257 1.7532489451378328 1.7595668989504052 480.6499036823678 
49.000044636335616 1.5635701229863175E-94 35.465159186947886 0.7985333917052404 480.71710180655475 0.0 0.0 278.0 273.19262561671536 1.7288976194638965 480.6335382109632 0.7985929187925539 480.7529371131205 1.7597581048458049 1.78692445755336 484.0602491216772 
50.00012751813859 1.786543697548372E-94 35.54228112646126 0.7991913282788712 481.1131796238804 0.0 0.0 278.0 270.8389812187717 1.7303293484019326 481.03155885573733 0.8034123651425668 483.65424381582073 1.785763045036513 1.7748766807155971 482.304295255155 
51.000271372063295 1.6422391334274595E-94 35.66253803974466 0.7973393664763024 479.9982986187339 0.0 0.0 278.0 271.48993430626234 1.7263202118258467 479.9170188875853 0.788340535766625 474.58100253150735 1.748061134362875 1.7407690142946155 473.68452962766867 
52.00029153765131 2.1437347639155247E-94 35.66253803974466 0.803049893413978 483.43603583521474 0.0 0.0 278.0 268.1226601240483 1.7386952053516194 483.35726708775024 0.7988088039191885 480.8828999593543 1.7935183088847149 1.753818283652411 477.58129361580666 
53.00085167037694 2.0056014065836234E-94 35.58515515900584 0.8021805213030083 482.912673824411 0.0 0.0 278.0 272.78175872948907 1.7368266527097906 482.83780945332194 0.7882700608246271 474.53857661642627 1.7396272347045554 1.7382107416415271 474.1150905857853 
54.00054606592813 3.0540936100971703E-94 34.61874255181006 0.799194438208304 481.11505180139875 0.0 0.0 278.0 274.2549816199591 1.7303672982937406 481.04210892565976 0.7990147926114084 481.0069051520651 1.7538675225181743 1.7532489451378328 483.01282112114257 
55.000273109148544 2.807030891459794E-94 34.69672241694426 0.7969481088943736 479.7627615544129 0.0 0.0 278.0 275.4920783402744 1.7255082630367653 479.6912971242207 0.8083073173971025 486.6010050730492 1.7662976300611566 1.7532489451378328 483.01282112114257 
56.00033209869927 2.6263033904805235E-94 34.8179868420072 0.7957152076260974 479.0205549909107 0.0 0.0 278.0 274.62312860754054 1.7228393164159097 478.949329963623 0.797005640012764 479.7973952876899 1.7471121158675624 1.7532489451378328 483.01282112114257 
57.000668790425465 2.6263033904805235E-94 34.262286408883114 0.7951893090326106 478.7039640376315 0.0 0.0 278.0 272.79158642119063 1.721703914577162 478.6336882524511 0.7916092329770282 476.5487582521688 1.746933490523336 1.7532489451378328 483.01282112114257 
58.000040906328714 2.857459256129454E-94 33.00124300744151 0.7923521988151542 476.99602368672276 0.0 0.0 278.0 273.9267925650123 1.7155759592971462 476.93011668460673 0.786615663944101 473.54262969434495 1.728719652649373 1.7532489451378328 483.01282112114257 
59.000547212207366 3.9267442046259516E-94 32.57826107188179 0.7899327809368016 475.5395341239548 0.0 0.0 278.0 274.26306561086307 1.7103432445795983 475.4754219931286 0.7845824444013174 472.3186315295866 1.7221372133269077 1.7532489451378328 483.01282112114257 
60.00013008798849 3.3855869966706964E-94 32.7357400804886 0.7897927372813683 475.45522784338374 0.0 0.0 278.0 269.3793219471984 1.7100529179869115 475.39471120036154 0.7654291427340177 460.78834392588305 1.710555734549674 1.7532489451378328 483.01282112114257 
61.000161980374294 4.859135958183198E-94 32.7357400804886 0.7914600575456656 476.4589546424903 0.0 0.0 277.0 275.1783128671978 1.7198568436529869 476.4003456918773 0.7903467779531461 475.7887603277984 1.7290198321603056 1.7532489451378328 483.01282112114257 
62.00045808705991 4.546993254470724E-94 32.48356004320531 0.790126244779318 475.655999357149 0.0 0.0 276.0 274.59739173432587 1.7231822263927348 475.5982944843947 0.7912024508467753 476.3038754097558 1.7345535309038251 1.7471121158675624 479.7973952876899 
63.000121882662526 4.546993254470724E-94 31.77496008772699 0.7873946401950538 474.0115733974223 0.0 0.0 278.0 267.18378464173674 1.7048733348220233 473.9547870805224 0.7682584254120206 462.4915720980339 1.730986679143657 1.746933490523336 476.5487582521688 
64.00114150815274 7.731559863667034E-94 31.77496008772699 0.7892148482054389 475.1073386196741 0.0 0.0 277.0 274.70133522224006 1.7149886305867947 475.0518506725419 0.7832427151250971 471.5121145053054 1.7164536682133003 1.728719652649373 473.54262969434495 
65.0002728030886 1.0079122359301204E-93 31.90231446670873 0.7896313992401052 475.3581023425433 0.0 0.0 276.0 271.47508585101144 1.722117223468838 475.3043536773991 0.7777506772139409 468.20590768278953 1.7246735781114961 1.728719652649373 473.54262969434495 
66.00006511774029 1.0079122359301204E-93 31.618589648829364 0.7885366568629161 474.69906743147567 0.0 0.0 277.0 273.7657126677381 1.713528588176662 474.64741892493544 0.7734177187645963 465.59746669629027 1.7007150463044767 1.7290198321603056 475.7887603277984 
67.00029047785581 1.403649376756807E-93 31.297893131961796 0.7887392718658406 474.8210416632354 0.0 0.0 276.0 272.04496407342015 1.720181313802119 474.7700426093849 0.788130332874252 474.4544603902948 1.7440295651355924 1.7345535309038251 476.3038754097558 
68.00039142520839 1.288839510845383E-93 31.362468092311268 0.7890667775636785 475.01820009333426 0.0 0.0 275.0 268.65990361373565 1.7271171435982156 474.9572144895093 0.7779585732276592 468.331061083045 1.7432116024145734 1.730986679143657 462.4915720980339 
69.00022582358937 1.6124297606377564E-93 30.814804116812212 0.7871466679256285 473.862294091228 0.0 0.0 277.0 273.3255290196825 1.7104841622140718 473.8041129332979 0.7804634505683726 469.8389972421623 1.7189722413683817 1.7164536682133003 471.5121145053054 
70.0006156284197 2.9232388870836427E-93 30.687699124274452 0.7856506408730289 472.96168580556355 0.0 0.0 277.0 271.97765092441284 1.7072333776759718 472.9036456162442 0.7812964150000151 470.34044183000464 1.7293348928905932 1.7246735781114961 468.20590768278953 
71.00000561328476 2.9232388870836427E-93 30.640680709404545 0.7819020894533507 470.7050578509174 0.0 0.0 277.0 272.6979951252411 1.6990912762678996 470.64828352620816 0.7820763299797027 470.80995064778085 1.7264884929995672 1.7246735781114961 468.20590768278953 
72.00094512451095 3.494157226053729E-93 31.03557467046666 0.7812047275407593 470.28524597953725 0.0 0.0 277.0 272.1411447743185 1.697579320554002 470.2294717934586 0.7794903186338983 469.2531718176117 1.724300719785516 1.7440295651355924 474.4544603902948 
73.0000123902977 3.2065035231878355E-93 31.128821194258006 0.7813188376884169 470.35394028842694 0.0 0.0 278.0 270.9162791618375 1.6917607273437012 470.30948220154886 0.7840251851568322 471.9831614644057 1.7421734970103318 1.7432116024145734 468.331061083045 
74.00006738198928 3.2065035231878355E-93 31.61964361956689 0.7841344844795355 472.0489596566806 0.0 0.0 279.0 274.55265768357265 1.6917771158342836 472.00581531776515 0.784442203726406 472.2342066432995 1.720013241276137 1.7432116024145734 468.331061083045 
75.00013030593483 4.998716094848893E-93 31.740026848717957 0.7881902809371856 474.4905491241859 0.0 0.0 280.0 273.35981913756956 1.694465169713813 474.4502475198677 0.7661908115696516 461.24686856493594 1.6873250429420696 1.7432116024145734 468.331061083045 
76.00001469471182 5.10789128126275E-93 32.304134581636355 0.7900566705240103 475.61411565545416 0.0 0.0 278.0 270.1140291825269 1.7106639894530478 475.56458906794745 0.7610237067288834 458.1362714507935 1.6960846974046373 1.7432116024145734 468.331061083045 
77.00014771306466 4.295771206049393E-93 32.6229963722382 0.794996326640123 478.5877886373541 0.0 0.0 279.0 269.2736288608401 1.7152298881786794 478.54913880185154 0.772844032326952 465.2521074608308 1.72780420210132 1.7432116024145734 468.331061083045 
78.00007046034112 4.295771206049393E-93 33.027287593534005 0.7950515716195846 478.6210461149895 0.0 0.0 280.0 274.95873790117776 1.7092293325234136 478.58421310655586 0.7835415380541603 471.69200590860703 1.715501058482952 1.720013241276137 472.2342066432995 
79.00049819416111 3.7708399122364854E-93 33.20445708793914 0.7952358635222987 478.731989840424 0.0 0.0 279.0 275.35905453002266 1.715753731833701 478.6952911816027 0.7813120430865261 470.34984993808973 1.708132862167447 1.6873250429420696 461.24686856493594 
80.00146825575158 3.940986601268962E-93 33.20445708793914 0.7981888446902431 480.50968450352644 0.0 0.0 278.0 272.48650670786856 1.728321607990508 480.4734070213611 0.7819790437197122 470.75138431926854 1.727613561518328 1.6960846974046373 458.1362714507935 
81.00067726532383 5.979431776654737E-93 33.20445708793914 0.7986367020860304 480.7792946557903 0.0 0.0 279.0 274.8696866201439 1.7230944386206475 480.7433483751607 0.788913459370838 474.9259025412501 1.7278220395309498 1.6960846974046373 458.1362714507935 
82.00067570755816 8.308655186549325E-93 33.76250216391957 0.7980533497885013 480.42811657267794 0.0 0.0 279.0 267.4469643277777 1.7218370779259828 480.3925447413491 0.7741644751469406 466.04701403845183 1.7425773188708689 1.6960846974046373 458.1362714507935 
83.00010904014236 1.0120345109431563E-92 35.144280719189446 0.8009826817018785 482.19157438453107 0.0 0.0 280.0 275.27068202540374 1.72199146007811 482.15760882187055 0.7972064799483621 479.9183009289177 1.7434413915704534 1.6960846974046373 458.1362714507935 
84.000351531957 1.0120345109431563E-92 35.256922548010635 0.8045024723729455 484.3104883685132 0.0 0.0 280.0 274.1551759840337 1.7295607972844698 484.27702323965144 0.7993337566540892 481.19892150576374 1.7552064073880111 1.6960846974046373 458.1362714507935 
85.00013790348656 1.2605823327811898E-92 36.07241915411508 0.8058743422185967 485.13635401559526 0.0 0.0 279.0 276.638880980202 1.7387231045143305 485.10374615949837 0.8192191268623387 493.1699143711355 1.7827208981749383 1.6960846974046373 458.1362714507935 
86.00006947397647 1.1804437767713017E-92 36.470393089727224 0.8044753054710643 484.29413389358007 0.0 0.0 280.0 277.20292230836105 1.7295075610497552 484.2621170939311 0.8109833933960388 488.2120028244166 1.7612079943418801 1.6960846974046373 458.1362714507935 
87.00051939375774 9.078801672299267E-93 36.63772916667597 0.8031474098464204 483.4947407275446 0.0 0.0 279.0 277.1200130247425 1.7328412287585842 483.4627028236448 0.8028912336392535 483.34052265082704 1.7441559610769515 1.6960846974046373 458.1362714507935 
88.00009444151642 9.696117453048216E-93 37.053671767702305 0.8009440164149324 482.168297881789 0.0 0.0 279.0 271.9035210291577 1.7280892608090335 482.1369037657203 0.7976273229809239 480.17164843451775 1.7659633336746174 1.6960846974046373 458.1362714507935 
89.00005095524921 8.688767489590161E-93 37.27334876668114 0.8021349370415579 482.8852320990179 0.0 0.0 280.0 275.2224294547494 1.7244795994265305 482.85428783942854 0.7959055062784381 479.13511477962584 1.7409014073774924 1.6960846974046373 458.1362714507935 
90.0005298101125 8.134230121080263E-93 37.19329715321409 0.8004767994645194 481.88703327764074 0.0 0.0 280.0 277.38747305794294 1.7209181942715082 481.8570943960223 0.7955019630749982 478.8921817711444 1.7264376667475159 1.7827208981749383 493.1699143711355 
91.00056129155534 8.134230121080263E-93 37.19329715321409 0.80132233542849 482.3960459279509 0.0 0.0 280.0 277.957702856612 1.722741717305295 482.3676808454826 0.7973605411989052 480.0110458017357 1.7269211857365057 1.7612079943418801 488.2120028244166 
92.0001430788738 8.134230121080263E-93 37.669919861603695 0.8054699573172216 484.8929143049669 0.0 0.0 280.0 277.8281537909441 1.731661606839069 484.8652499149391 0.8005170184392041 481.9112451004054 1.7345659125065727 1.7441559610769515 483.34052265082704 
93.00006357151304 8.134230121080263E-93 38.95973048389661 0.8123627933075553 489.04240157114833 0.0 0.0 281.0 265.7596642926418 1.7402731188267007 489.01674639030267 0.7848859744641288 472.50135662740973 1.7779272783363915 1.7659633336746174 480.17164843451775 
94.00076815017154 1.0567829480497632E-92 39.29906719953017 0.8123632366167858 489.04266844330544 0.0 0.0 282.0 274.95547117645424 1.7341056266345316 489.0177867109379 0.792482804442711 477.074648274516 1.7350978550572307 1.7409014073774924 479.13511477962584 
95.00026926778075 1.0337129398142342E-92 39.484646270102786 0.8122151851639559 488.9535414687011 0.0 0.0 282.0 270.5511791488309 1.7337943374467324 488.93000315997847 0.7980949354744823 480.45315115563454 1.7758309265816803 1.7264376667475159 478.8921817711444 
96.00032858861283 1.1786613421772402E-92 39.438826814603544 0.8122371564296538 488.9667681706509 0.0 0.0 282.0 275.79309103347936 1.7338440533116801 488.9440230338936 0.8161572537928986 491.3266667833322 1.7815046234196221 1.7269211857365057 480.0110458017357 
97.00003745209935 9.66675045998603E-93 39.67154247964533 0.8135658241521492 489.76662613959405 0.0 0.0 283.0 276.35784170123793 1.7305489506958796 489.74535304693404 0.8094183933513074 487.2698727974921 1.7631845356654101 1.7269211857365057 480.0110458017357 
98.00029997123775 1.1769077522214027E-92 40.402868430757096 0.8154199346669222 490.88280066948676 0.0 0.0 282.0 268.1714914209473 1.7406450384933587 490.86190085512703 0.8036806201674752 483.81573334082236 1.8041281374737164 1.7269211857365057 480.0110458017357 
99.00008802642378 1.7072896556903903E-92 40.35822549738551 0.8158995412358443 491.17152382397774 0.0 0.0 281.0 278.8879781416732 1.7478672840666574 491.1507068227306 0.807663124867447 486.21320117019786 1.7433996417127913 1.7269211857365057 480.0110458017357 
100.00009621439398 1.7072896556903903E-92 40.71765956641749 0.8154987629416229 490.9302552908571 0.0 0.0 283.0 278.8107196101871 1.7346676029985686 490.9109316485946 0.8116409520492699 488.607853133665 1.752471547065339 1.7269211857365057 480.0110458017357 
101.00024002289233 1.7072896556903903E-92 41.452607354583726 0.8214492196908552 494.5124302538942 0.0 0.0 283.0 280.72138783478965 1.7473265608699504 494.4934167261958 0.8236775681795959 495.85389604412256 1.7663559583708772 1.7269211857365057 480.0110458017357 
102.00062174681239 1.5640076930727826E-92 41.452607354583726 0.8234976931634267 495.7456112843827 0.0 0.0 281.0 276.6770327934926 1.7641554462200808 495.72768038784255 0.8055743570926293 484.9557629697696 1.7527864820342098 1.7269211857365057 480.0110458017357 
103.00028307698545 1.5640076930727826E-92 41.79948908226222 0.8251071046425923 496.7144769948407 0.0 0.0 281.0 276.3978731313656 1.7676051844189402 496.69705682172196 0.8127125810338287 489.25297378235854 1.7701039745332185 1.7269211857365057 480.0110458017357 
104.00024741634714 2.1180738547074172E-92 42.28836099134226 0.8284564281707615 498.73076975879866 0.0 0.0 282.0 268.1267266705298 1.7684902201962063 498.7142420953303 0.7980587274292636 480.43135391241213 1.7918070304970348 1.7269211857365057 480.0110458017357 
105.00030575174439 2.1180738547074172E-92 42.492541269501146 0.832827952372089 501.36242732799724 0.0 0.0 282.0 277.8257049915123 1.7778232325027552 501.3461515657771 0.8192571976132185 493.19283296315126 1.7751879113497384 1.7409014073774924 479.13511477962584 
106.0003956453105 2.1180738547074172E-92 42.82527908195469 0.8329301897290657 501.4239742168979 0.0 0.0 281.0 278.72094083031647 1.7843710945551996 501.408277570011 0.8241251044009087 496.12331284934186 1.7800001369519578 1.7663559583708772 495.85389604412256 
107.0008034758852 2.2142353212849898E-92 42.82527908195469 0.831648086400067 500.65214801284003 0.0 0.0 280.0 278.9564206469342 1.7879902171475373 500.63726080131033 0.8235931868532123 495.803098485631 1.777349656752129 1.7409014073774924 479.13511477962584 
108.0005395376951 2.2142353212849898E-92 42.95776612410981 0.8329670311542663 501.4461527548684 0.0 0.0 280.0 273.8836001479698 1.790828230321621 501.4319044900538 0.8107722570196936 488.0848987258509 1.7820888087572808 1.7918070304970348 480.43135391241213 
109.00006660208705 3.2654811452532175E-92 43.40951084477213 0.8332577415099961 501.6211603890176 0.0 0.0 280.0 268.21435780980306 1.791452601211599 501.60672833924747 0.8146539193820324 490.4216594679897 1.828469077765624 1.7751879113497384 493.19283296315126 
110.0000672528243 4.941276917320065E-92 43.581559626355656 0.8335824449258864 501.8166318453835 0.0 0.0 280.0 276.25713159087815 1.792152509760795 501.80270273302267 0.8265657603613182 497.5925877375089 1.801193637507308 1.7751879113497384 493.19283296315126 
111.00041541308225 5.6303935310925795E-92 43.99804616779202 0.8367093669280276 503.6990388906729 0.0 0.0 279.0 270.5116730316122 1.805324457010773 503.6855235060058 0.8185511234062879 492.7677762905832 1.821613724717151 1.7800001369519578 496.12331284934186 
112.00016384255666 8.327633636733141E-92 43.9357597324104 0.8362121534187924 503.39971635811327 0.0 0.0 280.0 276.68358103508234 1.7978085780806794 503.3864018625901 0.8281978597524549 498.57511157098486 1.8019685508832834 1.777349656752129 495.803098485631 
113.00031968393837 8.327633636733141E-92 44.24315999896181 0.8394971363601699 505.3772760888217 0.0 0.0 280.0 275.681675538791 1.8048729722209038 505.3644322218531 0.8156156447377554 491.0006181321304 1.7810419106475648 1.7820888087572808 488.0848987258509 
114.00001948435468 7.801950629155294E-92 44.65629253623487 0.8396174645138442 505.44971363733436 0.0 0.0 279.0 276.9134879765146 1.811603172643637 505.43728516757454 0.8386175650983235 504.84777418919305 1.8231245356745132 1.801193637507308 497.5925877375089 
115.0005025393243 7.801950629155294E-92 45.23458252097647 0.8423711469415767 507.10743045882873 0.0 0.0 280.0 276.3603206880616 1.8110550271125008 507.0954075915001 0.835867188887268 503.192047710138 1.8207825438084868 1.821613724717151 492.7677762905832 
116.00010408351386 7.801950629155294E-92 45.45829115562339 0.8401058618996063 505.7437288635624 0.0 0.0 281.0 275.6835307619101 1.7997598334482263 505.7325131989514 0.8301790135033303 499.7677661290002 1.8128314185028958 1.821613724717151 492.7677762905832 
117.001277156748 7.801950629155294E-92 45.40251272473485 0.8467425395573297 509.739008813512 0.0 0.0 279.0 273.47324005605293 1.8269801010221127 509.7274481851694 0.8275416935703945 498.18009952938235 1.8216776874668688 1.821613724717151 492.7677762905832 
118.00008095067284 7.801950629155294E-92 45.541960808094615 0.8473482312886184 510.1036352357483 0.0 0.0 280.0 275.54588479288924 1.821760067271921 510.0928188361377 0.8359546601376812 503.2447054028893 1.8263553664796959 1.8231245356745132 504.84777418919305 
119.00014828882952 9.26208642126806E-92 45.507817143049564 0.8498251757238768 511.5947557857742 0.0 0.0 278.0 278.7979612615517 1.8402285185763072 511.58352816421353 0.8464003200456042 509.532992667449 1.827606594975906 1.8207825438084868 503.192047710138 
120.00006111718963 1.59462514546951E-91 45.507817143049564 0.8506733818834631 512.1053758938451 0.0 0.0 279.0 279.869004381278 1.835466735633773 512.0952192418229 0.847905869568061 510.4393334799754 1.8238508927004335 1.8128314185028958 499.7677661290002 
121.0002563216637 1.4941468227523244E-91 45.69402063647922 0.8497429272096102 511.54524218018514 0.0 0.0 279.0 277.82990055162 1.8334598484011888 511.53529770393163 0.8524186938849155 513.1560537187137 1.8470152157844173 1.8128314185028958 499.7677661290002 
122.00046456920678 1.4941468227523244E-91 45.96007135076638 0.8479957297599118 510.49342931546744 0.0 0.0 278.0 276.20442826733915 1.8362513848466935 510.4778849873809 0.8500320277093634 511.7192806810445 1.8526831155138097 1.8128314185028958 499.7677661290002 
123.00032239276582 1.6985733453803918E-91 46.38588580172018 0.8470559974028767 509.92771043653187 0.0 0.0 279.0 276.978600491173 1.8276637487370127 509.9181858976267 0.8451072866913958 508.7545865882253 1.8368010585873358 1.8128314185028958 499.7677661290002 
124.00139054628708 2.857301302899097E-91 46.3189323337665 0.8477630493591545 510.3533557142119 0.0 0.0 278.0 279.3783673651373 1.8357494575957518 510.3383492116193 0.8438567268749368 508.0017495787147 1.8183288647927953 1.8263553664796959 503.2447054028893 
125.00057818321422 3.253686594070335E-91 46.566626570338634 0.8483272446921882 510.69300130469696 0.0 0.0 276.0 274.9147099405729 1.8502820179267754 510.67783694779007 0.8406430292743899 506.067103623178 1.8408149339574165 1.8263553664796959 503.2447054028893 
126.00000220221575 2.726387789880599E-91 46.64404319208586 0.8510137408903248 512.3102720159754 0.0 0.0 278.0 277.21992219650565 1.8428089754728256 512.3008951814455 0.8464226975634959 509.54646393323 1.8380586066683948 1.8263553664796959 503.2447054028893 
127.00095669245744 2.8512439046447864E-91 46.64404319208586 0.8549845020640416 514.7006702425533 0.0 0.0 278.0 273.06187335454104 1.8514085241863216 514.6915697237978 0.8405071977408841 505.9853330400187 1.853006158728912 1.8263553664796959 503.2447054028893 
128.00025523435846 3.9447841805132724E-91 46.80628317905148 0.8555753585826181 515.056365866736 0.0 0.0 279.0 271.3510675635362 1.8460479812100632 515.0473867576077 0.8380322107154949 504.4953908507245 1.8591981059097844 1.8263553664796959 503.2447054028893 
129.00005923247974 3.9447841805132724E-91 46.75872097274049 0.8567746163649875 515.7783190517226 0.0 0.0 279.0 271.69577949626483 1.84863628390851 515.7695232104743 0.8482355411711401 510.63779578503016 1.8794469193881984 1.8263553664796959 503.2447054028893 
130.0000619013689 3.9447841805132724E-91 46.820067058173805 0.8575462124597144 516.242819900748 0.0 0.0 279.0 271.58784822513104 1.8503024214737376 516.234375591173 0.8505349403757467 512.0220341061959 1.8852906617594998 1.8263553664796959 503.2447054028893 
131.00063129086624 3.9447841805132724E-91 47.053446562593514 0.8591638522137769 517.2166390326943 0.0 0.0 279.0 270.44772594474097 1.8537930011424921 517.2082473187555 0.8378998666998494 504.4157197533074 1.8651135556465053 1.8263553664796959 503.2447054028893 
132.0001101806061 4.2947538623300173E-91 46.91484343538647 0.8563906375491808 515.547163804607 0.0 0.0 280.0 276.51957456914585 1.8412113088397213 515.5391664751219 0.8600329312764948 517.7398246284441 1.8723442108398707 0.0 0.0 
133.00000650085795 4.491433983591306E-91 46.85337316901753 0.8581756468442524 516.6217394002402 0.0 0.0 279.0 279.00320969925906 1.8516624809837245 516.6138321944592 0.8700268312383511 523.7561524054897 1.877240598665703 1.8591981059097844 504.4953908507245 
134.00033026681132 4.491433983591306E-91 47.125912332909195 0.8587134318966997 516.9454860018136 0.0 0.0 279.0 279.42211193245635 1.8528238410696114 516.9378516584214 0.8615616202571771 518.6600953948121 1.8561884448149393 1.8794469193881984 510.63779578503016 
135.00007001372146 4.491433983591306E-91 47.339771780187604 0.8614543935765554 518.5955449330858 0.0 0.0 280.0 277.8331073943594 1.8521001268793575 518.5880355262201 0.8702580971106854 523.8953744606355 1.8856477522565824 1.8852906617594998 512.0220341061959 
136.00006985964367 5.456215168503052E-91 47.339771780187604 0.8608682940635827 518.242713026276 0.0 0.0 280.0 277.8039858978631 1.850841284237909 518.2355595866143 0.8694119071232761 523.38596808821 1.8840117300571677 1.8651135556465053 504.4157197533074 
137.0001001760351 8.588243607949349E-91 47.828296908298874 0.8628614192915379 519.4425744135054 0.0 0.0 280.0 269.68807200120835 1.8551273283203547 519.435651929699 0.8519083179322277 512.8488073951977 1.9016369674402946 1.8723442108398707 517.7398246284441 
138.0004237020766 8.588243607949349E-91 47.77093737475842 0.8671333929437104 522.014302552114 0.0 0.0 280.0 275.3951338881505 1.8643129907513072 522.007637410366 0.8658205997921729 521.2240010748915 1.8926405623658638 1.877240598665703 523.7561524054897 
139.00125183917686 1.2046741948166072E-90 47.84503974212813 0.868778832511838 523.0048571721261 0.0 0.0 281.0 276.29154852779936 1.8612039931661957 522.9983220797006 0.8717488489844786 524.7928070886611 1.8994167931845318 1.8561884448149393 518.6600953948121 
140.00022234863584 1.3107335345631683E-90 47.817669578889465 0.8692572052775392 523.2928375770782 0.0 0.0 282.0 278.5382118921999 1.8556266641484693 523.2867192898681 0.8890145170280124 535.1867392508601 1.9214122745140207 1.8856477522565824 523.8953744606355 
141.00071281676898 1.3405369783773813E-90 47.817669578889465 0.8709701483657142 524.3240293161598 0.0 0.0 282.0 273.58141827619284 1.8592840225436653 524.3180943573134 0.8587440074151776 516.9638924639346 1.889616245581548 1.8840117300571677 523.38596808821 
142.0002389636973 1.0259911826396951E-90 48.005322698868795 0.8729212627241415 525.4986001599336 0.0 0.0 281.0 275.61317987865095 1.8700696354201354 525.4895675530582 0.8676347798455049 522.3161374669933 1.8951058062497683 1.9016369674402946 512.8488073951977 
143.00024551297932 8.757649780353013E-91 48.005322698868795 0.8753915879416136 526.9857359408509 0.0 0.0 281.0 275.5120864417973 1.8753631427675947 526.9770431176939 0.8451664439239848 508.7901992422358 1.846707365231032 1.8926405623658638 521.2240010748915 
144.00015088521278 8.181789667004557E-91 48.005322698868795 0.877483665145312 528.2451664174774 0.0 0.0 281.0 277.8534598012556 1.8798454380930965 528.23656810416 0.8628412841340765 519.430453048719 1.8694402920887137 1.8994167931845318 524.7928070886611 
145.00029175150775 8.181789667004557E-91 47.89423908949848 0.8806473715550851 530.1497176761611 0.0 0.0 281.0 278.51068783870915 1.8866236622438224 530.1412490905137 0.8712774657769601 524.509034397734 1.8832635776673936 1.9214122745140207 535.1867392508601 
146.00077711504363 1.0521045442221504E-90 47.948549997363045 0.8821302325133378 531.042399973029 0.0 0.0 281.0 272.6910996397486 1.8898013088288304 531.0341677809013 0.8644388937939709 520.3922140639627 1.9083578992913641 1.889616245581548 516.9638924639346 
147.00029944325607 1.4693746915473703E-90 47.89423908949848 0.8849728158558834 532.7536351452419 0.0 0.0 280.0 277.47133964116097 1.9026511360734113 532.742318100555 0.8819615539826411 530.9408554975514 1.9134980073408272 1.8951058062497683 522.3161374669933 
148.000335951179 1.885959915863354E-90 47.89423908949848 0.8896699854125961 535.5813312183826 0.0 0.0 280.0 279.03125607742965 1.9127501421829411 535.5700398112234 0.8896977136640002 535.5980236257303 1.9194911392905203 1.846707365231032 508.7901992422358 
149.00008146333153 1.7682439412446478E-90 47.89423908949848 0.891722405824311 536.8168883062351 0.0 0.0 281.0 259.8414828345441 1.9103524502499345 536.8090385202316 0.8505555226302911 512.0344246234416 1.9705645882165905 1.8694402920887137 519.430453048719 
150.00004623686735 1.7682439412446478E-90 47.89423908949848 0.8947399719536347 538.6334631160885 0.0 0.0 280.0 275.0740765981394 1.923663166819529 538.6256867094683 0.885717232571609 533.2017740081076 1.9383933978884949 1.8832635776673936 524.509034397734 
151.00056737867348 1.7682439412446478E-90 48.26927489252711 0.8955561296385274 539.1247900423929 0.0 0.0 282.0 276.76731571344095 1.9117741627769875 539.1203139031105 0.8904301585474401 536.0389554455653 1.9367856138062514 1.9083578992913641 520.3922140639627 
152.00163580404384 1.4715885830711782E-90 48.34092744610887 0.897526996218192 540.3112517233511 0.0 0.0 283.0 280.5633266879966 1.9092123962235372 540.3071081312609 0.9000402485409925 541.8242296216819 1.931201187332025 1.9134980073408272 530.9408554975514 
153.00022126511118 1.4715885830711782E-90 48.414569115436976 0.8991554781386659 541.2915978394768 0.0 0.0 283.0 272.79698091837 1.9126771438854693 541.2876317195879 0.8933997974690937 537.8266780763964 1.9715272370896662 1.9194911392905203 535.5980236257303 
154.0000448605019 1.9042263665540963E-90 48.414569115436976 0.900987714792487 542.3946043050775 0.0 0.0 282.0 274.0651491765627 1.923370959548024 542.3906105925428 0.8938755408417096 538.1130755867158 1.9634494834658596 1.9705645882165905 512.0344246234416 
155.00011702339128 1.785429768075359E-90 48.51877241742661 0.8992362429104565 541.3402182320954 0.0 0.0 282.0 279.08391168200677 1.919632417557578 541.3363417512372 0.8911230285079601 536.4560631617979 1.9222034689446579 1.9383933978884949 533.2017740081076 
156.00079212641003 1.785429768075359E-90 48.51877241742661 0.9009803417920411 542.3901657588096 0.0 0.0 281.0 278.7927836876894 1.930200619645079 542.3863741202674 0.9030614304582812 543.6429811358892 1.9499894292274493 1.9367856138062514 536.0389554455653 
157.00003046555236 1.5912506254082325E-90 48.484551801717465 0.9058474589872539 545.320170310327 0.0 0.0 281.0 280.00017344291075 1.9406280064066568 545.3164698002705 0.9013915470784074 542.6377113411979 1.9379906257516528 1.931201187332025 541.8242296216819 
158.00005382248725 1.87725227642356E-90 48.484551801717465 0.9066484725091651 545.8023804505168 0.0 0.0 281.0 268.4172097617398 1.9423451672315184 545.7989919920564 0.8781571652440188 528.6506134769029 1.9695108743070497 1.9715272370896662 537.8266780763964 
159.00002950362864 1.6722503991533845E-90 48.614826722998785 0.9072280352957507 546.1512772480417 0.0 0.0 282.0 276.7651705607928 1.9366952555560109 546.1480620667948 0.9106948115385521 548.2382765462023 1.9808788636060661 1.9634494834658596 538.1130755867158 
160.0006558940332 2.7978098941213754E-90 48.67752623062287 0.9074673711541364 546.29535743479 0.0 0.0 281.0 275.8939621597452 1.9441003566392725 546.2922002156353 0.910490303374799 548.1151626316258 1.9866877779451442 1.9634494834658596 538.1130755867158 
161.000169574054 2.7978098941213754E-90 48.968020876196114 0.9107526759753616 548.2731109371679 0.0 0.0 281.0 277.65410938072205 1.951138884416681 548.2700265210879 0.9088685413869082 547.1388619149146 1.9705772161458357 1.9634494834658596 538.1130755867158 
162.000032749778 3.6179356369919883E-90 48.90712079595065 0.9143383243972728 550.4316712871585 0.0 0.0 281.0 278.85928021662266 1.9588210031577695 550.4287018873332 0.9034455755780463 543.8742364979803 1.9503537270679658 1.9634494834658596 538.1130755867158 
163.00027055259983 3.6179356369919883E-90 48.96149224210238 0.914043631242803 550.2542660081676 0.0 0.0 282.0 274.8557656120728 1.9512459361101482 550.2513539830618 0.8968077997313639 539.878295438286 1.964224014861169 1.9634494834658596 538.1130755867158 
164.00045989967458 3.45412878205859E-90 48.97373414530616 0.9181433238749 552.7222809726898 0.0 0.0 282.0 276.1384263940541 1.9599981007377414 552.719464408043 0.9014989326190842 542.7023574366956 1.9653271894229252 1.9634494834658596 538.1130755867158 
165.00140383612384 4.465848155572226E-90 48.94870952142284 0.9176807171891563 552.4437917478722 0.0 0.0 281.0 266.88478847695103 1.9659825892768108 552.441107586784 0.8898749377638586 535.7047125338435 2.007250827561154 1.9634494834658596 538.1130755867158 
166.00005436202292 7.814937219255709E-90 49.02681777242152 0.9209279602548757 554.398632073435 0.0 0.0 281.0 275.6904595646403 1.9729396480047507 554.3960410893349 0.9133744419514923 549.8514140548065 1.9944520928403198 1.9634494834658596 538.1130755867158 
167.00030713944972 8.481638047803638E-90 49.05951321485117 0.9212535971959056 554.594665511935 0.0 0.0 281.0 279.5430931675739 1.9736376457940583 554.5921784681302 0.9164014796414665 551.6736907441646 1.9734835316194352 1.9634494834658596 538.1130755867158 
168.00007809084212 8.883866957307486E-90 49.35969085644837 0.9223444602619312 555.2513650776825 0.0 0.0 281.0 278.2987691571308 1.9759747828465954 555.2489139798931 0.914562827843704 550.566822361913 1.9783300660271925 1.9634494834658596 538.1130755867158 
169.00040164086926 1.147881998773026E-89 49.25012444013232 0.9248409986575349 556.7542811918356 0.0 0.0 281.0 272.4503358974656 1.9813233960435224 556.7518742882295 0.8983232449203206 540.7905934420363 1.9849143942533376 1.9866877779451442 548.1151626316258 
170.0004509249666 1.0766652191652293E-89 49.25203975998574 0.9254150259082393 557.0998455967599 0.0 0.0 281.0 275.9413747399537 1.9825533658975958 557.0974958172244 0.9042448230963189 544.355383503979 1.9727211405574026 1.9866877779451442 548.1151626316258 
171.00015131135407 9.368193334318165E-90 49.362981612187276 0.929043310089976 559.2840726741656 0.0 0.0 282.0 276.90057510503516 1.9832686710376186 559.2817652326082 0.9095163082568544 547.5288175706276 1.9773480692950403 2.007250827561154 535.7047125338435 
172.00007978050994 9.368193334318165E-90 49.4395535616483 0.931250705093495 560.6129244662836 0.0 0.0 282.0 278.8261079195016 1.987981116644614 560.6106748937809 0.9129180388669954 549.5766593979354 1.971037301702754 2.007250827561154 535.7047125338435 
173.00019496460078 8.737320792247953E-90 49.464004718594865 0.9308262950654447 560.3574296293978 0.0 0.0 282.0 271.70344550473 1.9870752496641728 560.3552204052963 0.9003633726324247 542.018750324725 1.9948909713597622 2.007250827561154 535.7047125338435 
174.000485240894 1.128796292878127E-89 49.464004718594865 0.9329692826657275 561.6475081647677 0.0 0.0 282.0 264.7067246251926 1.9916504507922126 561.6454271234039 0.878058308876782 528.5911019438258 1.9968933645047222 2.007250827561154 535.7047125338435 
175.00089901889618 9.931310926093977E-90 49.54761451053023 0.9352191312093537 563.0019169880305 0.0 0.0 282.0 270.257520821379 1.996453537928784 562.9998976959167 0.9144913668185809 550.5238028247768 2.037034163384611 2.007250827561154 535.7047125338435 
176.00076195367674 1.203407833247216E-89 49.54761451053023 0.9400568700417963 565.9142357651613 0.0 0.0 282.0 276.71928981406467 2.006781169687028 565.9122898517419 0.9244462261405726 556.5166281366231 2.011123360827364 2.007250827561154 535.7047125338435 
177.0001029789252 1.203407833247216E-89 49.55504721014302 0.9432447990206676 567.8333690104423 0.0 0.0 282.0 270.7882083107256 2.0135865502110804 567.8314071595245 0.905010446418684 544.8162887440536 2.0119645982475154 2.007250827561154 535.7047125338435 
178.0001706425998 1.5543671791876331E-89 49.55642375834779 0.9447510690756316 568.7401435835304 0.0 0.0 282.0 265.7442366972433 2.016802457541557 568.738293026719 0.9081476841857936 546.7049058798473 2.057259689521306 2.007250827561154 535.7047125338435 
179.0002474621352 1.2900339089720607E-89 49.55642375834779 0.9445508205855683 568.6195939925112 0.0 0.0 282.0 274.4545447286136 2.016375055560624 568.6177656680957 0.9205151881088457 554.1501432415226 2.019096254315912 2.007250827561154 535.7047125338435 
180.00003529315404 1.3434870421449744E-89 49.55642375834779 0.9464954562307817 569.7902646509302 0.0 0.0 282.0 267.898752414553 2.0205264802446163 569.7884674289816 0.918155232606123 552.7294500288854 2.0632027773446984 1.971037301702754 549.5766593979354 
181.00010219069958 1.62751097326106E-89 49.55642375834779 0.9480885969553393 570.7493353671138 0.0 0.0 282.0 274.6321663654613 2.0239275476215055 570.7475684292641 0.9396509678218271 565.66988262874 2.059736447171982 2.011123360827364 556.5166281366231 
182.00003383457275 1.5267406528696746E-89 49.6401897676092 0.9482552525335652 570.8496620252063 0.0 0.0 283.0 279.1134189425389 2.017130743238142 570.8480003363941 0.9447074878270314 568.7139076718729 2.037572789680005 1.971037301702754 549.5766593979354 
183.00001820807665 1.5628095121743008E-89 49.599391275510534 0.9490715224868849 571.3410565371048 0.0 0.0 282.0 273.91109508194734 2.026026272058681 571.3394087205479 0.9287601215077578 559.1135931476705 2.0412228755479864 1.971037301702754 549.5766593979354 
184.00013229527755 1.8378906058541236E-89 49.67881382261878 0.9506782370982721 572.3082987331596 0.0 0.0 281.0 280.48409740654233 2.036673900224663 572.3053659631302 0.931825774367122 560.9591161690013 1.9999676322323892 1.971037301702754 549.5766593979354 
185.00033917609656 1.4387251271365605E-89 49.695928361402714 0.9540438857055011 574.3344191947115 0.0 0.0 282.0 279.49207900738475 2.036641319454164 574.3328520860744 0.9536012035031515 574.0679245088905 2.053968493660683 1.971037301702754 549.5766593979354 
186.000031911611 1.4387251271365605E-89 49.75338795995662 0.9554453078191434 575.1780753071247 0.0 0.0 282.0 281.34416428608955 2.0396331066328455 575.1765360704625 0.9401598900865721 565.9762538321194 2.0116864882137624 1.971037301702754 549.5766593979354 
187.00007208750046 1.4387251271365605E-89 49.91534951580028 0.9578371672447681 576.6179746813509 0.0 0.0 282.0 275.1495285729155 2.0447392240829627 576.6164611913953 0.9211815576652096 554.5512977144555 2.0154542898571517 1.971037301702754 549.5766593979354 
188.00008001949564 1.4387251271365605E-89 49.91534951580028 0.9605325743869803 578.2406097809622 0.0 0.0 282.0 269.1091915821329 2.0504933212481875 578.2391165919894 0.9046329621873662 544.5890432367914 2.023673141876246 1.971037301702754 549.5766593979354 
189.00170406912213 1.4387251271365605E-89 49.84884006594921 0.9652134891351888 581.0585204593833 0.0 0.0 283.0 276.36633972337734 2.053206527760872 581.0574473563264 0.9316074224600721 560.8276683209677 2.0292907916438576 1.971037301702754 549.5766593979354 
190.00033584812672 1.3098213141266018E-89 49.89732778260721 0.9642745345674211 580.4932698095871 0.0 0.0 284.0 280.0721447020736 2.043988254941933 580.4926644035087 0.9576754238494829 576.5206051573899 2.0584717761584717 2.0116864882137624 565.9762538321194 
191.00002429996508 1.3727915328221234E-89 49.866567249286184 0.9649863227990698 580.9217663250396 0.0 0.0 285.0 280.4272190551872 2.038319878198255 580.9211652865025 0.9624255968917291 579.3802093288189 2.0660626713799797 2.0154542898571517 554.5512977144555 
192.00027305030315 1.2206384723261448E-89 49.89954549087388 0.9661114152889789 581.5990720039656 0.0 0.0 285.0 279.88230666412505 2.040696390969221 581.5984714262282 0.9569097113319436 576.0596462218307 2.058221018283716 2.0154542898571517 554.5512977144555 
193.000820439548 1.2794064787617205E-89 49.89982271134068 0.9656888477018466 581.3446863165112 0.0 0.0 285.0 281.0319427654215 2.0398038536683245 581.3440982954726 0.9542690180777795 574.4699488828182 2.0441446734840767 2.023673141876246 544.5890432367914 
194.00008288576512 1.2794064787617205E-89 49.84884006594921 0.9654858106114362 581.2224579880844 0.0 0.0 284.0 278.6231527204243 2.046554507988024 581.221480268599 0.9566388349011292 575.8965786104793 2.0669372698841895 2.0292907916438576 560.8276683209677 
195.0000324115893 1.2794064787617205E-89 49.79901614199707 0.9685797625269348 583.0850170412144 0.0 0.0 283.0 281.4028104524698 2.06036766410479 583.0840489416556 0.9528616718402704 573.6227264478404 2.0384399342903072 2.0584717761584717 576.5206051573899 
196.0003263152137 1.2794064787617205E-89 49.82336827986622 0.972416299886412 585.3946125316206 0.0 0.0 284.0 274.772868099217 2.061246756941535 585.394078971396 0.9395224196375709 565.5924966218172 2.05840009071634 2.0584717761584717 576.5206051573899 
197.00020576593502 1.2496840088430726E-89 49.83776377660896 0.9766310120502094 587.9318692542256 0.0 0.0 284.0 280.32356066959017 2.070180837036551 587.9313577183804 0.9544780277807191 574.5957727239977 2.049759111761777 2.0584717761584717 576.5206051573899 
198.0003015640698 1.6134937153564627E-89 49.83776377660896 0.9781196582516302 588.8280342674814 0.0 0.0 284.0 277.3226132601208 2.0733364233692164 588.8275442368574 0.968263629258382 582.894704813545 2.1018650371176406 2.0584717761584717 576.5206051573899 
199.00025137202402 1.3456084392026882E-89 49.83776377660896 0.9773608842897318 588.371252342419 0.0 0.0 285.0 281.7335859724474 2.0644588514070352 588.370772651005 0.9784631921162167 589.0348416539658 2.090751230886514 2.0584717761584717 576.5206051573899 
200.00150173721428 1.1958701263926377E-89 49.81340460266149 0.984332345505411 592.568071994257 0.0 0.0 284.0 282.4608776967454 2.086504975033914 592.5674129096318 0.9825301293106403 591.4831378450095 2.094035615367716 2.0292907916438576 560.8276683209677 
201.00085501136536 1.114000280169459E-89 49.79099361344216 0.9850293201787327 592.9876507475977 0.0 0.0 285.0 279.81348139033867 2.080656866634351 592.9872069907901 0.9628234214991133 579.6196997424622 2.0714502277104194 2.0292907916438576 560.8276683209677 
202.00036811664708 1.114000280169459E-89 49.698137118321426 0.9846169186692368 592.7393850388808 0.0 0.0 284.0 283.75681374286387 2.0871089684005057 592.7389470257436 0.9896105678411616 595.7455618403814 2.09949341473871 2.0292907916438576 560.8276683209677 
203.00010864516932 1.114000280169459E-89 49.6641883251187 0.9868270972870444 594.0699125668004 0.0 0.0 284.0 286.9290316376186 2.0917939954370732 594.0694947041289 0.9944704350303119 598.6712018882494 2.0864783130218427 2.0584717761584717 576.5206051573899 
204.00012989736445 1.114000280169459E-89 49.58148361765451 0.9862584365288687 593.727578790379 0.0 0.0 284.0 286.6901056927721 2.0905872628009012 593.7267826354561 0.9789412908453149 589.3226570888762 2.0556086358990586 2.0584717761584717 576.5206051573899 
205.00003431955514 1.114000280169459E-89 49.6112414342563 0.9879474917645573 594.7443900422643 0.0 0.0 283.0 276.29676022379306 2.101567674381155 594.7436518498672 0.957682060127416 576.5246001967009 2.0866136820776737 2.0584717761584717 576.5206051573899 
206.00007006232656 9.8959523446554E-90 49.56413313488188 0.991904265934107 597.1263680923328 0.0 0.0 284.0 281.24199666734285 2.1025545260407386 597.1254853955701 0.9739569649004279 586.3220928700542 2.084760099195159 2.09949341473871 595.7455618403814 
207.00051674371764 1.0376315148060157E-89 49.56413313488188 0.991652996690309 596.9751040075656 0.0 0.0 284.0 277.90983618357586 2.102021958006371 596.9742360738096 0.9838905338610325 592.302101384343 2.1312743352959 2.0864783130218427 598.6712018882494 
208.00024523083982 9.8959523446554E-90 49.39343150521056 0.9957652288785207 599.4506677848694 0.0 0.0 284.0 272.083315811418 2.110738834986308 599.4498291361114 0.970051249683472 583.9708523094521 2.146294235528225 2.0556086358990586 589.3226570888762 
209.0001559948584 1.4514175889640488E-89 49.27968338145055 0.9958572488301931 599.506063795776 0.0 0.0 284.0 274.17915440140916 2.1109339359260924 599.5052378030102 0.9610848090530103 578.5730550499143 2.110200741967642 2.0866136820776737 576.5246001967009 
210.00015296368667 1.2775171967800363E-89 49.27968338145055 0.9954151940120776 599.239946795271 0.0 0.0 284.0 269.5109294511346 2.1099969656361233 599.2391382406591 0.9635939147945206 580.0835367062964 2.152356262091672 2.084760099195159 586.3220928700542 
211.00077799963793 1.3395295954527597E-89 49.218395695727835 0.9949828001390782 598.9796456837248 0.0 0.0 285.0 278.1268255996163 2.101680292762042 598.9788834371819 0.9847707917610096 592.8320166401301 2.1315168551686368 2.1312743352959 592.302101384343 
212.0000172316154 1.8428084258386466E-89 49.1853211144914 0.9964468473776341 599.8610021213358 0.0 0.0 285.0 276.1799731512677 2.10477293847364 599.8602874649874 0.9842413106442996 592.513269007865 2.1453882489999994 2.1312743352959 592.302101384343 
213.00018069610846 1.8428084258386466E-89 49.23453103634183 0.9969100118819656 600.1398271529432 0.0 0.0 285.0 280.7182935969657 2.1057512847547115 600.1391161550927 0.9934934807846904 598.0830754323752 2.130545422490556 2.1312743352959 592.302101384343 
214.00023229437681 1.5607965220456152E-89 49.14844595344511 1.0000602864776187 602.0362924595272 0.0 0.0 285.0 283.94124534253626 2.112405592434846 602.0355938439313 0.9824048379159224 591.4077124253841 2.082852428543559 2.152356262091672 580.0835367062964 
215.00007962329394 1.5983268974859524E-89 49.14844595344511 1.0049068634880176 604.953931819786 0.0 0.0 285.0 279.7615185133192 2.1226429984882156 604.9532545691413 0.9716157789489656 584.9126989272718 2.090754661454358 2.1315168551686368 592.8320166401301 
216.0000065050424 1.5983268974859524E-89 49.14844595344511 1.0043164461153038 604.5985005614123 0.0 0.0 285.0 280.6221866713804 2.121396031495291 604.5978689761579 0.9770910767071722 588.2088281777256 2.096088107482896 2.1315168551686368 592.8320166401301 
217.00012566476016 1.5983268974859524E-89 49.07396064272886 1.001352278102429 602.814071417662 0.0 0.0 285.0 283.05697820711094 2.1151349230290544 602.8134530632803 1.006639612156927 605.9970465184688 2.1409012784523713 2.1315168551686368 592.8320166401301 
218.00140393062327 1.5983268974859524E-89 49.07396064272886 1.0037844648360832 604.2782478313221 0.0 0.0 285.0 283.2065226144028 2.120272412158801 604.2776374652581 0.9918003941165165 597.0638372581476 2.108227705161559 2.1315168551686368 592.8320166401301 
219.00050255774906 1.5607965220456152E-89 48.790155501546984 1.0047883007292229 604.8825570389918 0.0 0.0 284.0 282.85363894694245 2.1298661199085007 604.8819780540142 0.9952254011898515 599.1256915162944 2.118147370303686 2.1315168551686368 592.8320166401301 
220.00000979213806 1.419125343219744E-89 48.86095254237345 1.0033181068469406 603.9975003218578 0.0 0.0 284.0 272.2198508024638 2.1267498253297767 603.9969503936564 0.9744576023769679 586.6234766309346 2.1549621561456873 2.1315168551686368 592.8320166401301 
221.00009200820656 1.7182231874439508E-89 48.84005538267859 1.006535754326464 605.9345241045309 0.0 0.0 284.0 281.571432000399 2.133570358089164 605.9339816973225 0.9899348729409009 595.9407935104257 2.1164817370733164 2.1315168551686368 592.8320166401301 
222.00008096764338 2.3627318286281887E-89 48.67887840276033 1.007189594386172 606.3281358204754 0.0 0.0 283.0 282.3586800904569 2.142500344140287 606.3275973917008 1.003253187623331 603.9584189492475 2.1389759250743143 2.1315168551686368 592.8320166401301 
223.00041464278112 1.96784832787872E-89 48.703494502036015 1.0066597616229718 606.009176497029 0.0 0.0 282.0 278.81884925294406 2.1489668064188505 606.0086394101156 0.9875269588946507 594.4912292545765 2.1321773289267645 2.1315168551686368 592.8320166401301 
224.00012261653006 1.5491687615275813E-89 48.703494502036015 1.0103541837506207 608.2332186178735 0.0 0.0 282.0 279.1345390520742 2.1568535774841795 608.2327088505384 0.9811037258724019 590.6244429751833 2.1159131542119867 2.1315168551686368 592.8320166401301 
225.00024468752812 1.5491687615275813E-89 48.52524201814178 1.0122354699720704 609.3657529231859 0.0 0.0 283.0 280.5331257177222 2.153234122713162 609.3652567278245 0.9909915068550008 596.5768871267184 2.1265826828843215 2.1549621561456873 586.6234766309346 
226.0004528560007 1.8752372238972826E-89 48.3624170778499 1.0147214899091788 610.8623369253248 0.0 0.0 283.0 280.7161304378337 2.1585225301267443 610.8618760258682 0.9945525805049356 598.7206534639706 2.1328330955907107 2.090754661454358 584.9126989272718 
227.00041180531608 1.8307978172505446E-89 48.3624170778499 1.0148600351772918 610.9457411767297 0.0 0.0 283.0 271.07831143913063 2.158817377728552 610.9453178971797 0.9724845075326437 585.4356735346537 2.159655158048712 2.090754661454358 584.9126989272718 
228.00041273158803 2.3614720413595367E-89 48.35408871193481 1.0162153896931505 611.7616645952759 0.0 0.0 282.0 275.35524472137473 2.1693652573549813 611.7610025741042 1.0041444147324554 604.4949376689317 2.19532748788063 2.090754661454358 584.9126989272718 
229.00035407010063 2.8135322608325532E-89 48.092611631730605 1.0170610421885553 612.27074739751 0.0 0.0 283.0 273.5487506758197 2.163498708847815 612.2701346039314 1.01511751621036 611.1007447586347 2.23397380996576 2.090754661454358 584.9126989272718 
230.00001458303453 4.6776520339769545E-89 48.092611631730605 1.01798659896036 612.8279325741374 0.0 0.0 285.0 274.7169934801694 2.1502722407748243 612.827588620825 1.0206984260040248 614.4604524544302 2.236703469524485 2.1265826828843215 596.5768871267184 
231.00049439073587 6.845532719802238E-89 47.79615646822312 1.0194095540588468 613.6845515434264 0.0 0.0 283.0 274.7430603896841 2.168495492761361 613.6842244514654 1.0062902677634118 605.786741193569 2.204920991759888 2.1328330955907107 598.7206534639706 
232.00029184776906 9.018865085436014E-89 47.70649012083924 1.0222395761710157 615.3882248549515 0.0 0.0 282.0 277.23570969564884 2.1822266198452955 615.387906796373 1.0152781228308358 611.1974299441688 2.204612928886922 2.159655158048712 585.4356735346537 
233.0002962001442 8.465147101779765E-89 47.70649012083924 1.0235851907745181 616.1982848462605 0.0 0.0 281.0 276.70698413954113 2.192874655832496 616.1977782889314 0.9971314860218614 600.2731545851568 2.16934587484949 2.159655158048712 585.4356735346537 
234.00009808175358 1.117159124105535E-88 47.8423817580672 1.029798046426572 619.9384239487964 0.0 0.0 284.0 279.47254408687735 2.1828807369288556 619.9381292877949 0.9894090236866099 595.6242322593388 2.131244177153166 2.23397380996576 611.1007447586347 
235.0000909088847 1.4135754855629095E-88 47.837863524192066 1.0319140682565668 621.2122690904531 0.0 0.0 284.0 280.45793996223 2.187366128692669 621.2119805487184 1.0217029595671754 615.0651816594366 2.1930745898735085 2.236703469524485 614.4604524544302 
236.0002701034668 1.589610418935764E-88 47.91233588653607 1.033574369117226 622.2117702085702 0.0 0.0 285.0 268.56673011449976 2.1831981945284764 622.2114854406158 1.0021444978458125 603.2909877031863 2.2463355287752185 2.236703469524485 614.4604524544302 
237.00064319206484 1.6041775397214396E-88 48.10089496136664 1.0330863682432043 621.9179936824089 0.0 0.0 285.0 277.5166458546939 2.1821674189059133 621.9177143881852 1.0128897195548083 609.7596111719964 2.197200132965224 2.204612928886922 611.1974299441688 
238.00041909948467 1.6041775397214396E-88 48.10089496136664 1.0349969171258433 623.0681441097577 0.0 0.0 284.0 276.1691995150352 2.193900425424277 623.0677208204946 1.0122136212492874 609.3525999920768 2.206446631493033 2.16934587484949 600.2731545851568 
239.00012884236315 1.6041775397214396E-88 48.06376471970529 1.0366288188713733 624.0505489605671 0.0 0.0 284.0 279.7726753102505 2.197359599488413 624.0501262547097 1.0297388372875405 619.9027800470958 2.2157373995143095 2.131244177153166 595.6242322593388 
240.00017661341803 1.6041775397214396E-88 48.40784533653696 1.0407263576805046 626.5172673236643 0.0 0.0 284.0 284.4850000219717 2.2060457660439936 626.5169975564941 1.0339834210691972 622.4580194836592 2.1880170112153006 2.1930745898735085 615.0651816594366 
241.00031929741226 1.6041775397214396E-88 48.35220831182389 1.0407796357110306 626.5493406980406 0.0 0.0 283.0 270.97527801514616 2.213954331925535 626.5490759349261 1.0048713275919032 604.9325392103248 2.2324270451583854 2.2463355287752185 603.2909877031863 
242.0003905563808 2.2003995702125276E-88 48.36053635369927 1.041447088979811 626.9511475658469 0.0 0.0 283.0 271.81714771951494 2.2153741895356536 626.9508956385899 1.0059866907120683 605.6039878086666 2.22798301317466 2.197200132965224 609.7596111719964 
243.00049480697615 2.6594578866195574E-88 48.26149880245903 1.0413540333048232 626.8951280495036 0.0 0.0 283.0 272.9191665974949 2.2151762612828034 626.8948819430332 1.0082492929907199 606.9660743804168 2.223977458041923 2.206446631493033 609.3525999920768 
244.0003633877569 2.989647936343376E-88 48.445779671024674 1.0426141294310052 627.6537059174651 0.0 0.0 284.0 279.68864445253627 2.21004741182096 627.6534649571529 1.0272977451729006 618.4332425940852 2.2111489145532133 2.2157373995143095 619.9027800470958 
245.0005180160851 3.213965822830149E-88 48.34576178044062 1.0447864489884977 628.961442291076 0.0 0.0 283.0 280.22473291158224 2.2224777542395944 628.961204449805 1.040063903821899 626.1184701007784 2.2343440694734613 2.1880170112153006 622.4580194836592 
246.00003031836397 2.989647936343376E-88 48.6302238558026 1.046084124512266 629.7426429563844 0.0 0.0 284.0 275.38801863641555 2.2174028755422253 629.7424166539921 1.033665712261473 622.2667587814028 2.2595999704800454 2.2324270451583854 604.9325392103248 
247.0005047857562 5.323010180339575E-88 48.57271212539885 1.0473433771378866 630.5007130370067 0.0 0.0 283.0 279.7364125197906 2.227916973085556 630.5005033832118 1.0342178156724517 622.5991250348244 2.2256635073947595 2.22798301317466 605.6039878086666 
248.00010229203352 4.833399633263451E-88 48.55868203530057 1.050895434897066 632.6390518080328 0.0 0.0 283.0 281.9015623178381 2.2354729513895526 632.6388452432429 1.031336507573758 620.8645775594055 2.2024162351374046 2.22798301317466 605.6039878086666 
249.0003088409587 4.833399633263451E-88 48.55868203530057 1.0528529132053301 633.8174537496087 0.0 0.0 283.0 281.1109524700989 2.2396369662370024 633.8172614450721 1.0468822189118543 630.2230957849324 2.241901605921839 2.22798301317466 605.6039878086666 
250.00019841253564 5.196230252357345E-88 48.62671179985239 1.0554306203656547 635.3692334601243 0.0 0.0 283.0 281.18517468554745 2.2451202987475436 635.369044545555 1.0441434670777194 628.574367180777 2.2354463313498614 2.22798301317466 605.6039878086666 
251.00007892658758 5.323010180339575E-88 48.37343421642449 1.0580732844468244 636.9601172369881 0.0 0.0 283.0 274.11437828823864 2.250741628768573 636.9598809415057 1.0200762624589876 614.085910000313 2.24025428302993 2.22798301317466 605.6039878086666 
252.00093608431445 0.0 0.0 0.0 0.0 0.0 0.0 283.0 279.6663507345174 0.0 0.0 0.9309430747255093 560.4277309847594 2.0039154854091263 2.22798301317466 605.6039878086666 
253.00058274922796 0.0 0.0 0.0 0.0 0.0 0.0 283.0 271.8067194451908 0.0 0.0 0.42294798984315807 254.61468988557976 0.9367490634716343 2.22798301317466 605.6039878086666 
254.00013676488066 0.0 0.0 0.0 0.0 0.0 0.0 284.0 272.0600434815124 0.0 0.0 0.0861985371692642 51.89151937589636 0.19073554025739395 2.22798301317466 605.6039878086666 
255.00017826493163 0.0 0.0 0.0 0.0 0.0 0.0 286.0 274.7203188083725 0.0 0.0 0.011020892363715729 6.634577202956839 0.024150296678946054 2.22798301317466 605.6039878086666 
256.0000798503936 0.0 0.0 0.0 0.0 0.0 0.0 286.0 272.7580514053299 0.0 0.0 0.0011633550217408034 0.7003397230879651 0.0025676225485539595 2.223977458041923 606.9660743804168 
257.000416828356 0.0 0.0 0.0 0.0 0.0 0.0 286.0 280.37912303047784 0.0 0.0 2.5775843504001857E-4 0.15517057789409336 5.534312833884781E-4 2.223977458041923 606.9660743804168 
258.0001741409806 0.0 0.0 0.0 0.0 0.0 0.0 286.0 271.01247566925423 0.0 0.0 1.809053010603273E-4 0.10890499123831643 4.0184493709885495E-4 0.19073554025739395 51.89151937589636 
259.0000014080329 0.0 0.0 0.0 0.0 0.0 0.0 287.0 281.58426053666767 0.0 0.0 1.5434319249176508E-4 0.09291460188004379 3.29970864504142E-4 0.024150296678946054 6.634577202956839 
260.0002103559512 0.0 0.0 0.0 0.0 0.0 0.0 288.0 281.418626592989 0.0 0.0 1.4850626296187224E-4 0.08940077030304593 3.1767893755072846E-4 0.0025676225485539595 0.7003397230879651 
261.00061609400495 0.0 0.0 0.0 0.0 0.0 0.0 289.0 280.6795660953233 0.0 0.0 9.879726994493638E-5 0.059475956506850954 2.1189984484532072E-4 0.0025676225485539595 0.7003397230879651 
262.00030887469745 0.0 0.0 0.0 0.0 0.0 0.0 287.0 280.9845181956924 0.0 0.0 5.4793538252630884E-5 0.03298571002808373 1.1739333625887085E-4 0.0025676225485539595 0.7003397230879651 
263.0009818859104 0.0 0.0 0.0 0.0 0.0 0.0 288.0 278.4834364401771 0.0 0.0 1.0669997169615152E-5 0.006423338296108256 2.3065423129709534E-5 3.29970864504142E-4 0.09291460188004379 
264.000052172089 0.0 0.0 0.0 0.0 0.0 0.0 287.0 281.55251541600944 0.0 0.0 7.864335198282044E-7 4.734329789365837E-4 1.6815086103459607E-6 3.1767893755072846E-4 0.08940077030304593 
265.00017547676407 0.0 0.0 0.0 0.0 0.0 0.0 287.0 274.31579869223066 0.0 0.0 4.235995509320585E-8 2.550069296610977E-5 9.29610802136859E-8 2.1189984484532072E-4 0.059475956506850954 
266.00058189140697 0.0 0.0 0.0 0.0 0.0 0.0 288.0 278.7930962535386 0.0 0.0 7.399422990012588E-9 4.4544526399875685E-6 1.597762892929251E-8 2.1189984484532072E-4 0.059475956506850954 
267.0001433970448 0.0 0.0 0.0 0.0 0.0 0.0 288.0 277.800795554638 0.0 0.0 2.019066179336054E-9 1.2154778399602933E-6 4.37535766423402E-9 2.1189984484532072E-4 0.059475956506850954 
268.0002928678955 0.0 0.0 0.0 0.0 0.0 0.0 289.0 283.7866792677656 0.0 0.0 3.544881886734697E-10 2.1340188958142797E-7 7.519799383538846E-10 2.1189984484532072E-4 0.059475956506850954 
269.00016144564563 0.0 0.0 0.0 0.0 0.0 0.0 288.0 283.02857286855016 0.0 0.0 1.4416528384563693E-10 8.678750087507448E-8 3.0663865487313215E-10 2.1189984484532072E-4 0.059475956506850954 
270.00044056709334 0.0 0.0 0.0 0.0 0.0 0.0 288.0 277.36928137780063 0.0 0.0 8.970390952996358E-11 5.400175353703758E-8 1.9469262518469946E-10 2.1189984484532072E-4 0.059475956506850954 
271.0001798255641 0.0 0.0 0.0 0.0 0.0 0.0 288.0 284.82888422768565 0.0 0.0 7.469858203076028E-11 4.496854638251736E-8 1.578791649043941E-10 2.1189984484532072E-4 0.059475956506850954 
272.0000538534597 0.0 0.0 0.0 0.0 0.0 0.0 288.0 274.85373806739705 0.0 0.0 3.530442228937993E-11 2.1253262218206403E-8 7.73257164615854E-11 2.1189984484532072E-4 0.059475956506850954 
273.00045330410154 0.0 0.0 0.0 0.0 0.0 0.0 289.0 271.239263873954 0.0 0.0 1.025945674168486E-11 6.1761929584942404E-9 2.2770276214008395E-11 2.1189984484532072E-4 0.059475956506850954 
274.0003119035153 0.0 0.0 0.0 0.0 0.0 0.0 289.0 284.74974022752514 0.0 0.0 1.1035741954340722E-12 6.64351665651316E-10 2.3331071878080573E-12 2.1189984484532072E-4 0.059475956506850954 
275.0000598480886 0.0 0.0 0.0 0.0 0.0 0.0 291.0 282.62998442064924 0.0 0.0 2.5592205138557598E-14 1.5406507493411424E-11 5.4511227904542914E-14 1.9469262518469946E-10 5.400175353703758E-8 
276.0006676083215 0.0 0.0 0.0 0.0 0.0 0.0 292.0 284.7728593977826 0.0 0.0 6.192364477202252E-16 3.7278034152757264E-13 1.3090444865985543E-15 1.578791649043941E-10 4.496854638251736E-8 
277.00031281451487 0.0 0.0 0.0 0.0 0.0 0.0 292.0 286.2527994921699 0.0 0.0 1.856496343257981E-17 1.1176107986412948E-14 3.904279017092602E-17 7.73257164615854E-11 2.1253262218206403E-8 
278.00033200849845 0.0 0.0 0.0 0.0 0.0 0.0 292.0 285.30273901349943 0.0 0.0 3.049209844963246E-18 1.8356243266678776E-15 6.43395269535433E-18 2.2770276214008395E-11 6.1761929584942404E-9 
279.00028719692426 0.0 0.0 0.0 0.0 0.0 0.0 292.0 281.00933743842535 0.0 0.0 2.348853749785279E-18 1.4140099573707233E-15 5.03189669873714E-18 2.3331071878080573E-12 6.64351665651316E-10 
280.0000012787622 0.0 0.0 0.0 0.0 0.0 0.0 292.0 286.8964194415309 0.0 0.0 1.9058298093994043E-18 1.1473095452584397E-15 3.999037518459724E-18 5.4511227904542914E-14 1.5406507493411424E-11 
281.00029495701017 0.0 0.0 0.0 0.0 0.0 0.0 292.0 289.4649321154723 0.0 0.0 1.9131495511975265E-18 1.1517160298209134E-15 3.978775672078561E-18 1.3090444865985543E-15 3.7278034152757264E-13 
282.00049494437724 0.0 0.0 0.0 0.0 0.0 0.0 292.0 287.6130458596824 0.0 0.0 1.8816331363890706E-18 1.132743148106232E-15 3.938427565830455E-18 3.904279017092602E-17 1.1176107986412948E-14 
283.00031725972724 0.0 0.0 0.0 0.0 0.0 0.0 295.0 286.6844871359785 0.0 0.0 1.902091910187468E-18 1.14505932993286E-15 3.994144717672646E-18 6.43395269535433E-18 1.8356243266678776E-15 
284.00022287262084 0.0 0.0 0.0 0.0 0.0 0.0 293.0 287.17618415477625 0.0 0.0 4.269243203302922E-19 2.5700844083883603E-16 8.949503998573885E-19 5.03189669873714E-18 1.4140099573707233E-15 
285.0000198887112 0.0 0.0 0.0 0.0 0.0 0.0 292.0 287.4371955871322 0.0 0.0 3.740138893830144E-22 2.2515636140857235E-19 7.833236785818823E-22 3.999037518459724E-18 1.1473095452584397E-15 
286.00033640197785 0.0 0.0 0.0 0.0 0.0 0.0 294.0 287.24191665619594 0.0 0.0 -7.447412026853545E-27 -4.4833420401658725E-24 -1.56082444106932E-26 3.938427565830455E-18 1.132743148106232E-15 
287.00038153382957 0.0 0.0 0.0 0.0 0.0 0.0 293.0 289.93259107909404 0.0 0.0 -7.731855880887299E-27 -4.654577240294216E-24 -1.6053998010263152E-26 3.978775672078561E-18 1.1517160298209134E-15 
288.0002238423302 0.0 0.0 0.0 0.0 0.0 0.0 293.0 290.90616414022537 0.0 0.0 -8.93406324158655E-27 -5.378306071435155E-24 -1.8488113125174798E-26 8.949503998573885E-19 2.5700844083883603E-16 
289.00016534360407 0.0 0.0 0.0 0.0 0.0 0.0 293.0 288.7062536107991 0.0 0.0 -8.926166437410149E-27 -5.373552195320968E-24 -1.8612524419249262E-26 7.833236785818823E-22 2.2515636140857235E-19 
290.00038086753307 0.0 0.0 0.0 0.0 0.0 0.0 292.0 288.0974924142817 0.0 0.0 -9.047847424553987E-27 -5.4468041495815024E-24 -1.890611439876417E-26 -1.56082444106932E-26 -4.4833420401658725E-24 
291.0000685061238 0.0 0.0 0.0 0.0 0.0 0.0 293.0 290.20379550190705 0.0 0.0 -8.735333394190472E-27 -5.258670703302601E-24 -1.8120613116750376E-26 -1.56082444106932E-26 -4.4833420401658725E-24 
292.0006581760719 0.0 0.0 0.0 0.0 0.0 0.0 294.0 289.4492139884247 0.0 0.0 -9.047872782972463E-27 -5.446819415349487E-24 -1.881787599384295E-26 -1.6053998010263152E-26 -4.654577240294216E-24 
293.0000038642082 0.0 0.0 0.0 0.0 0.0 0.0 292.0 289.1116132063879 0.0 0.0 -9.047875123335971E-27 -5.446820824248224E-24 -1.8839854836131766E-26 -1.8488113125174798E-26 -5.378306071435155E-24 
294.0002354571401 0.0 0.0 0.0 0.0 0.0 0.0 292.0 289.41231394553245 0.0 0.0 -9.00097146299393E-27 -5.4185848207224205E-24 -1.8722716897741265E-26 -1.8612524419249262E-26 -5.373552195320968E-24 
295.00066564731014 0.0 0.0 0.0 0.0 0.0 0.0 292.0 288.65762972126277 0.0 0.0 1.4694302488576115E-36 8.845970098122745E-34 3.064519758810707E-36 -1.56082444106932E-26 -4.4833420401658725E-24 
296.00006230862147 0.0 0.0 0.0 0.0 0.0 0.0 290.0 291.0458394976423 0.0 0.0 1.4603736418368392E-36 8.791449323857862E-34 3.020640782576478E-36 -1.8120613116750376E-26 -5.258670703302601E-24 
297.00019592108475 0.0 0.0 0.0 0.0 0.0 0.0 289.0 291.6618665758622 0.0 0.0 8.492999669368838E-37 5.112785800960095E-34 1.7529839814113113E-36 -1.8120613116750376E-26 -5.258670703302601E-24 
298.0000499589265 0.0 0.0 0.0 0.0 0.0 0.0 289.0 284.50352118842477 0.0 0.0 3.6516768245632486E-38 2.198309448387103E-35 7.726826856849963E-38 -1.8839854836131766E-26 -5.446820824248224E-24 
299.0015422761959 0.0 0.0 0.0 0.0 0.0 0.0 289.0 286.56424028418434 0.0 0.0 3.526211377238736E-40 2.122779249097725E-37 7.407690669961386E-40 -1.8120613116750376E-26 -5.258670703302601E-24 
300.0007330609952 0.0 0.0 0.0 0.0 0.0 0.0 289.0 285.7119360715404 0.0 0.0 4.607115641632109E-42 2.7734836162624975E-39 9.707272487097059E-42 3.020640782576478E-36 8.791449323857862E-34 
#####################################################################
# End of data export. Simulation finished at: 2021-12-09T08:54+0000 #
#####################################################################
