#####################################################################
# Alchemist log file - simulation started at: 2021-12-09T08:43+0000 #
#####################################################################
# random = 10.0
#
# The columns have the following meaning: 
# time localWarningInSystem[Min] localWarningInSystem[Max] localWarningInSystem[Mean] localWarningInSystem[Sum] meanWarningAtDetector[Sum] dataAtCollector[Sum] inSurveillanceArea[Sum] numDevicesAtDetector[Sum] localWarningInSurveillanceArea[Mean] localWarningInSurveillanceArea[Sum] sumWarningAtDetector[Mean] sumWarningAtDetector[Sum] meanWarningOverallAtDetector[Sum] meanWarningAtCollector[Sum] sumWarningAtCollector[Sum] 
0.0 0.0 0.0 0.0 0.0 0.0 0.0 0.0 0.0 0.0 0.0 0.0 0.0 0.0 0.0 0.0 
1.0007035023519422 0.0 0.0 0.0 0.0 0.0 0.0 14.0 1.0 0.0 0.0 0.0 0.0 0.0 0.0 0.0 
2.0 0.0 0.0 0.0 0.0 0.0 0.0 219.0 8.558548240194213 0.0 0.0 0.0 0.0 0.0 0.0 0.0 
3.0001262305562824 0.0 0.0 0.0 0.0 0.0 0.0 271.0 40.83241894011765 0.0 0.0 0.0 0.0 0.0 0.0 0.0 
4.0001202016381425 0.0 0.0 0.0 0.0 0.0 0.0 274.0 109.15394332819692 0.0 0.0 0.0 0.0 0.0 0.0 0.0 
5.000420478570618 0.0 0.0 0.0 0.0 0.0 0.0 275.0 178.7927256009802 0.0 0.0 0.0 0.0 0.0 0.0 0.0 
6.000703502351942 0.0 0.0 0.0 0.0 0.0 0.0 276.0 230.0581301540841 0.0 0.0 0.0 0.0 0.0 0.0 0.0 
7.000703502351942 0.0 0.0 0.0 0.0 0.0 0.0 275.0 253.9776787345161 0.0 0.0 0.0 0.0 0.0 0.0 0.0 
8.000515221929266 0.0 0.0 0.0 0.0 0.0 0.0 276.0 263.67955692997 0.0 0.0 0.0 0.0 0.0 0.0 0.0 
9.000703502351943 0.0 0.0 0.0 0.0 0.0 0.0 276.0 265.38696655550416 0.0 0.0 0.0 0.0 0.0 0.0 0.0 
10.00024644859142 0.0 0.0 0.0 0.0 0.0 0.0 277.0 267.4335968614436 0.0 0.0 0.0 0.0 0.0 0.0 0.0 
11.000242644929 0.0 0.0 0.0 0.0 0.0 0.0 277.0 270.72077712676315 0.0 0.0 0.0 0.0 0.0 0.0 0.0 
12.00000609283906 0.0 0.0 0.0 0.0 0.0 0.0 277.0 270.70141778929246 0.0 0.0 0.0 0.0 0.0 0.0 0.0 
13.000077010141734 0.0 0.0 0.0 0.0 0.0 0.0 277.0 273.13101782784213 0.0 0.0 0.0 0.0 0.0 0.0 0.0 
14.000019643541856 0.0 0.0 0.0 0.0 0.0 0.0 277.0 271.22550605861204 0.0 0.0 0.0 0.0 0.0 0.0 0.0 
15.000057820018101 0.0 0.0 0.0 0.0 0.0 0.0 278.0 270.94271492892057 0.0 0.0 0.0 0.0 0.0 0.0 0.0 
16.00000074371397 0.0 0.0 0.0 0.0 0.0 0.0 277.0 271.54947645297887 0.0 0.0 0.0 0.0 0.0 0.0 0.0 
17.000239599945687 0.0 0.0 0.0 0.0 0.0 0.0 279.0 271.09383918969087 0.0 0.0 0.0 0.0 0.0 0.0 0.0 
18.00018992942486 0.0 0.0 0.0 0.0 0.0 0.0 279.0 270.9057113582934 0.0 0.0 0.0 0.0 0.0 0.0 0.0 
19.00007390835932 0.0 0.0 0.0 0.0 0.0 0.0 278.0 266.1261027825182 0.0 0.0 0.0 0.0 0.0 0.0 0.0 
20.000509859367945 0.0 0.0 0.0 0.0 0.0 0.0 278.0 270.91033014666056 0.0 0.0 0.0 0.0 0.0 0.0 0.0 
21.00014634933222 0.0 0.0 0.0 0.0 0.0 0.0 278.0 270.8135371979187 0.0 0.0 0.0 0.0 0.0 0.0 0.0 
22.000084505926793 0.0 0.0 0.0 0.0 0.0 0.0 279.0 269.8252409403567 0.0 0.0 0.0 0.0 0.0 0.0 0.0 
23.00017989861684 0.0 0.0 0.0 0.0 0.0 0.0 279.0 273.4401627599776 0.0 0.0 0.0 0.0 0.0 0.0 0.0 
24.000703502351943 0.0 0.0 0.0 0.0 0.0 0.0 280.0 273.84822551731196 0.0 0.0 0.0 0.0 0.0 0.0 0.0 
25.000251546511286 0.0 0.0 0.0 0.0 0.0 0.0 280.0 273.64219259637423 0.0 0.0 0.0 0.0 0.0 0.0 0.0 
26.000081108632134 0.0 0.0 0.0 0.0 0.0 0.0 281.0 272.2643036340966 0.0 0.0 0.0 0.0 0.0 0.0 0.0 
27.00015652811745 0.0 0.0 0.0 0.0 0.0 0.0 279.0 272.2308098083291 0.0 0.0 0.0 0.0 0.0 0.0 0.0 
28.000531483056175 0.0 0.0 0.0 0.0 0.0 0.0 278.0 271.39566918016226 0.0 0.0 0.0 0.0 0.0 0.0 0.0 
29.00050619072367 0.0 0.0 0.0 0.0 0.0 0.0 280.0 276.55856486754885 0.0 0.0 0.0 0.0 0.0 0.0 0.0 
30.000312302037784 0.0 0.0 0.0 0.0 0.0 0.0 279.0 276.8335251653607 0.0 0.0 0.0 0.0 0.0 0.0 0.0 
31.000263110283544 2.744221665498185E-96 49.93948109941786 1.2112947074729612 729.1994138987221 0.0 0.0 280.0 274.0126976321777 2.604005178420662 729.1214499577856 0.015481651765633956 9.319954362911664 0.03401285576707964 0.0 0.0 
32.00019129235617 2.744221665498185E-96 49.967788158272576 1.213102238738937 730.2875477208403 0.0 0.0 280.0 267.42252564755887 2.607907259937172 730.2140327824078 0.2535128398366959 152.61472958169213 0.5706876382688343 0.0 0.0 
33.00064143959739 2.4676036276234234E-96 49.967788158272576 1.2098338697608524 728.3199895960341 0.0 0.0 280.0 277.21158677484 2.6008860640481264 728.2480979334756 0.7270077252036995 437.6586505726249 1.5787891684632398 0.0 0.0 
34.00001730290019 2.965571345929251E-96 49.94114577653178 1.2107672137875412 728.8818627001003 0.0 0.0 280.0 276.61778942859246 2.6029087099083132 728.8144387743278 1.0612346526206011 638.8632608776011 2.3095523328318714 0.0 0.0 
35.00025224955249 4.14995499009341E-96 49.943087969959635 1.2144728029111094 731.1126273524877 0.0 0.0 280.0 272.1002284386248 2.6108807626511323 731.0466135423171 1.1789159469578008 709.7074000685968 2.6082572739503567 0.0 0.0 
36.00005369711812 4.984544040686535E-96 49.94114577653178 1.2140057786370515 730.8314787395046 0.0 0.0 279.0 275.1126703288112 2.6192361858444513 730.7668958506016 1.1957638987440822 719.8498670439357 2.616563847036126 0.03401285576707964 9.319954362911664 
37.00001223207462 3.927150719667197E-96 49.967788158272576 1.2122203199457215 729.7566326073248 0.0 0.0 279.0 274.7529920108268 2.6153907770415197 729.694026794584 1.2173551057573395 732.8477736659138 2.667296790118433 0.5706876382688343 152.61472958169213 
38.000016082638304 5.874264271594434E-96 49.97778271532744 1.215502591859403 731.7325602993608 0.0 0.0 279.0 275.9096708011029 2.6224712028323323 731.6694655902207 1.2083944481057176 727.4534577596463 2.6365638277465497 1.5787891684632398 437.6586505726249 
39.000060355763594 7.498125409523553E-96 49.973062814296156 1.2169921283945917 732.6292612935446 0.0 0.0 280.0 274.4747831970618 2.616319205458795 732.5693775284627 1.1984142409538239 721.445373054205 2.6284577572149366 1.5787891684632398 437.6586505726249 
40.00006092503672 7.498125409523553E-96 49.963901925866494 1.2185814681580214 733.5860438311288 0.0 0.0 280.0 273.9844573312884 2.619743247202667 733.5281092167469 1.2026769221203786 724.0115071164704 2.642527660760813 1.5787891684632398 437.6586505726249 
41.0001304106148 6.557057384568637E-96 49.97278518691932 1.2203059077676426 734.6241564761207 0.0 0.0 280.0 273.3969178641142 2.623453990192097 734.5671172537873 1.2111208273534775 729.0947380668011 2.666799405650876 1.5787891684632398 437.6586505726249 
42.00053243958665 5.641987389195808E-96 49.98194770407147 1.2205814508895017 734.7900334354797 0.0 0.0 279.0 271.6177565077228 2.633458299348903 734.7348655183437 1.1871640666803873 714.6727681416006 2.6311710152177796 1.5787891684632398 437.6586505726249 
43.00022453727539 5.641987389195808E-96 49.94308796994288 1.2226709228429258 736.0478955514419 0.0 0.0 279.0 273.73070235193586 2.637970553467064 735.9937844173111 1.2125957226742552 729.982625049901 2.666791188484811 1.5787891684632398 437.6586505726249 
44.00028960215538 5.641987389195808E-96 49.91313110509197 1.2237991257872352 736.7270737239164 0.0 0.0 279.0 272.58235373047347 2.640407904426566 736.6738053350122 1.2150699152511153 731.4720889811653 2.68349025155325 1.5787891684632398 437.6586505726249 
45.00006408323762 6.467586723152861E-96 49.91313110509197 1.2258515260158978 737.962618661571 0.0 0.0 279.0 269.8645113036924 2.6448439978200917 737.9114753918054 1.1922965563146257 717.7625269014055 2.6597144005114126 1.5787891684632398 437.6586505726249 
46.000316209896425 5.806290698074151E-96 49.88901225424932 1.2244043783588074 737.0914357720026 0.0 0.0 280.0 269.7977283736351 2.6322931418379407 737.0420797146236 1.175474353856912 707.635561021862 2.6228373577774455 1.5787891684632398 437.6586505726249 
47.00003530959744 8.67930913574696E-96 49.88901225424932 1.2271323279218005 738.7336614089235 0.0 0.0 279.0 271.5828280368655 2.647615324081173 738.684675418647 1.196215781120889 720.1219002347793 2.651573759063396 1.5787891684632398 437.6586505726249 
48.00070350235194 8.117073726214704E-96 49.87460195452915 1.2252543055044258 737.6030919136642 0.0 0.0 281.0 266.7751729752892 2.6247537205969524 737.5557954877436 1.179633355932838 710.1392802715709 2.661939161547651 2.666791188484811 729.982625049901 
49.000345794297814 7.607386709175626E-96 49.85797985771167 1.226904123656784 738.5962824413834 0.0 0.0 281.0 273.3646472946845 2.6282953915816214 738.5510050344358 1.2008151380102223 722.8907130821482 2.644419167716588 2.68349025155325 731.4720889811653 
50.00039053191232 6.3961579413737984E-96 49.86656724924091 1.228033508317692 739.2761720072509 0.0 0.0 281.0 273.5182049942775 2.6307231803330997 739.233213673601 1.2134891915325572 730.5204933026096 2.6708295095673558 2.666799405650876 729.0947380668011 
51.00007531248738 6.3961579413737984E-96 49.79099361344216 1.2292303215813396 739.9966535919665 0.0 0.0 281.0 274.15831199069686 2.6332931934923463 739.9553873713487 1.2079320540654646 727.17509654742 2.652391208814036 2.6228373577774455 707.635561021862 
52.00008743210739 5.863341780327194E-96 49.79099361344216 1.230693514907309 740.8774959742002 0.0 0.0 282.0 273.4934921781486 2.6270815178852307 740.8369880436347 1.2057834624709522 725.881644407519 2.654109385296427 2.651573759063396 720.1219002347793 
53.00019708678563 4.924539766416421E-96 49.77329329595189 1.2290413487953789 739.8828919748177 0.0 0.0 282.0 274.09026363855344 2.623559515967075 739.8437835027152 1.1998905308371872 722.3340995639817 2.635387663811851 2.661939161547651 710.1392802715709 
54.00000657847269 4.611781178478231E-96 49.676053965126236 1.2286664623955361 739.6572103621129 0.0 0.0 282.0 276.6352216475922 2.6227696277299817 739.6210350198547 1.2188336132921653 733.7378352018903 2.652365923731161 2.644419167716588 722.8907130821482 
55.00028096684091 4.414144990266663E-96 49.56137964847333 1.2286246797452758 739.6320572066558 0.0 0.0 282.0 279.39810479594803 2.622684811866127 739.5971169462476 1.2405472083153497 746.8094194058403 2.6729222803828803 2.6708295095673558 730.5204933026096 
56.00018062612892 4.043379377284602E-96 49.57817829558908 1.229294934989279 740.0355508635456 0.0 0.0 282.0 276.2982029857108 2.624122849255593 740.0026434900769 1.2158625980655984 731.9492840354959 2.6491279209418157 2.652391208814036 727.17509654742 
57.00060235505767 4.942959076192575E-96 49.502491687407954 1.2260586483393636 738.0873063002975 0.0 0.0 282.0 280.271749073727 2.617216304404286 738.0549978420092 1.2336307248025042 742.6456963311088 2.6497344052173872 2.635387663811851 722.3340995639817 
58.00020343892078 6.042074954401077E-96 49.39370591393398 1.223667075865144 736.6475796708161 0.0 0.0 281.0 278.0213746081595 2.6214036636288025 736.6144294796933 1.2250584825700803 737.485206507197 2.652620531592584 2.635387663811851 722.3340995639817 
59.00070350235194 8.441534924975723E-96 49.324055060758106 1.2226966784786766 736.0634004441639 0.0 0.0 281.0 278.1712323541341 2.6193276086730846 736.0310580371371 1.2216034765558081 735.4052928865885 2.6437144008851323 2.652365923731161 733.7378352018903 
60.00014288498952 7.731114602732573E-96 49.460707228206694 1.2202339238113638 734.580822134441 0.0 0.0 282.0 277.8735341635006 2.604790524053129 734.5509277829824 1.2317575626479649 741.5180527140762 2.668545080935155 2.652365923731161 733.7378352018903 
61.000153753934754 7.731114602732573E-96 49.4395535616483 1.2199598603314805 734.415835919552 0.0 0.0 281.0 273.2960857166141 2.6134698758330344 734.3850351090824 1.2145522279439063 731.1604412222349 2.675341797541839 2.652365923731161 733.7378352018903 
62.00070350235194 7.731114602732573E-96 49.616754100766755 1.2176468227311141 733.0233872841306 0.0 0.0 281.0 276.9356662481108 2.6085248948203654 732.9954954445228 1.229666821532955 740.2594265628462 2.6730375202002215 2.652365923731161 733.7378352018903 
63.0005256445906 6.200918886386146E-96 49.62088900255512 1.2186529976729685 733.6291045991276 0.0 0.0 282.0 279.0679585558597 2.6014291546966657 733.6030216244598 1.2275454508942485 738.9823614383353 2.6480372926453923 2.652365923731161 733.7378352018903 
64.00070350235194 5.551138512297536E-96 49.61868367871751 1.2187832238426028 733.7075007532475 0.0 0.0 280.0 278.37615372104233 2.620290098765853 733.6812276544388 1.2210715433621147 735.0850691039868 2.640617952644778 2.652365923731161 733.7378352018903 
65.00002819981226 5.675531158088878E-96 49.57817829568498 1.2193569014278838 734.0528546595865 0.0 0.0 281.0 277.833535984903 2.6122035422448118 734.029195370792 1.2204545964589308 734.7136670682737 2.644438384530357 2.6437144008851323 735.4052928865885 
66.0001902475149 5.675531158088878E-96 49.6760539652086 1.2171582016699172 732.7292374052898 0.0 0.0 281.0 276.24908329421373 2.6074951759429497 732.7061444399685 1.2085346043158207 727.537831798123 2.63362984999763 2.6437144008851323 735.4052928865885 
67.00007900175225 5.429411897469322E-96 49.68488604872107 1.2144459385096897 731.0964549828329 0.0 0.0 282.0 271.971995094731 2.592462356459759 731.074384521652 1.2023221908944124 723.7979589184309 2.661295912714556 2.652365923731161 733.7378352018903 
68.00060594820881 4.858856120670402E-96 49.68488604872107 1.2193059447442136 734.0221787360169 0.0 0.0 282.0 278.18622376264693 2.6028383817412357 734.0004236510284 1.2123849169088219 729.8557199791136 2.6236228024067736 2.6437144008851323 735.4052928865885 
69.00017429667278 4.968066955095031E-96 49.769145694335904 1.217191000757037 732.7489824557358 0.0 0.0 282.0 272.9179529358008 2.5983251718837055 732.7276984712046 1.198130417370314 721.2745112569237 2.642825448081061 2.6437144008851323 735.4052928865885 
70.00004356648792 4.647428961386869E-96 49.769145694335904 1.2128149162757034 730.1145795979734 0.0 0.0 281.0 276.45656157619436 2.5981991846060826 730.093970874309 1.205786929091553 725.8837313131203 2.6256701131438294 2.6437144008851323 735.4052928865885 
71.00016161243565 3.975907580263574E-96 49.76029863266235 1.2146259598086957 731.2048278048358 0.0 0.0 281.0 283.26774935820106 2.602083017330782 731.1853278699501 1.237406664773355 744.9188121935514 2.629733931523486 2.6437144008851323 735.4052928865885 
72.00070350235194 5.936895640958815E-96 49.76029863266235 1.2123886181786157 729.8579481435266 0.0 0.0 281.0 278.0066569899377 2.597291584664121 729.8389352906179 1.2170078265467459 732.6387115811384 2.6353279432717174 2.6437144008851323 735.4052928865885 
73.00004327625287 6.207950577347097E-96 49.72050631281885 1.2104645166162318 728.6996390029716 0.0 0.0 282.0 276.6270539854686 2.5839740591243623 728.6806846730701 1.214697714994562 731.2480244267348 2.643443632469685 2.6437144008851323 735.4052928865885 
74.00047228497668 5.805742351697162E-96 49.803442917963444 1.2124676625509108 729.9055328556473 0.0 0.0 282.0 279.3382675289221 2.5882525608435607 729.8872221578835 1.2172738597247157 732.7988635542844 2.623338613920529 2.6236228024067736 729.8557199791136 
75.00019884479201 9.263643968887116E-96 49.71940142493521 1.2126339924869411 730.0056634771387 0.0 0.0 281.0 279.68789415358424 2.597820804203694 729.9876459812377 1.2223752782093222 735.8699174820167 2.6310395725527203 2.642825448081061 721.2745112569237 
76.00013446443467 1.477302738371594E-95 49.60462704307943 1.2097737260069217 728.2837830561666 0.0 0.0 281.0 278.0437776638382 2.5916956033773038 728.2664645490223 1.2157654504154556 731.8908011501057 2.632286207947368 2.629733931523486 744.9188121935514 
77.00004267837362 2.0611121767559397E-95 49.65094630728365 1.2064013680638142 726.2536235744163 0.0 0.0 281.0 271.9806717263627 2.584472351467407 726.2367307623415 1.2002822762722665 722.5699303158999 2.6566958811061068 2.6353279432717174 732.6387115811384 
78.00049538863436 2.0611121767559397E-95 49.65094630728365 1.2050541076317405 725.4425727943077 0.0 0.0 281.0 277.38075257029686 2.5815888138936365 725.4264567041121 1.2155089367908378 731.7363799480945 2.6380214674868254 2.643443632469685 731.2480244267348 
79.00070350235194 1.8847196105964735E-95 49.65094630728365 1.204859801100018 725.3256002622111 0.0 0.0 281.0 274.490430050502 2.5811730791478964 725.3096352405589 1.1935252370320764 718.5021926933101 2.617585584171793 2.623338613920529 732.7988635542844 
80.00022368837398 2.8732076741046447E-95 49.50111663728764 1.2032389123365017 724.3498252265742 0.0 0.0 281.0 275.35281031306573 2.5777018672098175 724.3342246859588 1.1947839194179335 719.259919489585 2.612139381006548 2.6310395725527203 735.8699174820167 
81.00054371504592 5.5844425618836696E-95 49.54651346456579 1.2028067234219475 724.0896475000126 0.0 0.0 281.0 270.73296110195935 2.5767776135257634 724.0745094007394 1.1925381017548777 717.9079372564302 2.651719740124523 2.6256701131438294 725.8837313131203 
82.00070350235194 5.5844425618836696E-95 49.58286090019456 1.200496045575792 722.6986194366265 0.0 0.0 282.0 273.9560918611811 2.5627086072753023 722.6838272516355 1.1841627142304512 712.8659539667224 2.6021175478293266 2.6566958811061068 722.5699303158999 
83.00042603640611 5.5844425618836696E-95 49.58286090019456 1.1998197368238182 722.2914815679386 0.0 0.0 281.0 274.6521928086608 2.570382846650033 722.2775799086596 1.1856955564182614 713.7887249638011 2.5988823088008957 2.6380214674868254 731.7363799480945 
84.00000456493753 4.5637041971333746E-95 49.42307645675905 1.2010332817716471 723.0220356265318 0.0 0.0 280.0 265.3192138965563 2.582173550285204 723.0085940798571 1.1598389952107158 698.2230751168511 2.63163404135924 2.617585584171793 718.5021926933101 
85.0005783668891 4.6674217893849886E-95 49.367918157115525 1.2001267487751153 722.476302762619 0.0 0.0 281.0 276.4325175584517 2.5710430562404767 722.4630988035739 1.1794718399663102 710.0420476597244 2.5685908949173677 2.612139381006548 719.259919489585 
86.00024479342633 3.987115156819326E-95 49.367918157115525 1.1980373124948556 721.2184621219034 0.0 0.0 281.0 276.4262198112715 2.566568918320841 721.2058660481567 1.1794517041639896 710.0299259067156 2.5686055627844735 2.612139381006548 719.259919489585 
87.00019074437142 3.561589164955597E-95 49.260522786168416 1.2000382715331934 722.4230394629827 0.0 0.0 282.0 274.6374587330446 2.5617405201971106 722.4108266955855 1.1746492408426525 707.1388429872775 2.5748084265323636 2.6021175478293266 712.8659539667224 
88.00001647427878 5.6674235702767914E-95 49.389864330633905 1.196812672648554 720.4812289344293 0.0 0.0 282.0 274.7207037840767 2.554855583794174 720.4692746299569 1.1700249969725687 704.3550481774844 2.563895034030959 2.5988823088008957 713.7887249638011 
89.00045974176321 6.461110999406556E-95 49.389864330633905 1.1976352709751128 720.9764331270179 0.0 0.0 281.0 274.8072030247581 2.56571137022988 720.9648950345961 1.1692171860064162 703.868745975863 2.561318401513841 2.63163404135924 698.2230751168511 
90.00038295399922 1.2816871582260645E-94 49.38327945438656 1.1940360249484672 718.8096870189768 0.0 0.0 281.0 272.362199780299 2.558000791881847 718.7982225187989 1.1900219861874335 716.3932356848247 2.630296114008124 2.63163404135924 698.2230751168511 
91.00034949829076 1.7841235787561993E-94 49.372580902889155 1.1967813660786162 720.4623823793272 0.0 0.0 281.0 268.7704342966382 2.56388360305519 720.4512924585088 1.1856297220862804 713.7490926959343 2.655608659351941 2.5686055627844735 710.0299259067156 
92.00043584043497 1.36936828090025E-94 49.37669545606613 1.1977775705274438 721.0620974575214 0.0 0.0 281.0 271.1865017120483 2.56601895269783 721.0513257080905 1.1951566248632721 719.4842881676956 2.653097715503774 2.5686055627844735 710.0299259067156 
93.00070350235194 1.2794532752927576E-94 49.37669545606613 1.1957608054872744 719.8480049033396 0.0 0.0 281.0 276.6421718983983 2.5616991449724673 719.8374597372633 1.195598898426019 719.7505368524717 2.60173831022702 2.5686055627844735 710.0299259067156 
94.00060830049541 1.6669750484259508E-94 49.37669545606613 1.1982210111311635 721.3290487009601 0.0 0.0 281.0 272.222059864644 2.5669707745833357 721.3187876579173 1.1725418736436002 705.8702079334423 2.592994147073972 2.5686055627844735 710.0299259067156 
95.00059244655718 1.2794532752927576E-94 49.21238048166694 1.1948782773348094 719.316722955555 0.0 0.0 281.0 276.42554304388716 2.5598106006078827 719.3067787708148 1.186806982973225 714.4578037498865 2.5846301896798822 2.5686055627844735 710.0299259067156 
96.00018390321375 1.2794532752927576E-94 49.12305914858062 1.1969612014981483 720.5706433018854 0.0 0.0 281.0 274.922196081062 2.564273938727087 720.5609767823113 1.1847092397118102 713.1949623064992 2.5941701778644695 2.5686055627844735 710.0299259067156 
97.00003846208884 1.2794532752927576E-94 48.99659388812579 1.1950912510101512 719.4449331081116 0.0 0.0 280.0 271.05380301538315 2.56941266510816 719.4355462302848 1.1611034710137613 698.9842895502937 2.5787658456525113 2.5686055627844735 710.0299259067156 
98.00070350235194 1.2794532752927576E-94 48.99659388812579 1.1956074549307565 719.7556878683152 0.0 0.0 281.0 272.475373818999 2.5613752833957593 719.746454634208 1.1763209389347786 708.1452052387272 2.5989328698348224 2.5686055627844735 710.0299259067156 
99.00007086718345 1.1422684931838122E-94 49.060875997902805 1.195248316600777 719.5394865936676 0.0 0.0 281.0 269.35129559163994 2.5606066222581774 719.5304608545475 1.1796255682328878 710.134592076193 2.6364625071372183 2.5686055627844735 710.0299259067156 
100.00009917796963 1.1953227006964713E-94 48.98788415677227 1.1935681654249608 718.5280355858265 0.0 0.0 281.0 274.1848976117521 2.5570086714928006 718.5194366894767 1.1900176062361796 716.3905989541803 2.612801088587289 2.5686055627844735 710.0299259067156 
101.00032661163061 1.5573629419348735E-94 49.01292880825924 1.1942564763219083 718.9423987457892 0.0 0.0 279.0 274.0508950890659 2.5768240901905717 718.9339211631692 1.1844759155580626 713.0545011659543 2.6019053903626674 2.5941701778644695 713.1949623064992 
102.0001989234465 1.4221211500218342E-94 49.01292880825924 1.1932553280259124 718.3397074715992 0.0 0.0 279.0 271.94134563190875 2.5746651134017924 718.3315666391003 1.1747708307458968 707.2120401090359 2.600605062336846 2.5941701778644695 713.1949623064992 
103.0001650306877 1.454812901605968E-94 48.9653005060929 1.1948772991194732 719.3161340699223 0.0 0.0 279.0 275.72074961324915 2.578167445189226 719.3087172077938 1.1706813476429838 704.7501712810707 2.556028780095865 2.5941701778644695 713.1949623064992 
104.0004345769941 1.1166124733873606E-94 48.9653005060929 1.1961662566419424 720.0920864984498 0.0 0.0 279.0 274.95712015968184 2.5809497241125072 720.0849730273895 1.1531661383305172 694.2060152749632 2.524779190558156 2.5941701778644695 713.1949623064992 
105.00026835559932 9.306855548362587E-95 48.9653005060929 1.199160622839917 721.8946949496291 0.0 0.0 279.0 278.27205043571144 2.5874113845434796 721.8877762876305 1.1880921447906996 715.2314711639925 2.570259823234496 2.5941701778644695 713.1949623064992 
106.00070350235194 9.306855548362587E-95 48.89027791065709 1.2002402538911336 722.5446328424632 0.0 0.0 279.0 277.5436505178359 2.5897417023670375 722.5379349604033 1.1821135292557183 711.6323446119458 2.5640375605213634 2.5941701778644695 713.1949623064992 
107.00040366196704 1.2125722977163942E-94 48.585666575747275 1.1960502368891246 720.0222426072521 0.0 0.0 279.0 276.75470794331915 2.5807020416621174 720.0158696237303 1.1781020033937943 709.2174060430614 2.5626209263558866 2.5941701778644695 713.1949623064992 
108.00043628138998 1.2125722977163942E-94 48.52524201821362 1.1934444687914927 718.4535702124788 0.0 0.0 279.0 276.607150274031 2.575080420396543 718.4474372906357 1.1948992556097544 719.3293518770669 2.6005450371201064 2.5941701778644695 713.1949623064992 
109.00047976398801 1.2125722977163942E-94 48.577029891554716 1.193084817105206 718.2370598973334 0.0 0.0 279.0 273.81717676555786 2.574305257716707 718.2311669029613 1.1793482110466227 709.9676230500681 2.59285276196512 2.5941701778644695 713.1949623064992 
110.00064493579697 1.8026851483320845E-94 48.41456911513884 1.1904626947942902 716.6585422661628 0.0 0.0 280.0 276.26994542372665 2.5594743001713516 716.6528040479784 1.1786556484012771 709.5507003375735 2.568323887889094 2.5640375605213634 711.6323446119458 
111.00023477504479 1.8026851483320845E-94 48.41456911513884 1.1896030433094877 716.1410320723118 0.0 0.0 279.0 270.426267851521 2.56679415515125 716.1355692871987 1.1720291704562504 705.5615606146691 2.6090718413569998 2.5626209263558866 709.2174060430614 
112.00020602582883 1.8026851483320845E-94 48.35086521341652 1.1899246573541091 716.3346437271742 0.0 0.0 280.0 270.2005738265899 2.5583187730265604 716.3292564474367 1.1588905935203306 697.6521372992407 2.5819787405299217 2.6005450371201064 719.3293518770669 
113.00022830632685 2.6789117153635354E-94 48.35086521341652 1.1883593133446582 715.392306633484 0.0 0.0 279.0 272.24778038677397 2.5641115110196564 715.3871115744842 1.1688198229693911 703.6295334275682 2.5845188982916354 2.6005450371201064 719.3293518770669 
114.0001370939392 2.6789117153635354E-94 48.282416650219815 1.1881209089138904 715.2487871661617 0.0 0.0 279.0 274.62267899052216 2.563597833109167 715.2437954374576 1.1753101723827015 707.5367237743897 2.5763958256295663 2.59285276196512 709.9676230500681 
115.00005108762937 3.7255563308276816E-94 48.305758792147145 1.189329479451808 715.9763466299885 0.0 0.0 279.0 268.83164278233704 2.5662061633903495 715.9715195859076 1.1570372496778054 696.5364243060402 2.590976334099181 2.59285276196512 709.9676230500681 
116.00070350235194 3.119531586811456E-94 48.20924382173223 1.193418384133585 718.4378672484185 0.0 0.0 279.0 273.1103039385177 2.5750295255197364 718.4332376200069 1.1712958728162144 705.1201154353608 2.5818143997748866 2.59285276196512 709.9676230500681 
117.00070350235194 2.8469852739477743E-94 48.258549578474266 1.1936646608125323 718.5861258091442 0.0 0.0 279.0 270.2159918981091 2.5755615233868823 718.5816650249403 1.1526362834956938 693.8870426644091 2.567897768708132 2.59285276196512 709.9676230500681 
118.00038729343797 2.8469852739477743E-94 48.186751423393915 1.1941870252597 718.9005892063395 0.0 0.0 279.0 269.59248742675607 2.576689164163536 718.8962768016269 1.1677763269425432 703.0013488194113 2.607644432267073 2.59285276196512 709.9676230500681 
119.00005058109934 4.2282744106092094E-94 48.03707004390851 1.1904241176882393 716.6353188483199 0.0 0.0 280.0 273.0437712399815 2.5593972515206254 716.6312304257752 1.18548232663365 713.6603606334527 2.613721446171383 2.59285276196512 709.9676230500681 
120.00070350235194 3.958636012631875E-94 47.95920641471927 1.192041876402588 717.6092095943578 0.0 0.0 280.0 268.75117525571903 2.562876121149462 717.6053139218491 1.1659392885555895 701.8954517104655 2.611692585316533 2.59285276196512 709.9676230500681 
121.00017597619438 3.958636012631875E-94 47.83866082875118 1.1903303525835334 716.5788722552861 0.0 0.0 280.0 272.13697449932994 2.5591964537917797 716.5750070616979 1.1724876716075852 705.8375783077562 2.593684961796671 2.59285276196512 709.9676230500681 
122.00033260992487 3.958636012631875E-94 47.83866082875118 1.1888784158427788 715.7048063373529 0.0 0.0 280.0 275.0578197127081 2.556075359928562 715.7011007799972 1.1710235589546927 704.9561824907184 2.5629381605185038 2.59285276196512 709.9676230500681 
123.00031458691596 3.958636012631875E-94 47.91952327590362 1.1863613623909466 714.1895401593491 0.0 0.0 280.0 274.14019569133563 2.550663971910843 714.1859121350356 1.1708558938184457 704.8552480786981 2.571148847038543 2.59285276196512 709.9676230500681 
124.00009718107238 3.958636012631875E-94 47.91952327590362 1.1812050137735688 711.0854182916875 0.0 0.0 280.0 274.36985019255854 2.539578166394933 711.081886590581 1.1594152382480238 697.9679734253082 2.5438945749157917 2.59285276196512 709.9676230500681 
125.0004094656212 3.958636012631875E-94 47.91952327590362 1.1795415332752035 710.0840030316723 0.0 0.0 280.0 274.270808473121 2.536002323467123 710.0806505707942 1.1746995009798158 707.1690995898559 2.57836079430655 2.59285276196512 709.9676230500681 
126.0000966599669 4.516228769134855E-94 47.51868515746068 1.1775918763593243 708.9103095683133 0.0 0.0 280.0 275.620663744424 2.53181092089801 708.9070578514429 1.1682001728175264 703.256504036148 2.5515376622424064 2.59285276196512 709.9676230500681 
127.00014769343822 4.516228769134855E-94 47.279846030089104 1.1754415410476111 707.6158077106619 0.0 0.0 280.0 276.38259716326047 2.527188545571906 707.6127927601341 1.15715591546553 696.6078611102471 2.520447626804656 2.59285276196512 709.9676230500681 
128.00005139451883 4.1209235569265814E-94 47.279846030089104 1.1768563564237005 708.4675265670674 0.0 0.0 280.0 276.7895985684914 2.53023086983368 708.4646435534306 1.1582099284122842 697.2423769041937 2.5190338817289826 2.59285276196512 709.9676230500681 
129.00020270058786 4.2164518019666524E-94 47.279846030089104 1.1789183712881433 709.7088595154618 0.0 0.0 280.0 275.48991207883097 2.534664699216552 709.7061157806343 1.1601477112187977 698.4089221537172 2.5351524376466776 2.590976334099181 696.5364243060402 
130.00057361295916 5.48718948703326E-94 47.279846030089104 1.1810293450380112 710.9796657128826 0.0 0.0 280.0 278.2267709131096 2.53920358967375 710.9770051086497 1.1742194142454347 706.8800873757485 2.5406616518455287 2.5763958256295663 707.5367237743897 
131.00009742023627 7.625088805579861E-94 47.42637748695762 1.1826648543464908 711.9642423165878 0.0 0.0 280.0 276.27369829152514 2.5427202280760377 711.9616638612906 1.1720566702952393 705.5781155177265 2.5539098360829033 2.59285276196512 709.9676230500681 
132.00070350235194 1.0593005968439566E-93 47.382923227177336 1.1833314666992887 712.3655429529713 0.0 0.0 281.0 272.04619883964995 2.535099690836667 712.3630131251033 1.1575246620844026 696.8298465748031 2.561439378851715 0.0 0.0 
133.00028945070576 1.0118339048206235E-93 47.52924603884524 1.1825531583023738 711.897001298028 0.0 0.0 280.0 276.48547479014826 2.542480686183533 711.894592131389 1.1830018639447761 712.167122094756 2.575784940005579 0.0 0.0 
134.00026947252843 1.3776909540802927E-93 47.6712533450753 1.1827323456534966 712.0048720834048 0.0 0.0 280.0 278.52962509773323 2.5428659720493605 712.0024721738208 1.1784160497766794 709.4064619655538 2.5469695071633054 0.0 0.0 
135.000035235968 1.2284023610162673E-93 47.5879016057651 1.1848994254276195 713.3094541074269 0.0 0.0 280.0 277.4906888598421 2.547525522154217 713.307146203181 1.1615433604341627 699.249102981367 2.5199011392218313 0.0 0.0 
136.00070350235194 1.150309571000886E-93 47.5879016057651 1.18260772547502 711.9298507359616 0.0 0.0 280.0 274.2951675381801 2.5425985247901 711.9275869412281 1.1556044809944697 695.6738975586767 2.5362236739436663 0.0 0.0 
137.00040886911805 9.350840117004882E-94 47.5879016057651 1.1794405723602455 710.0232245608685 0.0 0.0 280.0 278.97783567472806 2.5357893232470885 710.0210105091847 1.1796901857768924 710.1734918376792 2.545626931688223 0.0 0.0 
138.00002174615432 9.350840117004882E-94 47.5879016057651 1.1831285937844633 712.243413458247 0.0 0.0 280.0 275.6126571897123 2.54371897161632 712.2413120525695 1.1585484196019178 697.4461486003486 2.5305301857754516 0.0 0.0 
139.00026961830116 1.138711961147081E-93 47.55090318353893 1.1836472808269192 712.5556630578051 0.0 0.0 280.0 274.5610169810413 2.5448342835050846 712.5535993814236 1.1775269124049146 708.8712012677586 2.581834846993981 0.0 0.0 
140.00028036715065 9.283343259454128E-94 47.55090318353893 1.1788024219376316 709.6390580064543 0.0 0.0 280.0 272.4890592145627 2.5344181011746247 709.6370683288947 1.159864066687393 698.2381681458089 2.562444782768338 0.0 0.0 
141.00002712236926 1.2070923263985517E-93 47.55090318353893 1.1769703437135666 708.5361469155678 0.0 0.0 280.0 271.13546798340036 2.530479241244657 708.5341875485044 1.1566486046605922 696.3024600056854 2.5680980256272297 0.0 0.0 
142.00026476559523 1.006804142033364E-93 47.47066276916312 1.1779387681459554 709.119138423866 0.0 0.0 280.0 275.5129548797682 2.5325615499859873 709.1172339960768 1.1621178320355359 699.594934885386 2.539245151614319 0.0 0.0 
143.00048175224742 1.4923933377948616E-93 47.5118218432225 1.1760377793857228 707.9747431902051 0.0 0.0 280.0 267.59914135688393 2.5284745145681082 707.9728640790701 1.1494569903259597 691.9731081762249 2.585856982453371 0.0 0.0 
144.00011609345663 1.4923933377948616E-93 47.65139446035855 1.1749422254161739 707.315219700537 0.0 0.0 280.0 269.3681291591209 2.5261191638925102 707.3133658899031 1.154617168964302 695.0795357165161 2.5804074813391136 0.0 0.0 
145.00068956080008 1.3089503320913454E-93 47.607734029635964 1.1759513800949335 707.9227308171493 0.0 0.0 280.0 274.4144982874385 2.5282890192466905 707.9209253890734 1.1642761928566925 700.8942680997378 2.5541444510908398 2.5362236739436663 695.6738975586767 
146.00018694865295 1.3089503320913454E-93 47.51050208878833 1.1710256195239026 704.9574229533896 0.0 0.0 280.0 278.4416375543514 2.5176987820268324 704.9556589675132 1.1820303374143177 711.5822631234132 2.5555885584264075 2.5362236739436663 695.6738975586767 
147.00028206085932 1.3089503320913454E-93 47.57600611731092 1.170480189192469 704.6290738938666 0.0 0.0 280.0 275.40473151272477 2.5165262450272277 704.6273486076238 1.1552295140077116 695.4481674326433 2.525185982146102 2.585856982453371 691.9731081762249 
148.00047726241826 1.3089503320913454E-93 47.58790160578201 1.1673286641974687 702.7318558468762 0.0 0.0 280.0 275.7226520212384 2.5097506235290274 702.7301745881277 1.1580793858942937 697.1637903083717 2.52849660772402 2.5804074813391136 695.0795357165161 
149.0003967960669 1.1125237670219135E-93 47.58790160578201 1.1690690206763636 703.7795504471703 0.0 0.0 280.0 276.2914859651972 2.5134926337821883 703.777937459013 1.1572617110146788 696.6715500308437 2.5215092951456324 2.5804074813391136 695.0795357165161 
150.00009243348393 1.1387056350567657E-93 47.68105344302712 1.1661493577846154 702.0219133863387 0.0 0.0 280.0 275.9618822620507 2.5072157927966154 702.0204219830521 1.1553941505696845 695.547278642952 2.5204469289076203 2.5804074813391136 695.0795357165161 
151.00030874950647 1.1387056350567657E-93 47.896101679200555 1.1640202310978898 700.7401791209294 0.0 0.0 280.0 276.173075479504 2.5026381882144806 700.7386927000542 1.1498931932925258 692.2357023621047 2.506528564235359 2.5804074813391136 695.0795357165161 
152.00070350235194 1.6874618612517412E-93 47.90887567610535 1.1651516676606637 701.4213039317202 0.0 0.0 280.0 273.57986887588254 2.5050710992567975 701.4199077919036 1.135716887328228 683.7015661716032 2.499093113030858 2.5804074813391136 695.0795357165161 
153.00063035936085 1.6874618612517412E-93 47.87614912738019 1.161256064950688 699.0761511003141 0.0 0.0 280.0 269.6321558857161 2.4966956451235127 699.0747806345836 1.1415424916390928 687.2085799667386 2.548689260408587 2.5215092951456324 696.6715500308437 
154.00031993105438 2.053903665343686E-93 47.87614912738019 1.1627529929226272 699.9773017394222 0.0 0.0 281.0 278.1285623371217 2.491017698479059 699.975973272616 1.1787524224206474 709.6089582972286 2.5513703171453 2.5204469289076203 695.547278642952 
155.0003280460953 1.3426384277592814E-93 47.87614912738019 1.1646814109353247 701.138209383065 0.0 0.0 280.0 275.60257912982394 2.5040605375893974 701.1369505250308 1.1540739401840694 694.7525119908058 2.5208490943168544 2.506528564235359 692.2357023621047 
156.00009823648028 2.1235681534584606E-93 48.006122794052445 1.1666721870938623 702.3366566305056 0.0 0.0 280.0 273.03890724577855 2.508340896793337 702.3354511021341 1.150488006518395 692.5937799240802 2.5366120415235742 2.506528564235359 692.2357023621047 
157.0006261217815 3.0860164928293754E-93 48.185680618510446 1.165382481501195 701.5602538637198 0.0 0.0 281.0 275.9121111455758 2.496651525727411 701.5590787294024 1.1577873317798233 696.9879737314455 2.5261231587028927 2.506528564235359 692.2357023621047 
158.0006089026064 4.279097870382612E-93 48.12789248173221 1.164377644197311 700.955341806781 0.0 0.0 281.0 274.14473101997197 2.4944988953295493 700.9541895876032 1.1431645233459913 688.1850430542847 2.5102982665172915 2.5513703171453 709.6089582972286 
159.00020525271526 3.719820977443609E-93 47.95574281935778 1.162393400697697 699.7608272200133 0.0 0.0 281.0 274.2148883823553 2.4902480271235268 699.7596956217112 1.1470840870433359 690.5446204000882 2.518260859115782 2.5208490943168544 694.7525119908058 
160.00004780197105 3.232348219829511E-93 47.95574281935778 1.1601775470974576 698.42688335267 0.0 0.0 281.0 276.31850155389424 2.4855011600071397 698.4258259620061 1.142875974759566 688.0113368052653 2.4899213513977196 2.5366120415235742 692.5937799240802 
161.00048533376452 3.232348219829511E-93 47.931770941413134 1.1596051183352918 698.0822812378453 0.0 0.0 281.0 274.8641215961649 2.4842749048361763 698.0812482589652 1.136852126637068 684.384980235517 2.4899029246204316 2.5366120415235742 692.5937799240802 
162.00002997648232 3.232348219829511E-93 48.11292168844034 1.1640166351690187 700.7380143717494 0.0 0.0 281.0 265.49670347216556 2.4937259703567363 700.7369976702428 1.1058128907559934 665.6993602351051 2.507373355409275 2.5366120415235742 692.5937799240802 
163.00005928195694 3.232348219829511E-93 48.11292168844034 1.1638351418564543 700.6287553975851 0.0 0.0 282.0 274.05596389278577 2.4844957345043306 700.6277971302209 1.1314291928175306 681.1203740761607 2.485333157510208 2.5366120415235742 692.5937799240802 
164.00000378839695 3.932173039947954E-93 48.150089904931384 1.1606981674547021 698.7402968077298 0.0 0.0 282.0 278.23692956392597 2.477799167360852 698.7393651957599 1.1573968652050914 696.7529128534677 2.5041712253850403 2.5366120415235742 692.5937799240802 
165.00010855752416 3.6649286826551904E-93 48.21995817753925 1.1587701131176975 697.5796080968539 0.0 0.0 283.0 276.98709439543325 2.4649424796835713 697.5787217504509 1.1432120156999575 688.2136334513738 2.4846415135459847 2.5366120415235742 692.5937799240802 
166.00016012850583 3.4331980727380864E-93 48.21995817753925 1.1571492385400464 696.6038416011071 0.0 0.0 283.0 277.4839756610963 2.4614945591916615 696.6029602512399 1.1418826550054255 687.4133583132706 2.477308308256472 2.5366120415235742 692.5937799240802 
167.0006420756449 2.9814970580833533E-93 48.285099081286745 1.1563084043425904 696.0976594142393 0.0 0.0 283.0 279.0203538192738 2.4597060790605854 696.0968203741453 1.1456097817724853 689.6570886270305 2.4717088885699465 2.5366120415235742 692.5937799240802 
168.00009956243449 3.871436174716546E-93 48.383109870699585 1.1506219474418027 692.6744123599658 0.0 0.0 283.0 270.50799842330235 2.447609834169824 692.6735830700601 1.1284380983219933 679.3197351898459 2.5112741181383393 2.5366120415235742 692.5937799240802 
169.00021224064523 5.145829876082566E-93 48.51230367888624 1.1455361326531035 689.612751857169 0.0 0.0 283.0 276.6909642351443 2.436791352877915 689.61195286445 1.1427606054742478 687.9418844954921 2.4863185771070158 2.5366120415235742 692.5937799240802 
170.00007785727166 6.0788095322787455E-93 48.467854442869644 1.1438934087721402 688.6238320808284 0.0 0.0 283.0 272.67683990488456 2.4332970326967196 688.6230602531713 1.1231790653716933 676.1537973537576 2.4796891352768147 2.5366120415235742 692.5937799240802 
171.00028909390073 9.820097964775796E-93 48.3984336149854 1.141182964774551 686.9921447942797 0.0 0.0 283.0 264.69388771490526 2.4275314091936115 686.9913888017919 1.1034918780102532 664.3021105621667 2.509699473218168 2.5366120415235742 692.5937799240802 
172.0001097633866 9.367774389717102E-93 48.3984336149854 1.1408170144606213 686.7718427052945 0.0 0.0 283.0 273.1546375043905 2.4267529793069857 686.771093143877 1.1252571643406604 677.4048129330746 2.479931584255773 2.5366120415235742 692.5937799240802 
173.00046167053966 1.2520742311339035E-92 48.3984336149854 1.1407554895928576 686.7348047349002 0.0 0.0 283.0 257.22476259661545 2.4266221810723905 686.7340772434864 1.0905490847166128 656.5105489993971 2.552283622976645 2.5366120415235742 692.5937799240802 
174.0000121950199 1.2820529650219484E-92 48.319447363088244 1.13980446910182 686.1622903992952 0.0 0.0 283.0 274.979203300746 2.4245992691865554 686.1615931797951 1.1449182850989394 689.2408076295577 2.5065197635172862 2.5366120415235742 692.5937799240802 
175.00046473527166 1.194163577728101E-92 48.346836142685824 1.1402241332071787 686.414928190722 0.0 0.0 283.0 264.68240302238814 2.4254919977272946 686.4142353568243 1.1094499124821982 667.8888473142853 2.5233594666200454 2.5366120415235742 692.5937799240802 
176.00035927755047 1.3517220047267928E-92 48.26149880235234 1.1362777635239893 684.039213641441 0.0 0.0 283.0 275.37915534434865 2.4170972836353295 684.0385312687979 1.1432626568496724 688.2441194234929 2.4992600422601923 2.5366120415235742 692.5937799240802 
177.00015172473738 1.3517220047267928E-92 48.048813874266436 1.1340124014055535 682.6754656461425 0.0 0.0 283.0 275.7149353313498 2.4122783843614113 682.674782774279 1.1361863286125964 683.9841698247801 2.4807657554088567 2.5112741181383393 679.3197351898459 
178.00052945251917 1.1721574268225553E-92 48.09234445127941 1.1352361869595824 683.4121845496685 0.0 0.0 283.0 274.17071458430587 2.4148816913506383 683.4115186522303 1.1261154466270222 677.9214988694707 2.4726254950216933 2.4846415135459847 688.2136334513738 
179.00004751140617 1.1721574268225553E-92 48.13297291616381 1.136064813214082 683.9110175548775 0.0 0.0 283.0 267.4060847720321 2.416645436790095 683.910658611597 1.106682090005282 666.2226181831788 2.4914265460755844 2.4846415135459847 688.2136334513738 
180.0005328904971 1.1721574268225553E-92 48.17176232132406 1.1359927563964478 683.867639350662 0.0 0.0 284.0 277.6067562869405 2.407983437461414 683.867296239042 1.1244630233671167 676.9267400670116 2.4384375550547666 2.5233594666200454 667.8888473142853 
181.00001384121487 1.6220764965682582E-92 47.809169415269686 1.1343155116584651 682.8579380183966 0.0 0.0 284.0 276.7288620665134 2.4044282365248892 682.857619173069 1.1166077680436932 672.1978763623009 2.4290848137146397 2.5233594666200454 667.8888473142853 
182.00002529120493 1.349418532687847E-92 47.85620488714379 1.1322650952391693 681.6235873339796 0.0 0.0 283.0 276.4693033140816 2.40856281746394 681.6232773422946 1.1166767956160244 672.239430960847 2.431515625433297 2.4807657554088567 683.9841698247801 
183.00023293101518 1.1693021483910351E-92 47.40109016266745 1.1283199602563363 679.2486160743142 0.0 0.0 284.0 262.5358719191947 2.391719416209281 679.2483142034358 1.068866971367007 643.4579167629405 2.450933322212779 2.4807657554088567 683.9841698247801 
184.0001666206664 1.6177657090994435E-92 47.40188018742385 1.1265305854918464 678.1714124660921 0.0 0.0 284.0 276.2104712724319 2.3879265126216946 678.1711295845613 1.1105278211709373 668.5377483448989 2.420392482823386 2.4807657554088567 683.9841698247801 
185.0000110229386 1.9056511918137608E-92 47.38924137127616 1.1263322329710623 678.0520042485803 0.0 0.0 283.0 272.7339531357296 2.3959417636739335 678.0515191197231 1.1058371140155052 665.7139426373305 2.440891333782814 2.4807657554088567 683.9841698247801 
186.0006779980559 2.8116095600417096E-92 47.12538871439689 1.1239469135457336 676.6160419545315 0.0 0.0 282.0 279.5727074299399 2.3993460440362466 676.6155844182209 1.1090125253889003 667.6255402841201 2.3880211570774486 2.4807657554088567 683.9841698247801 
187.00043383364 2.3768973561091693E-92 47.11203841230665 1.1236528916844188 676.4390407940205 0.0 0.0 283.0 277.707369841126 2.3902423710748164 676.4385910141732 1.1126943354972927 669.8419899693669 2.412042540868028 2.450933322212779 643.4579167629405 
188.00002293705853 2.7972602328517402E-92 47.165724354706704 1.1243731531780299 676.8726382131734 0.0 0.0 281.0 266.2586981287378 2.408797908110437 676.8722121790324 1.0680115848455345 642.9429740770081 2.414730405412487 2.450933322212779 643.4579167629405 
189.00020299498746 2.7972602328517402E-92 47.165724354706704 1.1227097823051668 675.8712889477098 0.0 0.0 281.0 280.555848156908 2.4052344151064005 675.870870644898 1.1197553394184392 674.0927143299082 2.4027041986767093 2.450933322212779 643.4579167629405 
190.00010360283304 2.3063418903726505E-92 47.13298174977133 1.1229090804798614 675.9912664488761 0.0 0.0 281.0 277.1762348902272 2.4056614367273452 675.9908637203841 1.1181649555662256 673.1353032508695 2.428546240688556 2.3880211570774486 667.6255402841201 
191.00015901920756 2.3627443016068962E-92 47.07645609378785 1.1175678446213118 672.7758424620297 0.0 0.0 281.0 280.174596299649 2.3942186565945494 672.7754425030687 1.1132272327096058 670.1627940911865 2.3919470321086567 2.3880211570774486 667.6255402841201 
192.00000259594623 2.3627443016068962E-92 46.673334478943204 1.1127733481940383 669.8895556128113 0.0 0.0 280.0 277.9086696646806 2.392461303460105 669.8891649688292 1.1073164051409277 666.6044758948411 2.3986458454108455 2.3880211570774486 667.6255402841201 
193.00038295819456 2.3627443016068962E-92 46.270322978909725 1.113282601744401 670.1961262501294 0.0 0.0 281.0 277.22657795229907 2.385038233414632 670.1957435895116 1.0969444163770583 660.36053865899 2.3820246368030946 2.4027041986767093 674.0927143299082 
194.0001761972503 2.3627443016068962E-92 46.04722267792443 1.1106663192280413 668.6211241752815 0.0 0.0 281.0 272.34328474771263 2.3794332578370616 668.6207454522142 1.0907311123779357 656.6201296515238 2.4110017262213352 2.4027041986767093 674.0927143299082 
195.00030741540246 3.716426811085784E-92 46.02446051233745 1.1119514096980148 669.3947486382044 0.0 0.0 281.0 275.34055138722994 2.3821870828697014 669.3945702863858 1.0972167614799766 660.5244904109536 2.3989364700661677 2.4027041986767093 674.0927143299082 
196.00003403104455 3.4564636687916826E-92 46.079467018032204 1.1154225704733207 671.4843874249391 0.0 0.0 282.0 274.7797226719597 2.3811497107849218 671.4842184413478 1.0866289958524724 654.1506555031921 2.3806365664184646 2.4027041986767093 674.0927143299082 
197.00026321142042 4.476420730719916E-92 46.079467018032204 1.1127815571752218 669.8944974194828 0.0 0.0 282.0 275.801338367394 2.37551183676034 669.8943379664156 1.0896498065099038 655.9691835189601 2.3784118938724865 2.3919470321086567 670.1627940911865 
198.00016416111418 5.05321049587356E-92 45.96900890003218 1.1114613249007252 669.0997175902364 0.0 0.0 282.0 274.73340335422887 2.3726934948478395 669.0995655470905 1.090550255160702 656.5112536067364 2.3896302582480673 2.3986458454108455 666.6044758948411 
199.00018985186097 5.3903327431901045E-92 46.079467018032204 1.110802388298495 668.703037755694 0.0 0.0 282.0 278.8532974276252 2.371286835994696 668.7028877505043 1.097366446612612 660.61460086079 2.3690399466488246 2.3820246368030946 660.36053865899 
200.00039615520683 6.133346052962552E-92 45.80000116416558 1.106112846828783 665.879933790927 0.0 0.0 281.0 280.08245305377176 2.3696789704276955 665.8797906901824 1.1002299040642862 662.3384022467061 2.3647979194167754 2.4110017262213352 656.6201296515238 
201.000552719738 6.133346052962552E-92 45.80000116416558 1.1061088629240643 665.8775354802868 0.0 0.0 281.0 279.28336048984744 2.3696704468706 665.8773955706388 1.0928413716015586 657.8905057041458 2.3556380321056096 2.3989364700661677 660.5244904109536 
202.00070350235194 6.133346052962552E-92 45.74202455566604 1.1053572031569388 665.4250363004775 0.0 0.0 281.0 281.4440285814701 2.3680601501205447 665.4249021838727 1.0948984342405013 659.1288574127808 2.341953605251147 2.4027041986767093 674.0927143299082 
203.0005544816953 6.133346052962552E-92 45.38662462578593 1.1022604815005776 663.5608098633477 0.0 0.0 280.0 277.7893199796196 2.369858886203699 663.5604881370355 1.090137072278741 656.2625175118022 2.3624468988222795 2.4027041986767093 674.0927143299082 
204.00070350235194 6.133346052962552E-92 45.122138659117425 1.0990361041980297 661.6197347272126 0.0 0.0 280.0 273.9974358946662 2.362926494839083 661.6194185549426 1.0666957731567133 642.1508554403366 2.3436381926114116 2.3690399466488246 660.61460086079 
205.00020034100018 5.566478746616884E-92 45.01597603967109 1.0980803915302026 661.0443957011823 0.0 0.0 279.0 274.5656770981378 2.3693336374741287 661.044084855282 1.088335003945022 655.1776723748985 2.386232974563382 2.3647979194167754 662.3384022467061 
206.00045252850728 7.686008215000764E-92 45.22051172836515 1.0998155196376747 662.0889428218799 0.0 0.0 280.0 273.79926846603274 2.3646022945608207 662.0886424770299 1.0762554085108116 647.9057559235025 2.3663531299897578 2.3556380321056096 657.8905057041458 
207.00002596763804 6.974397927286299E-92 45.22051172836515 1.0938964964554996 658.5256908662108 0.0 0.0 280.0 262.4056446870918 2.3518764521101696 658.5254065908473 1.0381189603424041 624.9476141261282 2.381608882199745 2.3624468988222795 656.2625175118022 
208.00020906925445 6.974397927286299E-92 45.09306931535386 1.0947923798631072 659.0650126775905 0.0 0.0 280.0 272.2397580736977 2.3538026521803075 659.0647426104861 1.0759506025329646 647.7222627248517 2.37923463974541 2.3624468988222795 656.2625175118022 
209.00021284492325 6.643251723373573E-92 44.825064116728626 1.09079898125564 656.6609867158963 0.0 0.0 278.0 274.16046586915274 2.36208842920114 656.6605833179171 1.0879157725878925 654.9252950979014 2.3888392989909586 2.386232974563382 655.1776723748985 
210.00014204510276 5.2054839311276315E-92 44.653315549073334 1.0881899842299207 655.0903705064117 0.0 0.0 278.0 275.8978207286227 2.3564388047279947 655.0899877143825 1.0861080376852021 653.8370386864967 2.3698521320674755 2.3663531299897578 647.9057559235025 
211.0000188066842 7.663836232002989E-92 44.81161861450714 1.0892943704516427 655.7552110118883 0.0 0.0 278.0 270.03387817069466 2.358830397259951 655.7548504382661 1.055269028446943 635.2719551250505 2.3525639057906664 2.381608882199745 624.9476141261282 
212.00021071787265 6.737061045538682E-92 44.99497348521408 1.0872092787563374 654.4999858113149 0.0 0.0 278.0 266.3564107705339 2.354315198913444 654.4996252979371 1.041703492322791 627.1055023783158 2.354384865617398 2.37923463974541 647.7222627248517 
213.00002955718688 8.909847417546574E-92 44.95799282346499 1.0883619598013063 655.1938998003862 0.0 0.0 279.0 271.86569707101023 2.3483640383579303 655.1935667018626 1.071042700825689 644.7677058970658 2.371640530024849 2.3888392989909586 654.9252950979014 
214.0003876475016 8.226836553444587E-92 45.029983188858886 1.0883162274673799 655.166368935362 0.0 0.0 279.0 275.4543073799659 2.3482654157473983 655.1660509935239 1.0844279969033532 652.825654135822 2.369996172306372 2.3698521320674755 653.8370386864967 
215.00019004407227 8.226836553444587E-92 45.029983188858886 1.087958031762305 654.9507351209081 0.0 0.0 279.0 275.49238740076333 2.3474925476283066 654.9504207882976 1.0863266091203785 653.9686186904695 2.373817385157473 2.3525639057906664 635.2719551250505 
216.0002462011355 7.100758156283156E-92 45.029983188858886 1.0856659711276857 653.5709146188669 0.0 0.0 279.0 264.4321842000267 2.3425469923802775 653.5706108740975 1.0540973914711749 634.5666296656412 2.39973296588448 2.354384865617398 627.1055023783158 
217.00000743901248 6.27911683257546E-92 45.029983188858886 1.0853861348556562 653.4024531831043 0.0 0.0 279.0 275.98474008764134 2.341943184011799 653.4021483392918 1.0839153107765402 652.5170170874792 2.364322813211581 2.354384865617398 627.1055023783158 
218.000207805709 6.595921878992778E-92 45.09407139460276 1.0842225286307832 652.7019622357321 0.0 0.0 279.0 275.65750776533207 2.3394324779421827 652.7016613458692 1.0925923308717147 657.7405831847806 2.386078973567144 2.354384865617398 627.1055023783158 
219.00023749353522 9.100348159091838E-92 44.88013313382985 1.0836048863876484 652.330141605364 0.0 0.0 277.0 273.1301886984757 2.354981311247997 652.3298232156952 1.0931334081713964 658.0663117191845 2.40935033529253 2.354384865617398 627.1055023783158 
220.00070350235194 1.1037471737467099E-91 44.94825298019122 1.0841574302387895 652.6627730037512 0.0 0.0 278.0 272.0299372760233 2.347706726809636 652.6624700530787 1.0668746776256925 642.2585559306723 2.36098483263254 2.39973296588448 634.5666296656412 
221.00036411751418 1.1037471737467099E-91 44.90706929370882 1.08057558228367 650.5065005347698 0.0 0.0 278.0 258.54568088546995 2.3399503788023814 650.5062053070623 1.0205355352117629 614.3623921974845 2.3762237686331087 2.39973296588448 634.5666296656412 
222.00015142967845 1.4001474872165999E-91 44.49285261967217 1.07668078464908 648.161832358747 0.0 0.0 278.0 274.0563637987412 2.3315163840545274 648.1615547671587 1.0760209070318227 647.7645860331522 2.3636181151000426 2.386078973567144 657.7405831847806 
223.00004068019487 1.4351059656348326E-91 44.202131213841476 1.0763468365237467 647.9607955872965 0.0 0.0 278.0 266.0790434274147 2.330793269273543 647.9605288580451 1.0552254492541928 635.2457204510206 2.3874323669699793 2.386078973567144 657.7405831847806 
224.00055261359515 1.4351059656348326E-91 44.202131213841476 1.0747678120791069 647.0102228716216 0.0 0.0 278.0 270.80681603219375 2.327373973313076 647.0099645810352 1.0555219269547127 635.4242000267401 2.3464113988593267 2.36098483263254 642.2585559306723 
225.00003738189568 1.4351059656348326E-91 44.28840946363563 1.0737017428876143 646.3684492183432 0.0 0.0 278.0 266.626159816194 2.3250654710212784 646.3682009439153 1.0282917906872144 619.0316579937042 2.3217213885556114 2.36098483263254 642.2585559306723 
226.00070350235194 1.4351059656348326E-91 44.36055985879368 1.0723351146167122 645.5457389992603 0.0 0.0 278.0 273.1721467863863 2.3221056580320503 645.5453729329097 1.052668873681821 633.7066619564496 2.3198070133116175 2.36098483263254 642.2585559306723 
227.0000924629947 1.8191548469522028E-91 44.43233409905735 1.0713845883662043 644.9735221964544 0.0 0.0 278.0 273.40683958291214 2.3200473770983137 644.9731708333314 1.0452244855677908 629.2251403118164 2.3014242850387814 2.36098483263254 642.2585559306723 
228.00004070459775 1.7060635344560136E-91 44.36055985879368 1.067847373925808 642.8441191033372 0.0 0.0 278.0 272.1968657028255 2.312387747510691 642.843793807972 1.048186835227597 631.0084748070113 2.3182062481789307 2.36098483263254 642.2585559306723 
229.00058206893726 1.9203139535100212E-91 44.0266541941737 1.0706702390093108 644.5434838836044 0.0 0.0 276.0 271.2786990264417 2.335301334348612 644.5431682802172 1.0512391152401892 632.8459473745934 2.3328257974022115 2.36098483263254 642.2585559306723 
230.00070350235194 1.6074065208641766E-91 44.0266541941737 1.068717447226786 643.3679032305256 0.0 0.0 277.0 273.8972614410772 2.3226267245998478 643.3676027141578 1.050611059409043 632.4678577642493 2.3091426852411607 2.3217213885556114 619.0316579937042 
231.0000711445339 1.5840296687507373E-91 44.05014133907125 1.0692121239491699 643.6656986174006 0.0 0.0 279.0 270.4188513517739 2.3070444769683363 643.665409074166 1.0696388402938182 643.9225818568754 2.3812044857007018 2.36098483263254 642.2585559306723 
232.00014121939256 1.8009739086596964E-91 43.597300253557634 1.0669367924478235 642.2959490535898 0.0 0.0 279.0 268.34054617067164 2.3021350127351417 642.2956685531045 1.0536494615601937 634.2969758592413 2.363776122956133 2.36098483263254 642.2585559306723 
233.00009244718976 1.3994164898611643E-91 43.600206837118456 1.0669832671841188 642.3239268448395 0.0 0.0 279.0 273.7835925878584 2.302235356077052 642.3236643454976 1.0585332208402956 637.2369989458577 2.327520772602053 2.36098483263254 642.2585559306723 
234.00012843990015 1.6378570165086774E-91 43.91013801281149 1.067639860185509 642.7191958316766 0.0 0.0 279.0 268.3459111928667 2.3036520994121132 642.71893573598 1.033823021515517 622.3614589523504 2.3192507617716007 2.3091426852411607 632.4678577642493 
235.00070350235194 1.0913207829986156E-91 44.10033813473506 1.0674469501866681 642.6030640123736 0.0 0.0 278.0 272.9970130995182 2.3115208856956495 642.6028062233905 1.0541390320612125 634.5916973008488 2.3245371445493253 2.3812044857007018 643.9225818568754 
236.00022198425444 1.0913207829986156E-91 44.10033813473506 1.0682660935686221 643.096188328311 0.0 0.0 279.0 276.958548755342 2.3050033990867425 643.0959483452011 1.0600703058178673 638.162324102354 2.3041799105688194 2.363776122956133 634.2969758592413 
237.00030891156808 8.937361843638407E-92 44.28890156005112 1.0686354277346246 643.3185274962437 0.0 0.0 278.0 272.6626169373091 2.31409457546014 643.3182919779188 1.0552332729350968 635.2504303069246 2.329803907269701 2.327520772602053 637.2369989458577 
238.00053284565973 9.163663144400469E-92 44.62430032502244 1.0678215892880951 642.8285967514325 0.0 0.0 280.0 271.94687542153116 2.295815589399586 642.8283650318842 1.0388117615406551 625.3646804474735 2.299583988520284 2.3192507617716007 622.3614589523504 
239.00015735834194 9.163663144400469E-92 44.5710308975663 1.066193711592212 641.8486143785123 0.0 0.0 279.0 264.87911575553846 2.300531886580762 641.8483963560323 1.0166246001063532 612.0080092640279 2.3105181679512277 2.3245371445493253 634.5916973008488 
240.00026692640418 1.1845080952754706E-91 44.5710308975663 1.0623517363876165 639.535745305345 0.0 0.0 279.0 268.01733484013664 2.292242033716228 639.535527406828 1.0282098371829713 618.9823219841542 2.3094861470559596 2.3041799105688194 638.162324102354 
241.0000686392051 1.1845080952754706E-91 44.5710308975663 1.0629834571167016 639.9160411842543 0.0 0.0 279.0 276.1511843075602 2.293605109240131 639.9158254779968 1.0545550580685845 634.8421449572827 2.298893436032614 2.329803907269701 635.2504303069246 
242.00000522639763 1.1845080952754706E-91 44.84523993514573 1.059246004336537 637.6660946105948 0.0 0.0 277.0 276.5087112616027 2.302042900308058 637.6658833853324 1.0544274057290666 634.7652982488979 2.2956430390663227 2.299583988520284 625.3646804474735 
243.00070350235194 9.163663144400469E-92 44.84523993514573 1.0573031732732063 636.496510310471 0.0 0.0 277.0 270.9097289436534 2.2978206024903387 636.4963068898242 1.0286093418791695 619.2228238112602 2.285716449629805 2.3105181679512277 612.0080092640279 
244.0001763895159 7.885660671983182E-92 45.26575485820622 1.0589291535903587 637.4753504613958 0.0 0.0 278.0 271.1988759231691 2.293076085846388 637.4751518652961 1.0442366919168165 628.6304885339212 2.3179686360942466 2.3094861470559596 618.9823219841542 
245.00045755986895 7.885660671983182E-92 45.26575485820622 1.0553560931209411 635.3243680588059 0.0 0.0 277.0 269.35309241952996 2.2935890640970746 635.3241707548896 1.0384898982604547 625.1709187527948 2.321008877741274 2.298893436032614 634.8421449572827 
246.00018058224182 7.885660671983182E-92 45.2257877628444 1.0512974103302433 632.8810410188067 0.0 0.0 278.0 267.6151384115163 2.2765498276221448 632.8808520789561 1.0542154427103907 634.6376965116599 2.371456638360147 2.2956430390663227 634.7652982488979 
247.00021741376574 7.885660671983182E-92 45.41310788022265 1.047552179699127 630.6264121788737 0.0 0.0 278.0 269.7154666851383 2.268439667224353 630.6262274883698 1.0416653934998146 627.0825668868898 2.32497815047046 2.285716449629805 619.2228238112602 
248.00057021033135 1.0868313756528468E-91 45.30525387899701 1.0480940295336012 630.9526057792281 0.0 0.0 278.0 270.00144026478756 2.2696130383129307 630.952424650995 1.0423544710669368 627.4973915822902 2.3240520160444706 2.285716449629805 619.2228238112602 
249.0005699171611 8.890316689329252E-92 45.42092970035882 1.0457598646998314 629.5474385492986 0.0 0.0 279.0 270.5687746898006 2.256442041070798 629.5473294587526 1.0309535246872428 620.634021861716 2.2938124422275084 2.3179686360942466 628.6304885339212 
250.00034482473185 1.148919600956222E-91 45.382842564810424 1.0427736429640015 627.7497330643291 0.0 0.0 278.0 267.5173364245494 2.258091947529875 627.7495614133047 1.0089684745669387 607.3990216892939 2.2705033991716825 2.371456638360147 634.6376965116599 
251.0002789180153 1.0106786374214751E-91 45.54423796322001 1.0400475685111847 626.1086362437328 0.0 0.0 280.0 274.40925532059015 2.236101910837713 626.1085350345596 1.0310328551933254 620.6817788263777 2.2618835436189646 2.32497815047046 627.0825668868898 
252.00024771877722 0.0 0.0 0.0 0.0 0.0 0.0 280.0 272.7571184014562 0.0 0.0 0.9301526884746705 559.9519184617496 2.052932373473704 2.32497815047046 627.0825668868898 
253.00045045610582 0.0 0.0 0.0 0.0 0.0 0.0 280.0 266.9997290537771 0.0 0.0 0.5527554074706501 332.7587552973321 1.2462887377324277 2.3240520160444706 627.4973915822902 
254.00001595327646 0.0 0.0 0.0 0.0 0.0 0.0 280.0 270.4803127149367 0.0 0.0 0.19998392486476327 120.39032276858852 0.44509828297732595 2.2938124422275084 620.634021861716 
255.00005582919349 0.0 0.0 0.0 0.0 0.0 0.0 280.0 273.7915871749782 0.0 0.0 0.0374769334049951 22.56111390980719 0.082402509670206 2.2705033991716825 607.3990216892939 
256.0002732633851 0.0 0.0 0.0 0.0 0.0 0.0 280.0 277.2594757830629 0.0 0.0 0.004725153114539592 2.8445421749528097 0.01025949488982831 2.2618835436189646 620.6817788263777 
257.0001130278161 0.0 0.0 0.0 0.0 0.0 0.0 280.0 277.48044258986477 0.0 0.0 5.630384890777103E-4 0.3389491704247842 0.0012215245415539949 2.052932373473704 559.9519184617496 
258.0000738761316 0.0 0.0 0.0 0.0 0.0 0.0 278.0 266.877088107921 0.0 0.0 1.7746444910405202E-4 0.106833598360641 4.003101169832876E-4 1.2462887377324277 332.7587552973321 
259.0000083239285 0.0 0.0 0.0 0.0 0.0 0.0 279.0 276.3322928052238 0.0 0.0 -1.0981482260626777E-4 -0.06610852320897326 -2.3923560485046406E-4 0.44509828297732595 120.39032276858852 
260.00039315233727 0.0 0.0 0.0 0.0 0.0 0.0 278.0 276.34434710932214 0.0 0.0 8.431951050391838E-5 0.05076034532335872 1.8368512276199328E-4 0.082402509670206 22.56111390980719 
261.0005710271009 0.0 0.0 0.0 0.0 0.0 0.0 279.0 275.4411006528795 0.0 0.0 7.828574920144908E-5 0.04712802101927211 1.711001767984673E-4 0.0012215245415539949 0.3389491704247842 
262.0003299347843 0.0 0.0 0.0 0.0 0.0 0.0 278.0 273.97125872046354 0.0 0.0 3.186293827939091E-5 0.01918148884419362 7.001277774091166E-5 4.003101169832876E-4 0.106833598360641 
263.00007969883416 0.0 0.0 0.0 0.0 0.0 0.0 279.0 276.2230160044283 0.0 0.0 4.58645505997087E-6 0.002761045946102504 9.99571283393068E-6 -2.3923560485046406E-4 -0.06610852320897326 
264.00070350235194 0.0 0.0 0.0 0.0 0.0 0.0 278.0 271.1767817539559 0.0 0.0 1.6638533596017046E-7 1.001639722480234E-4 3.6936780354191305E-7 1.8368512276199328E-4 0.05076034532335872 
265.0003646269819 0.0 0.0 0.0 0.0 0.0 0.0 278.0 267.16232742029484 0.0 0.0 1.380165581529722E-8 8.308596800809007E-6 3.1099432622242716E-8 1.711001767984673E-4 0.04712802101927211 
266.00070350235194 0.0 0.0 0.0 0.0 0.0 0.0 278.0 272.6632250743293 0.0 0.0 3.0558972192250383E-9 1.8396501259734803E-6 6.746968262669023E-9 7.001277774091166E-5 0.01918148884419362 
267.00070350235194 0.0 0.0 0.0 0.0 0.0 0.0 278.0 270.36831928936084 0.0 0.0 1.5357813348278733E-9 9.245403635663826E-7 3.419558792969735E-9 9.99571283393068E-6 0.002761045946102504 
268.0001635868262 0.0 0.0 0.0 0.0 0.0 0.0 278.0 272.67019379389336 0.0 0.0 1.1637049296573016E-9 7.005503676536988E-7 2.569222392467409E-9 3.6936780354191305E-7 1.001639722480234E-4 
269.0000644530968 0.0 0.0 0.0 0.0 0.0 0.0 278.0 273.08579814742535 0.0 0.0 8.676918315331855E-10 5.223504825829747E-7 1.912770587582822E-9 3.1099432622242716E-8 8.308596800809007E-6 
270.00049203707925 0.0 0.0 0.0 0.0 0.0 0.0 277.0 274.08135547083646 0.0 0.0 4.905906084587432E-10 2.9533554629216574E-7 1.0775470144067892E-9 6.746968262669023E-9 1.8396501259734803E-6 
271.00001308920935 0.0 0.0 0.0 0.0 0.0 0.0 277.0 272.33456822029035 0.0 0.0 1.3480896869347534E-10 8.115499915347234E-8 2.9799742164140684E-10 3.419558792969735E-9 9.245403635663826E-7 
272.00034107696956 0.0 0.0 0.0 0.0 0.0 0.0 278.0 269.7009476171736 0.0 0.0 8.22885383651298E-12 4.95377000958078E-9 1.8367640356282314E-11 2.569222392467409E-9 7.005503676536988E-7 
273.0000869102419 0.0 0.0 0.0 0.0 0.0 0.0 278.0 269.8321869291497 0.0 0.0 2.1032350142977157E-12 1.2661474786072162E-9 4.692351542700392E-12 1.912770587582822E-9 5.223504825829747E-7 
274.0001749122379 0.0 0.0 0.0 0.0 0.0 0.0 278.0 273.68114304603296 0.0 0.0 9.412579553921709E-13 5.666372891460826E-10 2.0704286851461103E-12 1.0775470144067892E-9 2.9533554629216574E-7 
275.0000691698717 0.0 0.0 0.0 0.0 0.0 0.0 278.0 270.5449507078334 0.0 0.0 2.5431103592448225E-13 1.53095243626539E-10 5.65877290357821E-13 2.9799742164140684E-10 8.115499915347234E-8 
276.00001557378533 0.0 0.0 0.0 0.0 0.0 0.0 279.0 270.46926269144063 0.0 0.0 4.2976704687864473E-14 2.5871976222094605E-11 9.565588327724368E-14 1.8367640356282314E-11 4.95377000958078E-9 
277.00070350235194 0.0 0.0 0.0 0.0 0.0 0.0 279.0 272.6291206892018 0.0 0.0 -8.573681713203945E-16 -5.161356391348732E-13 -1.8931786810964693E-15 4.692351542700392E-12 1.2661474786072162E-9 
278.0002082918831 0.0 0.0 0.0 0.0 0.0 0.0 280.0 274.93701243002465 0.0 0.0 -7.736986889201655E-15 -4.657666107299434E-12 -1.6940847891423407E-14 2.0704286851461103E-12 5.666372891460826E-10 
279.0001934344064 0.0 0.0 0.0 0.0 0.0 0.0 280.0 274.5045547723447 0.0 0.0 -8.955611983236665E-16 -5.391278413908446E-13 -1.964003263399255E-15 5.65877290357821E-13 1.53095243626539E-10 
280.00070350235194 0.0 0.0 0.0 0.0 0.0 0.0 279.0 277.2545969104753 0.0 0.0 1.9475291254099064E-15 1.1724125334967588E-12 4.228649575376842E-15 9.565588327724368E-14 2.5871976222094605E-11 
281.0002049456285 0.0 0.0 0.0 0.0 0.0 0.0 281.0 276.0920786370881 0.0 0.0 6.161285195931348E-16 3.7090936879506344E-13 1.3434263330771213E-15 -1.8931786810964693E-15 -5.161356391348732E-13 
282.0000255623456 0.0 0.0 0.0 0.0 0.0 0.0 279.0 274.2646245814948 0.0 0.0 1.4391664495545726E-16 8.663782026318566E-14 3.1589134178491967E-16 -1.6940847891423407E-14 -4.657666107299434E-12 
283.0006001420222 0.0 0.0 0.0 0.0 0.0 0.0 277.0 267.5865877870817 0.0 0.0 3.1774945081269874E-17 1.9128516938924484E-14 7.14853352595722E-17 -1.6940847891423407E-14 -4.657666107299434E-12 
284.00024893869386 0.0 0.0 0.0 0.0 0.0 0.0 278.0 276.0851566938449 0.0 0.0 1.927381979777664E-18 1.1602839518261584E-15 4.202630687287601E-18 -1.6940847891423407E-14 -4.657666107299434E-12 
285.00014905940264 0.0 0.0 0.0 0.0 0.0 0.0 279.0 275.9891055956128 0.0 0.0 -7.638222704890488E-20 -4.5982100683440586E-17 -1.666083905167434E-19 -1.6940847891423407E-14 -4.657666107299434E-12 
286.0002997056615 0.0 0.0 0.0 0.0 0.0 0.0 279.0 275.3463630040266 0.0 0.0 -2.4788276002214345E-19 -1.4922542153332859E-16 -5.419553027876615E-19 -1.6940847891423407E-14 -4.657666107299434E-12 
287.00070350235194 0.0 0.0 0.0 0.0 0.0 0.0 279.0 275.0553248150878 0.0 0.0 -2.7157789851953774E-19 -1.6348989490876352E-16 -5.943891288731579E-19 -1.6940847891423407E-14 -4.657666107299434E-12 
288.00048112907336 0.0 0.0 0.0 0.0 0.0 0.0 278.0 273.43642451310296 0.0 0.0 -2.7089611531745505E-19 -1.6307946142110726E-16 -5.964072332773374E-19 -1.6940847891423407E-14 -4.657666107299434E-12 
289.0002068381968 0.0 0.0 0.0 0.0 0.0 0.0 278.0 268.61383659187453 0.0 0.0 -1.2153033427309762E-19 -7.316126123240484E-17 -2.7236594421442374E-19 -1.6940847891423407E-14 -4.657666107299434E-12 
290.00018020398915 0.0 0.0 0.0 0.0 0.0 0.0 277.0 273.784648021215 0.0 0.0 3.477021309694149E-21 2.093166828435899E-18 7.645303867708842E-21 -1.6940847891423407E-14 -4.657666107299434E-12 
291.00018553416925 0.0 0.0 0.0 0.0 0.0 0.0 278.0 272.8169149764261 0.0 0.0 -1.1061314317911506E-21 -6.658911219382757E-19 -2.4407985186542223E-21 -1.6940847891423407E-14 -4.657666107299434E-12 
292.00003149475367 0.0 0.0 0.0 0.0 0.0 0.0 278.0 265.93934388653116 0.0 0.0 5.115266358452321E-27 3.0793903477883294E-24 1.1579295875461807E-26 -5.964072332773374E-19 -1.6307946142110726E-16 
293.00070350235194 0.0 0.0 0.0 0.0 0.0 0.0 278.0 270.4157372967785 0.0 0.0 1.0952819287831044E-27 6.5935972112742435E-25 2.4383185968344136E-27 3.1589134178491967E-16 8.663782026318566E-14 
294.00018203466396 0.0 0.0 0.0 0.0 0.0 0.0 279.0 265.07038478846283 0.0 0.0 3.372979046658272E-28 2.0305333860882957E-25 7.660355522963252E-28 7.645303867708842E-21 2.093166828435899E-18 
295.0002244121779 0.0 0.0 0.0 0.0 0.0 0.0 278.0 270.2495163882435 0.0 0.0 5.170088780430565E-29 3.1123934458191903E-26 1.1516740112673842E-28 -2.4407985186542223E-21 -6.658911219382757E-19 
296.0000982900367 0.0 0.0 0.0 0.0 0.0 0.0 278.0 267.1725216801798 0.0 0.0 8.954301098249241E-30 5.3904892611460114E-27 2.0176061622080747E-29 -2.4407985186542223E-21 -6.658911219382757E-19 
297.0004069651274 0.0 0.0 0.0 0.0 0.0 0.0 278.0 273.81260165384367 0.0 0.0 6.0772453187924045E-30 3.6585016819130355E-27 1.336133421111913E-29 -2.4407985186542223E-21 -6.658911219382757E-19 
298.0001424671903 0.0 0.0 0.0 0.0 0.0 0.0 279.0 271.506853243267 0.0 0.0 5.8296933345920306E-30 3.5094753874244255E-27 1.2925918242954906E-29 -2.4407985186542223E-21 -6.658911219382757E-19 
299.0005555946379 0.0 0.0 0.0 0.0 0.0 0.0 278.0 270.80761809600267 0.0 0.0 2.88101627119694E-32 1.734371795260578E-29 6.404442413602022E-32 -2.4407985186542223E-21 -6.658911219382757E-19 
300.00007557452875 0.0 0.0 0.0 0.0 0.0 0.0 278.0 271.88038850162013 0.0 0.0 2.341154504298926E-33 1.4093750115879441E-30 5.183805346738151E-33 -2.4407985186542223E-21 -6.658911219382757E-19 
#####################################################################
# End of data export. Simulation finished at: 2021-12-09T08:55+0000 #
#####################################################################
