#####################################################################
# Alchemist log file - simulation started at: 2021-12-09T08:43+0000 #
#####################################################################
# random = 6.0
#
# The columns have the following meaning: 
# time localWarningInSystem[Min] localWarningInSystem[Max] localWarningInSystem[Mean] localWarningInSystem[Sum] meanWarningAtDetector[Sum] dataAtCollector[Sum] inSurveillanceArea[Sum] numDevicesAtDetector[Sum] localWarningInSurveillanceArea[Mean] localWarningInSurveillanceArea[Sum] sumWarningAtDetector[Mean] sumWarningAtDetector[Sum] meanWarningOverallAtDetector[Sum] meanWarningAtCollector[Sum] sumWarningAtCollector[Sum] 
0.0 0.0 0.0 0.0 0.0 0.0 0.0 0.0 0.0 0.0 0.0 0.0 0.0 0.0 0.0 0.0 
1.001281360956031 0.0 0.0 0.0 0.0 0.0 0.0 8.0 1.0 0.0 0.0 0.0 0.0 0.0 0.0 0.0 
2.0 0.0 0.0 0.0 0.0 0.0 0.0 207.0 15.47228116901476 0.0 0.0 0.0 0.0 0.0 0.0 0.0 
3.000033335342662 0.0 0.0 0.0 0.0 0.0 0.0 266.0 76.20557997958343 0.0 0.0 0.0 0.0 0.0 0.0 0.0 
4.000187967630388 0.0 0.0 0.0 0.0 0.0 0.0 266.0 142.26381310577463 0.0 0.0 0.0 0.0 0.0 0.0 0.0 
5.000232228201625 0.0 0.0 0.0 0.0 0.0 0.0 267.0 204.99575877352126 0.0 0.0 0.0 0.0 0.0 0.0 0.0 
6.000020864132745 0.0 0.0 0.0 0.0 0.0 0.0 268.0 242.81913722366744 0.0 0.0 0.0 0.0 0.0 0.0 0.0 
7.0007753439826335 0.0 0.0 0.0 0.0 0.0 0.0 268.0 257.1431846053251 0.0 0.0 0.0 0.0 0.0 0.0 0.0 
8.000184619380347 0.0 0.0 0.0 0.0 0.0 0.0 269.0 263.97701385333363 0.0 0.0 0.0 0.0 0.0 0.0 0.0 
9.000127769116244 0.0 0.0 0.0 0.0 0.0 0.0 269.0 262.87690002788025 0.0 0.0 0.0 0.0 0.0 0.0 0.0 
10.000024624384192 0.0 0.0 0.0 0.0 0.0 0.0 267.0 265.6621006498642 0.0 0.0 0.0 0.0 0.0 0.0 0.0 
11.000165001578122 0.0 0.0 0.0 0.0 0.0 0.0 268.0 264.90047475694956 0.0 0.0 0.0 0.0 0.0 0.0 0.0 
12.00012055326102 0.0 0.0 0.0 0.0 0.0 0.0 267.0 265.00967497698355 0.0 0.0 0.0 0.0 0.0 0.0 0.0 
13.000118436042131 0.0 0.0 0.0 0.0 0.0 0.0 269.0 264.2570708098129 0.0 0.0 0.0 0.0 0.0 0.0 0.0 
14.000213667594 0.0 0.0 0.0 0.0 0.0 0.0 267.0 263.1578456329426 0.0 0.0 0.0 0.0 0.0 0.0 0.0 
15.00014177269992 0.0 0.0 0.0 0.0 0.0 0.0 267.0 262.5232559315669 0.0 0.0 0.0 0.0 0.0 0.0 0.0 
16.000136204576258 0.0 0.0 0.0 0.0 0.0 0.0 267.0 261.4498565516848 0.0 0.0 0.0 0.0 0.0 0.0 0.0 
17.000043004986004 0.0 0.0 0.0 0.0 0.0 0.0 267.0 264.61072803492084 0.0 0.0 0.0 0.0 0.0 0.0 0.0 
18.00014231283843 0.0 0.0 0.0 0.0 0.0 0.0 267.0 263.1629184403494 0.0 0.0 0.0 0.0 0.0 0.0 0.0 
19.00001400117234 0.0 0.0 0.0 0.0 0.0 0.0 266.0 262.7505344820545 0.0 0.0 0.0 0.0 0.0 0.0 0.0 
20.000079659888446 0.0 0.0 0.0 0.0 0.0 0.0 266.0 263.49394441917684 0.0 0.0 0.0 0.0 0.0 0.0 0.0 
21.00045185308402 0.0 0.0 0.0 0.0 0.0 0.0 266.0 261.8496134792992 0.0 0.0 0.0 0.0 0.0 0.0 0.0 
22.000089046336672 0.0 0.0 0.0 0.0 0.0 0.0 266.0 259.7427863558925 0.0 0.0 0.0 0.0 0.0 0.0 0.0 
23.000222504465548 0.0 0.0 0.0 0.0 0.0 0.0 266.0 259.6984732726916 0.0 0.0 0.0 0.0 0.0 0.0 0.0 
24.000578580437132 0.0 0.0 0.0 0.0 0.0 0.0 267.0 264.02360294489034 0.0 0.0 0.0 0.0 0.0 0.0 0.0 
25.000105418171362 0.0 0.0 0.0 0.0 0.0 0.0 267.0 261.7130947869522 0.0 0.0 0.0 0.0 0.0 0.0 0.0 
26.001189021734955 0.0 0.0 0.0 0.0 0.0 0.0 267.0 261.6608208798734 0.0 0.0 0.0 0.0 0.0 0.0 0.0 
27.00065480326255 0.0 0.0 0.0 0.0 0.0 0.0 266.0 263.699831410424 0.0 0.0 0.0 0.0 0.0 0.0 0.0 
28.00002708624379 0.0 0.0 0.0 0.0 0.0 0.0 266.0 264.65409549253235 0.0 0.0 0.0 0.0 0.0 0.0 0.0 
29.00015362041055 0.0 0.0 0.0 0.0 0.0 0.0 267.0 260.78955847695653 0.0 0.0 0.0 0.0 0.0 0.0 0.0 
30.000312472606197 0.0 0.0 0.0 0.0 0.0 0.0 267.0 263.4629391673239 0.0 0.0 0.0 0.0 0.0 0.0 0.0 
31.0002415419279 3.509402267531108E-95 49.11678271430191 0.9359999060024153 563.4719434134547 0.0 0.0 266.0 259.90164172999346 2.1181030634099884 563.4154148670572 0.059533187377171164 35.8389788010567 0.1378943917495107 0.0 0.0 
32.0007083255014 3.155653887229817E-95 49.282968803362884 0.9367656439564134 563.9329176617601 0.0 0.0 266.0 263.7512843683528 2.11983929543054 563.8772525845234 0.36626507144861176 220.49157301206156 0.8359829357423144 0.0 0.0 
33.0002564503666 3.0241133803644486E-95 49.26408061913619 0.9400570343316657 565.9143346676631 0.0 0.0 267.0 262.25684517201574 2.1193674633523614 565.8711127150804 0.726717839937606 437.4841396424434 1.6681514618064404 0.0 0.0 
34.00050247108017 5.385362460543321E-95 49.51761975994658 0.9406436007492434 566.267447651044 0.0 0.0 268.0 261.7843642094258 2.1127833224130774 566.2259304067048 0.8840394396971915 532.1917426977054 2.0329393785793695 0.0 0.0 
35.00017160061441 7.033344893592624E-95 49.51761975994658 0.9402140847506633 566.0088790198995 0.0 0.0 268.0 264.85933402167785 2.1118204317626694 565.9678757123953 0.9384861922096138 564.968687710188 2.1330895880903604 0.0 0.0 
36.00003151029717 7.033344893592624E-95 49.59470710978548 0.942638339508429 567.4682803840741 0.0 0.0 268.0 262.18138941466054 2.1172690332146447 567.4281009015247 0.9232119778136955 555.7736106438481 2.119805726427242 0.1378943917495107 35.8389788010567 
37.000780581749105 7.033344893592624E-95 49.59470710978548 0.9463647404665597 569.7115737608693 0.0 0.0 266.0 265.01374902334953 2.141581623161668 569.6607117610037 0.9380264240175771 564.6919072585787 2.1308023049356035 0.8359829357423144 220.49157301206156 
38.00035295369868 6.058399939663342E-95 49.606004968603145 0.9464686889864113 569.774150769819 0.0 0.0 266.0 259.7509606480418 2.1418217831136754 569.7245943082372 0.9322722535049186 561.2278966099578 2.1606383868986425 1.6681514618064404 437.4841396424434 
39.000492559951454 6.189137434752073E-95 49.80039946725004 0.9465383646857459 569.816095540819 0.0 0.0 266.0 264.55699986001594 2.1419787907759766 569.7663583464097 0.9655926139492456 581.2867535974424 2.1972079888455665 2.0329393785793695 532.1917426977054 
40.00068967219114 6.189137434752073E-95 49.83333395015222 0.9453628129322718 569.108413385228 0.0 0.0 266.0 264.51185214482985 2.1393224707635112 569.059777223094 0.9446531475467325 568.6811948231415 2.149927083463042 2.1330895880903604 564.968687710188 
41.0002177210112 8.081647325919538E-95 49.83914817826895 0.9437627570262415 568.1451797297971 0.0 0.0 267.0 259.44409204759285 2.127706008654154 568.0975043106592 0.9484885320741391 570.9900963086295 2.200821347683208 2.1330895880903604 564.968687710188 
42.00038434043156 8.081647325919538E-95 49.887903621889826 0.9428767243817945 567.6117880778396 0.0 0.0 267.0 264.5737517827799 2.1257222178797943 567.5678321739052 0.9535449093348787 574.0340354195954 2.169656028051068 2.1330895880903604 564.968687710188 
43.00017653864713 8.081647325919538E-95 49.871277091920156 0.9434921728101762 567.9822880317262 0.0 0.0 267.0 262.938061543237 2.1271134635694997 567.9392947730562 0.9392956452695678 565.4559784522796 2.15052919738399 2.1330895880903604 564.968687710188 
44.00041395340009 7.560311518095052E-95 49.86407398327143 0.9428950223084128 567.6228034296639 0.0 0.0 267.0 264.13832833222494 2.1257682149791717 567.5801133994387 0.9357310321853051 563.3100813755617 2.1326328705580657 2.1330895880903604 564.968687710188 
45.000736787223865 7.560311518095052E-95 49.9061992071909 0.9417017929209872 566.9044793384346 0.0 0.0 267.0 263.78704171952216 2.123079727684344 566.8622872917196 0.9430597058049285 567.7219428945698 2.1521979972701373 2.1330895880903604 564.968687710188 
46.000048492427915 7.560311518095052E-95 49.88762646765772 0.9429298931270721 567.6437956624972 0.0 0.0 268.0 263.7116965984776 2.1179170336025064 567.6017650054715 0.9441897335722956 568.4022196105199 2.155392525026898 2.200821347683208 570.9900963086295 
47.000026497404136 9.234339244834011E-95 49.83914817824338 0.9431361129092639 567.7679399713777 0.0 0.0 267.0 261.6386555109275 2.1263192050816757 567.7272277568077 0.9184391090868366 552.9003436702835 2.1132211621810266 2.200821347683208 570.9900963086295 
48.00037775089909 9.234339244834011E-95 49.763616096477506 0.9438397345350826 568.1915201901202 0.0 0.0 268.0 263.27967043621226 2.119970038704173 568.1519703727184 0.9353781642506332 563.0976548788875 2.1387813724695297 2.169656028051068 574.0340354195954 
49.00006655948067 1.1277907558283996E-94 49.77605855573543 0.9401000646953575 565.9402389466053 0.0 0.0 268.0 265.4325864244795 2.1115713755519128 565.9011286479129 0.9548619893912247 574.8269176135126 2.1656230131979726 2.169656028051068 574.0340354195954 
50.00064507483414 1.573390520314103E-94 49.81893973285691 0.9346301346272035 562.6473410455756 0.0 0.0 268.0 265.5311057922517 2.0992876461048935 562.6090891561115 0.9585071207796095 577.0212867093294 2.1730835827602957 2.169656028051068 574.0340354195954 
51.00039152765677 1.2644163544978227E-94 49.85216343271449 0.9348150734851473 562.758674238058 0.0 0.0 266.0 265.78091013737765 2.115497837605931 562.7224248031774 0.9625282514170226 579.4420073530482 2.180149082390998 2.1132211621810266 552.9003436702835 
52.000569447223775 1.2644163544978227E-94 49.85216343271449 0.9364114446784959 563.7196896964547 0.0 0.0 266.0 264.2867491974985 2.119116631412972 563.6850239558507 0.9503490092497163 572.1101035683267 2.164732455582914 2.1387813724695297 563.0976548788875 
53.00015245513045 1.1360158838915017E-94 49.863242922251246 0.9357739604580158 563.3359241957245 0.0 0.0 265.0 267.21597761725275 2.1256702333660065 563.3026118419916 0.9667286713523938 581.970660154137 2.177903676806795 2.1387813724695297 563.0976548788875 
54.00080992846416 1.7039128835730806E-94 49.85576399674868 0.9416814814915565 566.8922518579172 0.0 0.0 266.0 268.47582395331267 2.1310499221011994 566.8592792789191 0.971697300092385 584.9617746556164 2.1788247673181176 2.1387813724695297 563.0976548788875 
55.000018623297734 1.4917162497111314E-94 49.720230088468064 0.9395843771654193 565.629795053582 0.0 0.0 265.0 263.84803075315506 2.1343299232323707 565.5974296565784 0.9612266759783297 578.6584589389598 2.193150569618342 2.1387813724695297 563.0976548788875 
56.00063444926696 1.8672800588395968E-94 49.671638512167156 0.9412626899448536 566.6401393468012 0.0 0.0 265.0 264.65301396823025 2.138145729216697 566.6086182424247 0.9640372045225138 580.3503971225542 2.192872805114629 2.1387813724695297 563.0976548788875 
57.00033178333299 2.1360311935009478E-94 49.68709431488788 0.9424079915888854 567.3296109365085 0.0 0.0 265.0 262.95969752509035 2.1407535968005305 567.2997031521403 0.9300766783172566 559.906160346983 2.1292470504669616 2.1387813724695297 563.0976548788875 
58.00011358377467 3.250830934069416E-94 49.6233701089895 0.9417537385066391 566.9357505809966 0.0 0.0 265.0 261.9255029321389 2.139266980741498 566.9057498964967 0.937643869420318 564.4616093910373 2.155046389420434 2.180149082390998 579.4420073530482 
59.000176393303235 2.8467480350084485E-94 49.56137964844301 0.941581627318733 566.8321396458779 0.0 0.0 264.0 262.74212423450626 2.1469854167457716 566.8041500208838 0.9433627708415732 567.9043880466184 2.1614516123031127 2.180149082390998 579.4420073530482 
60.00042816867823 4.83965757410288E-94 49.469226194604474 0.93922264590879 565.4120328370907 0.0 0.0 264.0 260.7528523762056 2.1416090751913 565.384795850503 0.9382074703593122 564.8008971563071 2.166039190019793 2.180149082390998 579.4420073530482 
61.00026758711878 4.5292190282092184E-94 49.37696977183755 0.9395617863830854 565.6161954026164 0.0 0.0 264.0 262.8286790144905 2.1423810085434942 565.5885862554821 0.9464473015281412 569.7612755199352 2.167804813600736 2.180149082390998 579.4420073530482 
62.00028450577067 4.5292190282092184E-94 49.37696977183755 0.9391115982683328 565.345182157536 0.0 0.0 264.0 261.30844848215264 2.1413606460511896 565.3192105575141 0.9510977441147821 572.560841957094 2.1911302343376007 2.180149082390998 579.4420073530482 
63.00025831561022 4.5292190282092184E-94 49.37696977183755 0.9415502704210851 566.8132627934938 0.0 0.0 264.0 261.2917058355845 2.1469216827874025 566.7873242558744 0.9340745852461069 562.3129003181527 2.1520503244446005 2.180149082390998 579.4420073530482 
64.0000241356552 4.5292190282092184E-94 49.393705913904725 0.9442696299098421 568.4503172057244 0.0 0.0 264.0 259.6117580173905 2.1531237369555787 568.4246665562728 0.9185286902672044 552.9542715408509 2.129927688035649 2.166039190019793 564.8008971563071 
65.00014386173585 5.904180360572031E-94 49.393705913904725 0.9485957832271743 571.0546615027594 0.0 0.0 264.0 257.8909464000206 2.162991622270959 571.0297882795334 0.9170898476387028 552.0880882784979 2.140781194474898 2.166039190019793 564.8008971563071 
66.00017258257962 5.298430453381903E-94 49.341869741452626 0.9491530436170421 571.39013225746 0.0 0.0 264.0 261.00388387205464 2.164263864948477 571.3656603463982 0.9317281866558853 560.900368366835 2.1490115780874395 2.166039190019793 564.8008971563071 
67.00025296766663 5.533076384346532E-94 49.341869741452626 0.9504974134364963 572.1994428887708 0.0 0.0 265.0 261.34069629926137 2.1591510656694926 572.1750324024158 0.9330783194592384 561.7131483144624 2.1493520001616755 2.1520503244446005 562.3129003181527 
68.00042042747744 9.397398146302233E-94 49.341869741452626 0.9498193317237373 571.7912376976907 0.0 0.0 265.0 261.9384603587416 2.1576104359836576 571.7667655356695 0.9406132394019342 566.2491701199677 2.1617641385860367 2.1520503244446005 562.3129003181527 
69.00002228956798 9.397398146302233E-94 49.26517538853971 0.9446696619159799 568.6911364734201 0.0 0.0 265.0 256.18392914461083 2.145913897508338 568.6671828397094 0.9305697706452991 560.2030019284734 2.1867218751737147 2.129927688035649 552.9542715408509 
70.000030100004 9.397398146302233E-94 49.15718423170397 0.944456302387613 568.5626940373426 0.0 0.0 265.0 260.3982805582017 2.1454309710727326 568.539207334274 0.9389217555366192 565.2308968330467 2.170639896781929 2.1490115780874395 560.900368366835 
71.0001452472855 9.397398146302233E-94 49.17985638227644 0.9451774653959452 568.9968341683585 0.0 0.0 265.0 260.3063558146538 2.147070367725239 568.973647447188 0.9378629876092577 564.5935185407751 2.168957868023719 2.1493520001616755 561.7131483144624 
72.00027632719184 8.61686859788049E-94 49.048884804986656 0.941818807392945 566.9749220505532 0.0 0.0 264.0 260.306132212068 2.1475488909978973 566.9529072234446 0.9334571057921485 561.9411776868775 2.1587704173986624 2.1614516123031127 567.9043880466184 
73.00037311540754 1.1247228547044607E-93 48.9487095213069 0.9464347779547165 569.75373632874 0.0 0.0 264.0 263.5949957491475 2.158079183224873 569.7329043713662 0.9377696626157587 564.5373368946811 2.1416845767130117 2.1614516123031127 567.9043880466184 
74.0005046220912 1.671859790832075E-93 48.97455038089428 0.945526105015512 569.2067152193385 0.0 0.0 263.0 263.3145750154927 2.1642089512759566 569.1869541855766 0.9276085460617003 558.4203447291464 2.120734656242597 2.1867218751737147 560.2030019284734 
75.00024368048041 1.43519074686147E-93 48.878871510105846 0.945440929225968 569.1554393940324 0.0 0.0 263.0 260.6116561479341 2.1640135380828043 569.1355605157776 0.9288439538962818 559.1640602455586 2.1455834651085355 2.170639896781929 565.2308968330467 
76.00011916699557 1.74953102269498E-93 48.67509241506096 0.9483663723952348 570.9165561819317 0.0 0.0 262.0 256.67059300644553 2.178996027415213 570.8969591827857 0.9258593650979773 557.3673377889859 2.1715278375306095 2.168957868023719 564.5935185407751 
77.00040973904268 1.74953102269498E-93 48.39601375378621 0.9485020654007278 570.9982433712385 0.0 0.0 262.0 261.89414276377664 2.179310922304786 570.9794616438536 0.9467145296464702 569.9221468471784 2.1761546128247584 2.1587704173986624 561.9411776868775 
78.00017731337658 2.489000186735939E-93 48.3624170778499 0.9487118980418797 571.1245626212116 0.0 0.0 262.0 262.19955453618917 2.179791914057154 571.1054814829745 0.9548086476198102 574.7948058671248 2.192203594258169 2.1416845767130117 564.5373368946811 
79.00002521460493 4.404641521425871E-93 47.99625588285406 0.9472176882301329 570.2250483145409 0.0 0.0 262.0 262.85457186026866 2.1763613038512597 570.2066616090307 0.9543193591955186 574.5002542356999 2.185620170765375 2.120734656242597 558.4203447291464 
80.00029161352192 4.404641521425871E-93 47.912335886485 0.9489911780806318 571.2926892045406 0.0 0.0 262.0 260.6533693378897 2.18043878904194 571.2749627289884 0.9514107433833808 572.7492675167973 2.1973599227652105 2.1455834651085355 559.1640602455586 
81.00044813556183 4.404641521425871E-93 47.722394934949605 0.9486736277853303 571.1015239267686 0.0 0.0 262.0 260.11678736042467 2.1797119173277304 571.0845223398654 0.9554026982091745 575.1524243219233 2.211131508113611 2.1715278375306095 557.3673377889859 
82.00021435256505 5.484558805187941E-93 47.371078976856886 0.9492335313877105 571.4385858954014 0.0 0.0 263.0 256.2961015730122 2.1727068721580647 571.4219073775708 0.9442488569937622 568.4378119102511 2.217894881824091 2.1761546128247584 569.9221468471784 
83.00096873450053 5.484558805187941E-93 47.41241510905311 0.9485421879350027 571.0223971368721 0.0 0.0 262.0 257.1815533719608 2.179411258013588 571.0057495995602 0.951271285778169 572.6653140384543 2.2266966916177324 2.192203594258169 574.7948058671248 
84.00010016608533 5.484558805187941E-93 47.26618938080659 0.948762633829911 571.1551055656064 0.0 0.0 263.0 258.50747878888933 2.1716327594035514 571.139415723134 0.9608519788096948 578.4328912434343 2.2375866800968365 2.185620170765375 574.5002542356999 
85.00057050372223 5.484558805187941E-93 46.88435869582666 0.9509756029079602 572.4873129505919 0.0 0.0 263.0 258.9786491442913 2.176698144445522 572.4716119891724 0.948899940680277 571.2377642895266 2.2057330447007564 2.1973599227652105 572.7492675167973 
86.00012316269536 5.484558805187941E-93 46.95212948101049 0.9546868285306659 574.7214707754612 0.0 0.0 264.0 259.57110633254604 2.1769162613686306 574.7058930013183 0.9444038025159934 568.5310891146281 2.1902710865910557 2.217894881824091 568.4378119102511 
87.00033114220182 5.484558805187941E-93 46.9372636603474 0.9545877267498818 574.6618115034289 0.0 0.0 264.0 252.21912246716835 2.1766953554246724 574.6475738321135 0.9526582823078122 573.5002859493036 2.2738176246884563 2.2266966916177324 572.6653140384543 
88.00002435300925 7.13430209307102E-93 46.9372636603474 0.9550914907899912 574.9650774555748 0.0 0.0 264.0 259.4042223508625 2.177845800456954 574.9512913206354 0.9687912375877947 583.2123250278468 2.2482761450159088 2.2375866800968365 578.4328912434343 
89.00015866665314 9.27863487152166E-93 46.617101084373616 0.9566014024944508 575.8740443016595 0.0 0.0 265.0 258.47295732912755 2.173060226067875 575.8609599079869 0.9442301167635979 568.4265302916882 2.1991721538895077 2.2057330447007564 571.2377642895266 
90.00006048116275 8.688767489590161E-93 46.68967300508931 0.9563876250505401 575.745350280425 0.0 0.0 265.0 259.32098240939376 2.1725751425767177 575.7324127828304 0.9236903504443374 556.0615909674935 2.1442984898523605 2.1902710865910557 568.5310891146281 
91.0005027785038 1.2318445400096262E-92 46.617101084373616 0.952914776419106 573.6546954043022 0.0 0.0 264.0 261.0290514472835 2.1728869022072557 573.642142182716 0.9414791533247994 566.7704503015294 2.171292609612047 2.2738176246884563 573.5002859493036 
92.00006645795294 1.0789402815345989E-92 46.66192683589473 0.9577409856761856 576.5600733770636 0.0 0.0 264.0 258.2829769205317 2.183892094474445 576.5475129412533 0.9358779784290326 563.3985430142833 2.181322786858033 2.2482761450159088 583.2123250278468 
93.00078227049157 9.874805890196537E-93 46.47177911704868 0.9613665114062817 578.7426398665815 0.0 0.0 264.0 261.54223595875743 2.1921609916737586 578.7305018018723 0.9585293755851759 577.0346841022713 2.2062772461472107 2.1991721538895077 568.4265302916882 
94.0007158912749 1.124795859412216E-92 46.142485342188316 0.9628797634265074 579.6536175827565 0.0 0.0 264.0 259.10315189641454 2.195611446371807 579.6414218421567 0.9539133279549117 574.2558234288573 2.21632125748295 2.1442984898523605 556.0615909674935 
95.00005009316932 1.5609521776076476E-92 46.142485342188316 0.9640359432825638 580.3496378561044 0.0 0.0 264.0 258.6066042984985 2.1982482257850733 580.3375316072601 0.940927956773654 566.4386299777456 2.1903486630369646 2.171292609612047 566.7704503015294 
96.000017175626 1.3359247958774589E-92 45.81730665552575 0.9642114228072117 580.4552765299411 0.0 0.0 263.0 259.9943881274277 2.2070113214850147 580.4439775505589 0.9524607250639598 573.3813564885063 2.2053605103487164 2.181322786858033 563.3985430142833 
97.00051871009182 1.5229112255839753E-92 45.450210399769176 0.9624753275161106 579.4101471646989 0.0 0.0 263.0 259.5805907150556 2.203037425931399 579.398843019958 0.9664566782455428 581.8069203038187 2.2413344491633214 2.2062772461472107 577.0346841022713 
98.00090213512783 1.3359247958774589E-92 45.49947480764865 0.9634960138974352 580.0246003662563 0.0 0.0 263.0 258.445739002916 2.205375324575095 580.0137103632499 0.9516550653974479 572.8963493692647 2.2166987607514814 2.21632125748295 574.2558234288573 
99.00001305212382 1.3359247958774589E-92 45.543225879856706 0.9632224962545974 579.859942745268 0.0 0.0 263.0 260.53282889294974 2.204749393030169 579.8490903669343 0.9647755395880021 580.7948748319778 2.2292579299886253 2.1903486630369646 566.4386299777456 
100.0000860883676 1.171844893155718E-92 45.41058499970706 0.9686920667032166 583.1526241553364 0.0 0.0 263.0 261.10480204557115 2.217270100570069 583.1420364499281 0.970906733642795 584.4858536529582 2.2385105485380796 2.2053605103487164 573.3813564885063 
101.00008856358606 1.2512050368316973E-92 45.41058499970706 0.9673617743379567 582.3517881514505 0.0 0.0 263.0 259.4525895651233 2.2142281137039923 582.3419939041503 0.964133717573376 580.4084979791727 2.2370503179483148 2.2053605103487164 573.3813564885063 
102.0006078085986 2.4079452320999315E-92 45.13291912411512 0.9672360057067902 582.2760754354887 0.0 0.0 264.0 256.1638863203527 2.205556699819527 582.2669687523554 0.9660642423224661 581.5706738781178 2.270307037545561 2.2166987607514814 572.8963493692647 
103.00005097104027 2.9298672547663765E-92 45.13291912411512 0.966690659228052 581.9477768552869 0.0 0.0 264.0 254.52592398055967 2.2043131418718893 581.9386694541787 0.9557182640120909 575.342394935277 2.260447132211259 2.2166987607514814 572.8963493692647 
104.0004185093385 3.959479875624134E-92 44.884122656324735 0.9692195672366434 583.4701794764599 0.0 0.0 264.0 261.998300261126 2.210080623281953 583.4612845464356 0.9791904705955802 589.4726632985412 2.2499102578567536 2.2166987607514814 572.8963493692647 
105.00022110073711 3.094199837399063E-92 44.884122656324735 0.9686220145165026 583.110452738934 0.0 0.0 264.0 262.353169364567 2.208718067265466 583.101569758083 0.9733994953825029 585.98649622027 2.233578872477736 2.2370503179483148 580.4084979791727 
106.00070351513567 2.5840335276927455E-92 44.984975713014514 0.9705588929683443 584.2764535669423 0.0 0.0 264.0 262.819915961372 2.2131355407115376 584.2677827478451 0.9703090946155652 584.1260749585723 2.2225335276510187 2.270307037545561 581.5706738781178 
107.00128136095603 2.5840335276927455E-92 44.6920318636508 0.9691986650564024 583.4575963639535 0.0 0.0 264.0 261.9732172438571 2.2100342129570003 583.4490322206477 0.9748820721036303 586.8790074063853 2.2402252168399737 2.270307037545561 581.5706738781178 
108.00028220395549 4.080336002655061E-92 44.74196584047673 0.9693494590577637 583.5483743527742 0.0 0.0 264.0 258.4166122692922 2.2103784135783178 583.5399011846755 0.9600012347269986 577.9207433056572 2.23639160900157 2.270307037545561 581.5706738781178 
109.00029633982871 5.6528031843361945E-92 44.74196584047673 0.9683982065405605 582.9757203374176 0.0 0.0 264.0 253.82905556318516 2.2082103937079505 582.9675439388991 0.9435458356575904 568.0145930658651 2.237783975540461 2.270307037545561 581.5706738781178 
110.00014042911286 7.335527603858664E-92 44.74196584047673 0.9710158270078197 584.551527858707 0.0 0.0 264.0 260.7203711760724 2.2141805649618376 584.5436691499249 0.9724003843348704 585.3850313695843 2.2452600413577044 2.270307037545561 581.5706738781178 
111.00041321935517 6.001452726070446E-92 44.74196584047673 0.9732008322937518 585.8669010408386 0.0 0.0 263.0 257.0855938863408 2.227601342288834 585.8591530219632 0.959915069903531 577.8688720819225 2.247768392410981 2.270307037545561 581.5706738781178 
112.00003278338443 6.405322841359474E-92 44.74196584047673 0.973392803759785 585.9824678633901 0.0 0.0 262.0 260.319346851196 2.2365459269994092 585.9750328738453 0.967737594711742 582.5780320164617 2.237935977726141 2.270307037545561 581.5706738781178 
113.00028090048168 7.590573257434868E-92 44.43579008156011 0.9735981957585796 586.1061138466652 0.0 0.0 262.0 258.80815141580376 2.2370183176068634 586.0987992129977 0.9606975290003529 578.3399124582154 2.234627886696848 2.270307037545561 581.5706738781178 
114.00005429385357 7.112286513032365E-92 44.23480374648345 0.9737220136608815 586.18065222385 0.0 0.0 263.0 259.95696145324746 2.228796027235757 586.1733551630041 0.9641688079982699 580.4296224149634 2.2327912250172695 2.270307037545561 581.5706738781178 
115.00040448342416 7.442130136073198E-92 44.02689878723703 0.9725757459311408 585.4905990505466 0.0 0.0 263.0 263.2858279418066 2.2261742585447837 585.4838299972782 0.9810189356767819 590.5733992774211 2.2430884483761657 2.270307037545561 581.5706738781178 
116.00049234186515 6.644174461677811E-92 44.079517890902856 0.9751249354274361 587.0252111273162 0.0 0.0 263.0 257.3125449583691 2.2320113669985067 587.0189895206071 0.9671419256276723 582.2194392278581 2.262693563277516 2.237935977726141 582.5780320164617 
117.00028111987965 6.348991652705413E-92 44.079517890902856 0.9753357225285502 587.1521049621877 0.0 0.0 263.0 259.31029763337096 2.2324945973127823 587.1460790932616 0.9793103509299255 589.5448312598215 2.2735110662414058 2.234627886696848 578.3399124582154 
118.000238169692 6.348991652705413E-92 44.079517890902856 0.9746946760083983 586.7661949570555 0.0 0.0 263.0 256.9749980344309 2.231028268955748 586.7604347353617 0.9722049942441185 585.2674065349584 2.2775266504974976 2.2327912250172695 580.4296224149634 
119.00087111171938 9.380465031592487E-92 44.079517890902856 0.9747720604744688 586.8127804056302 0.0 0.0 263.0 260.0590507385422 2.2312058269044472 586.8071324758698 0.9791355909946174 589.4396257787621 2.266560706519582 2.2430884483761657 590.5733992774211 
120.00001922194521 1.2982490447371185E-91 44.079517890902856 0.9740166134978179 586.3580013256865 0.0 0.0 263.0 258.45747878146017 2.229476803566438 586.3523993379729 0.9685852584542327 583.0883255894537 2.256031933525462 2.262693563277516 582.2194392278581 
121.00046459416853 1.5369071050479606E-91 43.81218146314883 0.9755673656716417 587.291554134328 0.0 0.0 263.0 260.1666432659907 2.2330265068155715 587.2859712924954 0.9745004675852705 586.6492814863362 2.2548981457494315 2.2735110662414058 589.5448312598215 
122.00020898697827 1.3100369682384312E-91 43.81218146314883 0.9766650686128947 587.9523713049626 0.0 0.0 263.0 254.2713652320947 2.235539339410471 587.9468462649543 0.9549270594404898 574.8660897831718 2.2608369182996424 2.2775266504974976 585.2674065349584 
123.00012175908581 1.340315932621769E-91 43.382026858645204 0.9779340031040485 588.716269868638 0.0 0.0 263.0 252.3625644612841 2.238444018398739 588.7107768388684 0.9616153970678575 578.8924690348503 2.293892005221164 2.2775266504974976 585.2674065349584 
124.00029344454276 1.340315932621769E-91 43.166617344305315 0.9768444090599302 588.0603342540771 0.0 0.0 263.0 261.7966063051626 2.235950584938862 588.0550038389207 0.9871423831695509 594.2597146680679 2.2699290225915707 2.234627886696848 578.3399124582154 
125.00015674909612 1.85405953633097E-91 42.94464214500987 0.9778563761118483 588.6695384193322 0.0 0.0 263.0 260.4381087995067 2.238268261224891 588.6645527021464 0.9810054827024257 590.5653005868601 2.2675840463942833 2.234627886696848 578.3399124582154 
126.00029886093418 1.7376008793392762E-91 42.66285182832759 0.9763930234139245 587.7886000951825 0.0 0.0 263.0 251.34196342871408 2.2349192043833908 587.783750752832 0.959539418533232 577.6427299570043 2.298234334120001 2.234627886696848 578.3399124582154 
127.0002606562254 1.4804143629677435E-91 42.378201587502666 0.981866967654862 591.0839145282276 0.0 0.0 263.0 258.5675741225476 2.247448636227618 591.0789913278636 0.9755949497078592 587.3081597241307 2.271391382763939 2.234627886696848 578.3399124582154 
128.00044263294697 1.8254417700457226E-91 41.96329164445454 0.9813670736269812 590.7829783234432 0.0 0.0 263.0 259.21957682271665 2.2463050935004865 590.7782395906281 0.9891068580108191 595.4423285225116 2.2970577138536945 2.234627886696848 578.3399124582154 
129.00086084938363 1.5183804079720983E-91 42.08375900091201 0.9845415933825802 592.694039216314 0.0 0.0 263.0 259.7675897464532 2.2535717736224985 592.6893764627174 0.9944935892055593 598.6851407017482 2.304695290455966 2.234627886696848 578.3399124582154 
130.00018035267945 1.5183804079720983E-91 41.90248896388768 0.9892207219730631 595.5108746277843 0.0 0.0 263.0 262.34490911012506 2.264282654130021 595.5063380361953 0.9968960075763137 600.13139656094 2.2875663895921896 2.234627886696848 578.3399124582154 
131.0000950151364 1.5183804079720983E-91 41.855956499424664 0.9911385896730187 596.665430983157 0.0 0.0 264.0 262.4478611182955 2.2600792649288515 596.6609259412169 0.9902746497897176 596.1453391734138 2.271481034873848 2.234627886696848 578.3399124582154 
132.00006536639137 2.2397798482115593E-91 41.80970798416368 0.9937686833999698 598.2487474067826 0.0 0.0 263.0 259.7756171004376 2.274692819316435 598.2442114802227 0.9827140335052084 591.593848170134 2.277326312505322 2.234627886696848 578.3399124582154 
133.00010396729883 2.2397798482115593E-91 42.492541269501146 0.9942890897996337 598.56203205938 0.0 0.0 263.0 260.7725506656381 2.275885165932885 598.5577986403486 0.9867831338690106 594.0434465891501 2.2780137137625007 0.0 0.0 
134.00001764889552 3.7586748732202616E-91 42.424843257896086 0.9913875676689753 596.8153157367235 0.0 0.0 263.0 261.6690745331699 2.269243974599193 596.8111653195878 0.9968040073589434 600.0760124300848 2.2932630212441 0.0 0.0 
135.0000435734855 3.7586748732202616E-91 42.424843257896086 0.9935259907779517 598.1026464483274 0.0 0.0 263.0 260.6660612971943 2.2741390297281487 598.0985648185033 0.9975936692332694 600.5513888784269 2.303910934510641 0.0 0.0 
136.00046363047915 3.7586748732202616E-91 42.69343783118853 0.993678376896516 598.1943828917024 0.0 0.0 263.0 255.65433249648837 2.2744887220877015 598.1905339090654 0.9824757891569237 591.45042507247 2.313477026956287 2.2875663895921896 600.13139656094 
137.00039802313142 4.5631650283237277E-91 42.69343783118853 0.9979649368001091 600.7748919536665 0.0 0.0 263.0 257.1055935105646 2.284300864584946 600.7711273858412 0.988640018651955 595.1612912284753 2.3148515872488007 2.2875663895921896 600.13139656094 
138.00002632476813 5.539290743304057E-91 42.91101534758916 1.001523507783084 602.9171516854174 0.0 0.0 263.0 256.6997689267663 2.2924465336781337 602.9134383573494 0.9827548722421804 591.618433089784 2.3047096441234682 2.2875663895921896 600.13139656094 
139.00013519385536 8.704100580166038E-91 42.91101534758916 0.9988583249284546 601.3127116069296 0.0 0.0 262.0 257.9382454737063 2.295073429746689 601.3092385936329 0.9893354251944231 595.5799259670471 2.3090020050080526 2.2875663895921896 600.13139656094 
140.0005718448126 8.704100580166038E-91 42.97757899482747 1.0007008494110272 602.4219113454394 0.0 0.0 263.0 259.5927652697345 2.290565035959004 602.4186044572184 0.9867947209451775 594.0504220089977 2.288393597532423 2.2932630212441 600.0760124300848 
141.00054029528235 8.160181961599756E-91 43.303528294033974 1.0023820162858352 603.4339738040725 0.0 0.0 263.0 257.763936587757 2.294413586044809 603.4307731297845 0.9777830320869166 588.6253853163208 2.2835831618203133 2.303910934510641 600.5513888784269 
142.00015446920958 8.160181961599756E-91 43.42543058384899 1.0031966746865373 603.9243981612947 0.0 0.0 263.0 258.69049311351154 2.296278769031679 603.921316255331 0.9857605404867158 593.4278453730076 2.293968511292047 2.313477026956287 591.45042507247 
143.00045077570036 1.0562509713549938E-90 43.42543058384899 1.0030395315656184 603.8297980025023 0.0 0.0 263.0 260.68210774386586 2.2959192084913447 603.8267518332234 0.9921449595756617 597.271265664541 2.291186268339491 2.3148515872488007 595.1612912284753 
144.00046620039745 8.042713031065865E-91 43.721243993151454 1.0028964134741698 603.7436409114492 0.0 0.0 263.0 255.1073761793209 2.2955923102346154 603.7407775917037 0.9817399574416087 591.0074543798512 2.3167007682459886 2.3090020050080526 595.5799259670471 
145.00021600593362 1.6722503991533845E-90 43.721243993151454 1.0030107023232475 603.8124427985957 0.0 0.0 263.0 261.02576323893504 2.2958538415757643 603.8095603344258 0.9931464775078102 597.8741794597048 2.29047957581271 2.3090020050080526 595.5799259670471 
146.00018873786973 1.4701912377363618E-90 43.90257636232951 1.0047984852490095 604.8886881199043 0.0 0.0 264.0 259.1595007317225 2.291234287115419 604.8858517984704 0.9928501202461102 597.6957723881529 2.3062853983766445 2.3090020050080526 595.5799259670471 
147.00015652931043 1.4701912377363618E-90 43.90257636232951 1.0050689931350014 605.0515338672703 0.0 0.0 264.0 260.9909752873576 2.2918511882647326 605.0487137018893 1.0007481427133653 602.4503819134544 2.308318826925496 2.3090020050080526 595.5799259670471 
148.00003747301358 1.5965370349504265E-90 44.22694048047417 1.0044942537570658 604.7055407617543 0.0 0.0 263.0 261.32527458590545 2.2992503079596616 604.7028309933912 1.003874136875229 604.3322303988894 2.312567092320139 2.3090020050080526 595.5799259670471 
149.00033625161632 2.0652662500501544E-90 44.416785503335234 1.0051719233782683 605.1134978737181 0.0 0.0 263.0 259.6930687312921 2.30080204801869 605.1109386289157 0.9911731857719815 596.6862578347346 2.297659543821456 2.3090020050080526 595.5799259670471 
150.00012580786662 2.163208391286409E-90 44.7250665125233 1.003238634124098 603.9496577427074 0.0 0.0 263.0 261.17585995558534 2.2963769787908466 603.9471454219924 0.9955006080651932 599.2913660552442 2.2945894239887163 2.3090020050080526 595.5799259670471 
151.00002679692835 2.0284127631132754E-90 44.66423213815736 1.0026474587371628 603.5937701597716 0.0 0.0 263.0 256.3504967258592 2.295023785622463 603.5912556187077 0.9847567287250534 592.8235506924773 2.3125508171979154 2.3090020050080526 595.5799259670471 
152.00011163258836 1.8064018356180052E-90 44.80340390433679 1.0057908070998491 605.4860658741089 0.0 0.0 263.0 261.96475626446994 2.302219262701867 605.4836660905911 1.0192445212211623 613.5852017751356 2.342243325112339 2.3090020050080526 595.5799259670471 
153.00028053947858 1.9612051422436733E-90 45.62629141741953 1.007779569501911 606.68330084015 0.0 0.0 263.0 256.09959521071545 2.3067714471278298 606.680890594619 0.9959904348785585 599.5862417968964 2.3412229187772224 2.3090020050080526 595.5799259670471 
154.00002532288977 2.0072927637454068E-90 45.62629141741953 1.0072017797928683 606.3354714353056 0.0 0.0 263.0 261.3580860209745 2.305449246315719 606.3331517810336 1.0084005816017139 607.0571501242241 2.3227027690871083 2.3090020050080526 595.5799259670471 
155.0003014550817 1.705671974107363E-90 45.970285834779084 1.0085186360875529 607.1282189247074 0.0 0.0 263.0 261.6584278912008 2.308463647591445 607.1259393165504 1.0007767918522164 602.4676286950346 2.3024965545751286 2.29047957581271 597.8741794597048 
156.0000197074339 2.009468509033656E-90 46.136846050023046 1.0098351459517731 607.9207578629666 0.0 0.0 263.0 260.5042424453095 2.3114776462321274 607.9186209590493 1.0039602594966797 604.3840762170047 2.3200546392018535 2.29047957581271 597.8741794597048 
157.00013226582456 3.359314483786289E-90 46.136846050023046 1.0068249757293146 606.1086353890475 0.0 0.0 263.0 260.00113527179815 2.304587576921451 606.1065327303415 1.006749981673745 606.0634889675986 2.3310032409436836 2.3125508171979154 592.8235506924773 
158.00000239435602 4.62993341145858E-90 46.29706466810971 1.0052642043295277 605.1690510063762 0.0 0.0 263.0 254.33140448820583 2.3010151002001944 605.166971352651 0.9933319022988412 597.9858051839014 2.351207104711412 2.342243325112339 613.5852017751356 
159.0002431438165 4.62993341145858E-90 46.186084941931895 1.0090112981817527 607.4248015054146 0.0 0.0 263.0 259.7272252411747 2.3095921334496463 607.4227310972567 1.0051690484295241 605.1117671545637 2.329797219343007 2.3412229187772224 599.5862417968964 
160.0002580379121 4.023997531590415E-90 46.39207099893808 1.0103572520225532 608.235065717578 0.0 0.0 263.0 259.2651698900732 2.312673047952517 608.2330116115121 0.9968342695159053 600.0942302485829 2.3145964053058847 2.3227027690871083 607.0571501242241 
161.00038024484664 4.023997531590415E-90 46.692007547184836 1.0098229022989018 607.913387183939 0.0 0.0 262.0 261.58262653205543 2.320272343951061 607.9113541151779 1.0104379921576352 608.2836712788971 2.3253978268482425 2.3024965545751286 602.4676286950346 
162.00061966984208 5.348343734138193E-90 46.63730620570703 1.008401663598663 607.0578014863947 0.0 0.0 262.0 255.88853039809658 2.317007041611085 607.055844902104 0.989489092260918 595.6724335410689 2.327859058842365 2.3200546392018535 604.3840762170047 
163.00002044121007 8.372090356652857E-90 46.90624316916987 1.0101461872409863 608.1080047190743 0.0 0.0 262.0 258.0850767670858 2.321015628769279 608.1060947375511 0.9874495868262655 594.4446512694108 2.3032895148985295 2.3310032409436836 606.0634889675986 
164.00011782792308 1.0143031627496329E-89 47.21370055841535 1.0122667129926808 609.3845612215941 0.0 0.0 262.0 260.0633084288176 2.3258878782787797 609.3826241090402 1.0085697471036943 607.1589877564275 2.334658400774033 2.351207104711412 597.9858051839014 
165.00060218414936 1.5865164908145492E-89 47.415576042212855 1.0147469147998698 610.8776427095218 0.0 0.0 262.0 257.26029316619395 2.331587083072435 610.8758157649778 0.9915912420343169 596.9379277046681 2.3203655735517548 2.329797219343007 605.1117671545637 
166.00128136095603 1.6627889482201305E-89 47.69774473266592 1.0171541795092192 612.3268160645498 0.0 0.0 262.0 254.80753750487474 2.337118359537517 612.325010198829 1.0104493347398225 608.2904995133811 2.3872547314333032 2.3253978268482425 608.2836712788971 
167.00023340020087 1.624214086515962E-89 47.79615646837972 1.017856887364273 612.7498461932926 0.0 0.0 262.0 259.7987633844325 2.3387332853933587 612.74812077306 1.0150636006735227 611.0682876054595 2.3520831263590054 2.327859058842365 595.6724335410689 
168.00128136095603 2.096777909300627E-89 47.913400617099846 1.0199730783170102 614.0237931468399 0.0 0.0 262.0 258.9220177707513 2.34359601441817 614.0221557775608 0.9964857538627859 599.8844238253934 2.316853657291243 2.3032895148985295 594.4446512694108 
169.00037760806393 3.147496556753265E-89 47.898230442347646 1.0203963994083907 614.2786324438509 0.0 0.0 262.0 260.8665404208621 2.3445688268360843 614.2770326310542 1.0144157361397068 610.6782731561012 2.3409605239939153 2.334658400774033 607.1589877564275 
170.0001715955582 3.354683378435336E-89 47.95574281935872 1.0248986519317678 616.9889884629238 0.0 0.0 262.0 259.08849684976514 2.3549140302632496 616.9874759289714 1.0154982881005679 611.3299694365365 2.3595411485636966 2.3203655735517548 596.9379277046681 
171.00037024687205 3.354683378435336E-89 48.05415292802774 1.0245081089963919 616.7538816158278 0.0 0.0 262.0 260.35505816548863 2.3540172013061076 616.7525067422002 1.0158780081944707 611.5585609330732 2.3489405784632393 2.3872547314333032 608.2904995133811 
172.00023033165363 3.940433435875599E-89 48.20924382192729 1.0266125376257595 618.0207476507067 0.0 0.0 262.0 253.53493164764936 2.35885266244316 618.0193975601078 1.000778249212277 602.4685060257992 2.376274157215862 2.3520831263590054 611.0682876054595 
173.0003831599327 3.341569899823249E-89 48.16667779268094 1.029879317542806 619.9873491607691 0.0 0.0 262.0 258.5189074729312 2.366358971761675 619.9860506015582 1.0180600060841922 612.8721236626797 2.3707052209589423 2.316853657291243 599.8844238253934 
174.0002185550997 3.135332317748131E-89 48.16667779268094 1.0326502400154949 621.655444489328 0.0 0.0 262.0 260.49751423024117 2.372725741288465 621.6541442175775 1.0269518337401697 618.2250039115838 2.3732472293964566 2.3409605239939153 610.6782731561012 
175.00002434547753 3.286722035728276E-89 48.16667779268094 1.0322910786739354 621.4392293617092 0.0 0.0 262.0 261.26579157855645 2.3719004917396114 621.4379288357782 1.0376384953084659 624.6583741756903 2.390892318514153 2.3409605239939153 610.6782731561012 
176.0001427243951 3.286722035728276E-89 48.33394537200448 1.0323966596180982 621.5027890900958 0.0 0.0 262.0 260.496728379554 2.372143260358646 621.5015342139653 1.0386136069899168 625.2453914079233 2.4002043914229745 2.3409605239939153 610.6782731561012 
177.0002041301686 2.7861252675336885E-89 48.41456911535289 1.036171086921375 623.7749943266679 0.0 0.0 262.0 254.14886116008864 2.380815928327283 623.7737732217482 1.0264767543841804 617.9390061392743 2.4314057647892975 2.3409605239939153 610.6782731561012 
178.0000083197957 4.8610372322098034E-89 48.469200790895165 1.040583162983237 626.4310641159088 0.0 0.0 262.0 261.1912669078271 2.390953651867728 626.4298567893446 1.0626843554953558 639.7359820082042 2.4493008115541754 2.3409605239939153 610.6782731561012 
179.00031211265306 4.5613747560345775E-89 48.38230349239171 1.041350870192544 626.8932238559114 0.0 0.0 262.0 260.54541618646715 2.3927179535877134 626.8921038399808 1.0577311182488083 636.7541331857831 2.4439275981354087 2.3409605239939153 610.6782731561012 
180.00032047734277 4.5613747560345775E-89 48.76549560148006 1.0399259448581675 626.035418804617 0.0 0.0 262.0 253.9526805801816 2.389444150898685 626.0343675354553 1.023390759578453 616.0812372662253 2.4259686326551977 2.3409605239939153 610.6782731561012 
181.00086958582799 4.5613747560345775E-89 48.76549560148006 1.043028726424712 627.9032933076769 0.0 0.0 262.0 259.8183570500667 2.396573704914789 627.9023106876749 1.0534861023033328 634.1986335866042 2.4409308133081407 2.3409605239939153 610.6782731561012 
182.0003351507501 4.0526624484442795E-89 48.76549560148006 1.046168657274557 629.7935316792825 0.0 0.0 262.0 248.07649893508068 2.403788514401673 629.7925907732379 1.006243526804939 605.7586031365768 2.4418217998759255 2.3409605239939153 610.6782731561012 
183.0006375574348 5.226900711166386E-89 48.79476367837683 1.0494645812655619 631.7776779218686 0.0 0.0 262.0 260.0248537225278 2.4113619625617533 631.7768341911794 1.0490491513628486 631.5275891204357 2.4287201014805224 2.3409605239939153 610.6782731561012 
184.0000503404014 5.4802561216087376E-89 48.79476367837683 1.0506093623632036 632.4668361426486 0.0 0.0 262.0 251.73028113365905 2.413992505662253 632.4660364835103 1.0122002591011439 609.3445559788873 2.420624778372805 2.4493008115541754 639.7359820082042 
185.00125843864262 4.186305087415481E-89 48.8045236070698 1.0524630709520508 633.5827687131342 0.0 0.0 262.0 260.14261022557946 2.4182518988342037 633.5819974945613 1.0491084819026997 631.5633061054269 2.4277580114913686 2.4493008115541754 639.7359820082042 
186.0002226696984 3.7175635881968216E-89 48.87479844053881 1.0555926461030278 635.4667729540225 0.0 0.0 262.0 261.3200734847317 2.425442917841457 635.4660444744617 1.0441043763760822 628.5508345783984 2.4052910524499875 2.4259686326551977 616.0812372662253 
187.0000301517282 3.379975646206887E-89 48.8617668985556 1.0563988962787938 635.9521355598333 0.0 0.0 262.0 258.5488241617119 2.4272955419744533 635.9514319973067 1.0481566869630499 630.9903255517479 2.440507426779434 2.4259686326551977 616.0812372662253 
188.00001930443509 3.0724974315148303E-89 48.92152334623484 1.0598560623480058 638.0333495334992 0.0 0.0 262.0 259.7001821687992 2.435239070520259 638.0326364763079 1.041382451071326 626.9122355449296 2.4139845814103085 2.4259686326551977 616.0812372662253 
189.00000880966715 3.6012850003804626E-89 48.93022127904676 1.0616730121254967 639.1271532995487 0.0 0.0 262.0 258.6834680029429 2.439414032015341 639.1264763880191 1.0552916234888192 635.2855573402713 2.455841350221283 2.4259686326551977 616.0812372662253 
190.0012460462256 4.055838277045527E-89 48.90440380916276 1.0595473432218023 637.8475006195249 0.0 0.0 262.0 258.29496640309844 2.434529879225743 637.8468283571445 1.0454557628736425 629.3643692499331 2.4366110498171265 2.4259686326551977 616.0812372662253 
191.00006707401886 4.055838277045527E-89 48.916359680166885 1.0586363632400404 637.2990906705044 0.0 0.0 262.0 261.0691910250869 2.4324367527993376 637.2984292334265 1.0534740935762756 634.1914043329127 2.4292081414998195 2.4259686326551977 616.0812372662253 
192.00010402566457 4.321856999180628E-89 48.916359680166885 1.0569787633441388 636.301215533171 0.0 0.0 262.0 262.11163363273084 2.4286280916322953 636.3005600076608 1.0638139684137302 640.4160089850643 2.443294866806298 2.4259686326551977 616.0812372662253 
193.00012567727472 3.482446871996539E-89 49.04697738553526 1.0580087724771745 636.9212810312591 0.0 0.0 262.0 255.1339343449252 2.430994844105666 636.9206491556846 1.038585912431055 625.2287192834871 2.450590200354206 2.4259686326551977 616.0812372662253 
194.0000087823106 5.9274629111472114E-89 49.1429853185027 1.05779234997086 636.7909946824572 0.0 0.0 262.0 261.1558507624587 2.430497553830016 636.7903591034642 1.0572730089066675 636.4783513618182 2.4371590738005104 2.455841350221283 635.2855573402713 
195.00048010654788 5.563110492965827E-89 49.1429853185027 1.0570908627397173 636.3686993693096 0.0 0.0 262.0 261.48500542992485 2.4288857501661325 636.3680665435268 1.0549488450601292 635.0792047262023 2.428740430763999 2.4366110498171265 629.3643692499331 
196.00019973229396 8.671105418445177E-89 49.07614175618743 1.054696913322233 634.9275418199844 0.0 0.0 262.0 248.01779483528566 2.4233852870923247 634.9269452181898 1.0245004680126675 616.749281743624 2.4867138350021274 2.4292081414998195 634.1914043329127 
197.00063745325406 7.875636916751067E-89 49.13943623101331 1.0573327889369037 636.5143389400158 0.0 0.0 264.0 254.79328370822518 2.411036941209527 636.513752479315 1.0292769290460073 619.6247112856981 2.431872230962168 2.443294866806298 640.4160089850643 
198.00009737650004 7.875636916751067E-89 49.15281489841289 1.0568393080516096 636.217263447069 0.0 0.0 263.0 256.6241812129987 2.4190748454622306 636.2166843565673 1.0429600044222136 627.8619226621665 2.4466202666265486 2.443294866806298 640.4160089850643 
199.00037978953182 8.191129803940608E-89 49.15281489841289 1.0582162817522005 637.0462016148243 0.0 0.0 263.0 261.4583026684604 2.422226792805605 637.045646507874 1.0646279962570384 640.9060537467407 2.4512744372835433 2.443294866806298 640.4160089850643 
200.00000099461593 1.1242381805567028E-88 49.21019331347863 1.055203719471853 635.2326391220552 0.0 0.0 263.0 247.0792451003897 2.4153311370468393 635.2320890433186 1.0085856163131446 607.1685410205127 2.4573838274996214 2.443294866806298 640.4160089850643 
201.00028833979064 1.0458071365694558E-88 49.21019331347863 1.0562800980778841 635.8806190428857 0.0 0.0 263.0 260.97331811193874 2.4177949557047707 635.8800733503543 1.060187488401833 638.2328680179046 2.4455866700677373 2.443294866806298 640.4160089850643 
202.0004016097379 8.11801097995242E-89 49.24301104691339 1.0577200859475544 636.7474917404269 0.0 0.0 262.0 263.8689506756106 2.4303319739641562 636.7469771786082 1.0576919986185203 636.7305831683594 2.4130561081100033 2.443294866806298 640.4160089850643 
203.0005521086497 6.374511069388863E-89 49.30460329784854 1.0551472350450872 635.1986354971426 0.0 0.0 262.0 257.7712909592797 2.4244203954353885 635.1981436040716 1.0363606936256067 623.8891375626199 2.420320491241889 2.443294866806298 640.4160089850643 
204.00040905889202 4.6475266311984396E-89 49.30460329784854 1.0566680560041326 636.1141697144878 0.0 0.0 262.0 258.4629840809816 2.4279147996413872 636.1136775060435 1.036359684181097 623.8885298770192 2.413840930048005 2.443294866806298 640.4160089850643 
205.00055779431298 4.014322151676682E-89 49.11678271430191 1.0574401653994991 636.5789795704982 0.0 0.0 263.0 255.65924616602643 2.4204505449579403 636.5784933239381 1.0460766425408328 629.7381388095756 2.4631932865851462 2.443294866806298 640.4160089850643 
206.00067798708545 4.556410628733768E-89 48.96965317084409 1.0562753257144257 635.8777460800837 0.0 0.0 263.0 261.3109902018302 2.417784381173033 635.8772922485073 1.055484175978069 635.401473938806 2.431591084049077 2.4455866700677373 638.2328680179046 
207.00001946445238 6.2526626252515045E-89 48.99550508694168 1.056280844445546 635.8810683562184 0.0 0.0 263.0 258.0680957989688 2.417797056159762 635.8806257700171 1.0514773771419172 632.9893810394279 2.4527998281992875 2.4130561081100033 636.7305831683594 
208.00007696197014 5.5325359003683634E-89 48.99550508694168 1.0554701720753434 635.3930435893571 0.0 0.0 262.0 260.4747335382739 2.4251626814075546 635.3926225287794 1.0503598214498477 632.3166125128171 2.4275545037457738 2.420320491241889 623.8891375626199 
209.00048600906612 6.97858575173831E-89 49.07396064276179 1.0553056355793786 635.2939926187859 0.0 0.0 262.0 261.5172982588569 2.424784680599755 635.2935863171357 1.062436425102886 639.5867279119338 2.4456765658341024 2.413840930048005 623.8885298770192 
210.00044667984724 7.835355764516881E-89 49.0551525629756 1.0581566897927777 637.0103272552526 0.0 0.0 262.0 253.64670029891323 2.431335556007768 637.0099156740354 1.037332945059165 624.4744329256073 2.461985242424551 2.4631932865851462 629.7381388095756 
211.00021278105126 6.905310314500938E-89 49.020281299126985 1.0612327997431212 638.8621454453598 0.0 0.0 262.0 261.2172204926781 2.438403607705795 638.8617452189189 1.053070681480684 633.9485502513696 2.426901829273308 2.431591084049077 635.401473938806 
212.00043626419063 1.0086763902439156E-88 48.89978527806326 1.061311028146637 638.9092389442757 0.0 0.0 262.0 260.2063030857468 2.4385833974766724 638.9088501388884 1.0475012417113725 630.5957475102463 2.423445320240546 2.4527998281992875 632.9893810394279 
213.00028246672048 9.469691043898165E-89 48.84548235703678 1.0621738897954645 639.4286816568696 0.0 0.0 263.0 255.7775909007416 2.431286425497906 639.4283299059491 1.043129305526793 627.9638419271325 2.4551167274494485 2.4275545037457738 632.3166125128171 
214.0004310657558 9.469691043898165E-89 48.91744672238519 1.0623446111443524 639.5314559089006 0.0 0.0 263.0 252.3478762271014 2.4316771824500005 639.5310989843505 1.026574662040433 617.9979465483407 2.4489920651924613 2.4456765658341024 639.5867279119338 
215.0002841825153 9.469691043898165E-89 48.89027791070726 1.065319569023883 641.3223805523778 0.0 0.0 263.0 255.08277209134638 2.438486797143686 641.3220276487896 1.038065671164089 624.9155340407781 2.4498539392420935 2.461985242424551 624.4744329256073 
216.00018031481858 1.1478608477497902E-88 48.99550508687398 1.0674970363234773 642.6332158667329 0.0 0.0 263.0 256.64101732840913 2.443471004617168 642.6328742143156 1.0497235482907448 631.9335760710371 2.4623249340630036 2.461985242424551 624.4744329256073 
217.00018288697794 1.5732602802030276E-88 49.06741788415955 1.0711595602403843 644.8380552647113 0.0 0.0 263.0 260.0732032770019 2.451854416433998 644.837711522142 1.0602578675631906 638.27523627304 2.4542137683951166 2.461985242424551 624.4744329256073 
218.00001673643976 1.5732602802030276E-88 49.06087599791636 1.0712504169127655 644.8927509814844 0.0 0.0 263.0 257.52747007069894 2.452062382478954 644.892406591965 1.0565928827313336 636.0689154042697 2.469907055855633 2.461985242424551 624.4744329256073 
219.00027518297534 2.2958046935427851E-88 49.06087599791636 1.0714874041012574 645.0354172689565 0.0 0.0 263.0 256.83690707576875 2.4526049109499275 645.0350915798307 1.0639878810965677 640.5207044201331 2.493881084742914 2.461985242424551 624.4744329256073 
220.00018744350405 2.77959611148513E-88 48.96366835664055 1.0734666049534982 646.2268961820052 0.0 0.0 264.0 260.86169571340633 2.447827992416298 646.2265899979022 1.0816851157507343 651.1744396819354 2.496243988221801 2.461985242424551 624.4744329256073 
221.00003691426303 3.5266754678026903E-88 48.681582860027305 1.0705789394874154 644.4885215714244 0.0 0.0 263.0 245.91054686919554 2.450525579867773 644.4882275052242 1.0299221776240837 620.0131509297024 2.521295482537799 2.461985242424551 624.4744329256073 
222.00112763194576 3.356690886505512E-88 48.461392493010905 1.068295498292985 643.1138899723767 0.0 0.0 263.0 261.07593018361797 2.445298844982641 643.1135962304345 1.0787803142795402 649.4257491962929 2.4874975978809832 2.461985242424551 624.4744329256073 
223.00051147507511 3.5266754678026903E-88 48.454931404755946 1.066300743296271 641.9130474643547 0.0 0.0 262.0 262.56002389747505 2.450048692712892 641.9127574907778 1.0803812649145101 650.389521478542 2.4771079459244234 2.461985242424551 624.4744329256073 
224.0002417035141 3.5266754678026903E-88 48.454931404755946 1.0678666749042056 642.8557382923317 0.0 0.0 263.0 261.7194810464019 2.44431733250568 642.855458448994 1.0675964581670834 642.6930678165892 2.4556562058238307 2.461985242424551 624.4744329256073 
225.00025798402376 3.5266754678026903E-88 48.15998844082765 1.0692700711375287 643.7005828247925 0.0 0.0 263.0 260.0317011244504 2.4475296712998538 643.7003035518617 1.0602830526706026 638.2903977076962 2.4546637773300275 2.461985242424551 624.4744329256073 
226.000157839381 4.5345842842190856E-88 48.20361973810597 1.0708162472397218 644.6313808383121 0.0 0.0 263.0 253.02492257996326 2.4510688522217157 644.6311081343111 1.043409055157943 628.1322512050803 2.482491624936955 2.461985242424551 624.4744329256073 
227.0004496867124 6.207173462914856E-88 48.177917995320044 1.0726523938694659 645.7367411094189 0.0 0.0 263.0 258.4495280378827 2.4552717469853995 645.7364694571603 1.047691732775245 630.7104231306893 2.4403620618654864 2.461985242424551 624.4744329256073 
228.0006588982303 8.098716833153579E-88 48.00612279416994 1.0770187109908522 648.3652640164925 0.0 0.0 263.0 242.9648409205621 2.4652661730076235 648.3650035010046 1.0131110258611757 609.8928375684256 2.5102102644054227 2.461985242424551 624.4744329256073 
229.0003817405805 8.30175339181476E-88 47.773325981192095 1.0741963257124174 646.6661880788758 0.0 0.0 263.0 261.6988596869638 2.4588058207460683 646.6659308562163 1.0797691760960073 650.021044009787 2.4838512662505385 2.461985242424551 624.4744329256073 
230.0001463950295 7.154441918881418E-88 47.72319031473694 1.077936843524177 648.9179798015546 0.0 0.0 262.0 251.77242203481998 2.476785195176758 648.9177211363108 1.0368400185703066 624.177691179318 2.4791344744381676 2.521295482537799 620.0131509297024 
231.00008473679955 9.786843333967945E-88 47.72319031473694 1.0837343388640945 652.4080719961852 0.0 0.0 263.0 262.88146249747336 2.480638090970129 652.4078179251442 1.0880803011141034 655.0243412706889 2.4917098948237344 2.521295482537799 620.0131509297024 
232.00006741340744 8.223625654891868E-88 47.770671981124174 1.0815015737540141 651.0639473999161 0.0 0.0 263.0 262.7020657363279 2.4755273642396753 651.0636967950346 1.097864414239666 660.914377372279 2.515832433672729 2.521295482537799 620.0131509297024 
233.0002020879069 8.643339001885738E-88 47.74122248126746 1.0836616141197304 652.3642917000773 0.0 0.0 263.0 261.02161026723104 2.4804717355611494 652.364066452582 1.0986014912984094 661.3580977616368 2.5337292842709296 2.521295482537799 620.0131509297024 
234.00027295694082 8.643339001885738E-88 47.50944631158926 1.0830970768343655 652.0244402542877 0.0 0.0 263.0 260.91915193103154 2.479179538491827 652.0242186233504 1.0894934508379799 655.8750574044574 2.513709908032447 2.521295482537799 620.0131509297024 
235.00006052313043 8.643339001885738E-88 47.13402916089787 1.0852794879963268 653.3382517737888 0.0 0.0 264.0 251.08317302129532 2.4747653126453435 653.338042538371 1.0723001999887767 645.524720393247 2.5709597048086437 2.521295482537799 620.0131509297024 
236.00040139898988 9.320866844232167E-88 47.14686183764 1.0896753581920522 655.9845656316156 0.0 0.0 264.0 260.96216022922687 2.4847892503476188 655.9843620917713 1.0996128995141814 661.96696550753 2.5366396604245764 2.521295482537799 620.0131509297024 
237.0007259507431 1.0436288033010676E-87 46.713023678990545 1.0906792375274144 656.5889009915037 0.0 0.0 264.0 262.0745044813883 2.4870784102900267 656.5887003165669 1.101279881276265 662.9704885283052 2.5297023449123306 2.521295482537799 620.0131509297024 
238.00020261106255 1.0436288033010676E-87 46.48520623716668 1.0870029012779838 654.3757465693465 0.0 0.0 264.0 262.5951152993052 2.4786952915636493 654.3755569728037 1.1019904925767239 663.3982765311887 2.526316134155996 2.4917098948237344 655.0243412706889 
239.0002894574378 1.0969661436673241E-87 46.48520623716668 1.0875896255256994 654.7289545664701 0.0 0.0 264.0 259.2116144120903 2.480033192670557 654.7287628650266 1.0746157969391246 646.9187097573522 2.495716525760654 2.5337292842709296 661.3580977616368 
240.0000682870538 1.3239290571192292E-87 46.47436095423166 1.0900762349935278 656.2258934661032 0.0 0.0 264.0 262.08577346340275 2.4857034764842534 656.2257177918425 1.0805528730514011 650.492829576938 2.4819845082807284 2.5337292842709296 661.3580977616368 
241.00019597264532 1.0053123791818574E-87 46.241541510905265 1.0910553850231866 656.8153417839577 0.0 0.0 263.0 261.91494283079436 2.497396068580554 656.8151660366856 1.0842590709000206 652.723960681802 2.492121883643283 2.513709908032447 655.8750574044574 
242.00083045215396 1.0570202595148154E-87 45.8173066556008 1.087988404926882 654.9690197659826 0.0 0.0 263.0 253.05834545202367 2.4903758671667315 654.9688530648501 1.0599543066139985 638.0924925816341 2.5215232141103505 2.513709908032447 655.8750574044574 
243.00023751260977 1.1977874891544111E-87 45.58271378499067 1.0887008091614119 655.3978871151697 0.0 0.0 263.0 261.39066232744733 2.4920065738378274 655.3977289193487 1.0878719436653774 654.898910086561 2.505441105873021 2.513709908032447 655.8750574044574 
244.00060601662747 1.1977874891544111E-87 45.59867052707111 1.0917354128407593 657.2247185301375 0.0 0.0 263.0 254.28621411402878 2.498952720952333 657.2245656104636 1.0677897181462739 642.8094103240601 2.527897206554057 2.513709908032447 655.8750574044574 
245.0002795898705 1.1977874891544111E-87 45.72449347309341 1.0906485760744806 656.5704427968368 0.0 0.0 263.0 258.6202507636017 2.4964649811391895 656.5702900396067 1.0973301548793233 660.5927532373586 2.554296313946389 2.513709908032447 655.8750574044574 
246.00005243121169 1.498816948477442E-87 45.21121735615772 1.091694120822769 657.1998607353072 0.0 0.0 263.0 255.88470088915736 2.4988582129603376 657.1997100085689 1.074790581335994 647.0239299642651 2.528576064594574 2.513709908032447 655.8750574044574 
247.00085394888492 1.8056096989039274E-87 45.05100208492985 1.091623214638606 657.1571752124405 0.0 0.0 263.0 253.70417369471005 2.4986959203129553 657.1570270423074 1.089144125641338 655.6647636360956 2.5843672734571443 2.513709908032447 655.8750574044574 
248.00018395250592 2.7934308628085683E-87 44.7494234562354 1.0936608015229152 658.3838025167948 0.0 0.0 263.0 257.39580379083367 2.5033599197156766 658.3836588852229 1.0837039559968584 652.3897815101037 2.5345781551289472 2.513709908032447 655.8750574044574 
249.00000859530812 2.7239311044685344E-87 44.485684904109796 1.0930676850970584 658.0267464284296 0.0 0.0 263.0 258.28943638487647 2.5020023183280373 658.0266097202742 1.0911595849240134 656.878070124252 2.543185967332553 2.5215232141103505 638.0924925816341 
250.0000977276857 2.5593940734392843E-87 44.485684904109796 1.092000094579871 657.3840569370822 0.0 0.0 262.0 259.4836949500669 2.509098953859935 657.3839259113025 1.1008657452464654 662.7211786383665 2.553999313004602 2.5215232141103505 638.0924925816341 
251.0005565673665 2.5593940734392843E-87 44.485684904109796 1.0927117512442548 657.8124742490405 0.0 0.0 262.0 259.0143054159872 2.510734133146205 657.812342884305 1.080832569888879 650.6612070731123 2.5120666830664997 2.5215232141103505 638.0924925816341 
252.0000132755724 0.0 0.0 0.0 0.0 0.0 0.0 261.0 261.9441590475416 0.0 0.0 0.9018206423992902 542.8960267243726 2.0725639720251965 2.5215232141103505 638.0924925816341 
253.00019458670747 0.0 0.0 0.0 0.0 0.0 0.0 262.0 259.55176187007777 0.0 0.0 0.35080115346862706 211.182294388116 0.813642307285998 2.5215232141103505 638.0924925816341 
254.00009816446794 0.0 0.0 0.0 0.0 0.0 0.0 262.0 258.8850267974927 0.0 0.0 0.063485757528307 38.21842603204039 0.14762702387549026 2.5215232141103505 638.0924925816341 
255.0001845126207 0.0 0.0 0.0 0.0 0.0 0.0 261.0 259.9054744989229 0.0 0.0 0.007501054219134356 4.515634639918918 0.017374142074631952 2.5215232141103505 638.0924925816341 
256.00019901475497 0.0 0.0 0.0 0.0 0.0 0.0 261.0 247.98944808517027 0.0 0.0 0.0012793972796274948 0.7701971623357464 0.003105765863357329 2.5215232141103505 638.0924925816341 
257.00035353182744 0.0 0.0 0.0 0.0 0.0 0.0 263.0 256.5980082392419 0.0 0.0 7.232123980291574E-4 0.43537386361354813 0.0016967156783525095 2.5215232141103505 638.0924925816341 
258.0000250936008 0.0 0.0 0.0 0.0 0.0 0.0 261.0 258.48889883733506 0.0 0.0 6.703115866427336E-4 0.40352757515893106 0.001561102147805843 2.5215232141103505 638.0924925816341 
259.0002810107442 0.0 0.0 0.0 0.0 0.0 0.0 260.0 257.3252115196473 0.0 0.0 6.184107078446659E-4 0.37228324612248365 0.001446742213574588 2.543185967332553 656.878070124252 
260.0000221992539 0.0 0.0 0.0 0.0 0.0 0.0 260.0 255.94651184266345 0.0 0.0 5.033199972762512E-4 0.3029986383603018 0.0011838357795106909 2.543185967332553 656.878070124252 
261.0009591304499 0.0 0.0 0.0 0.0 0.0 0.0 261.0 240.46503401304443 0.0 0.0 1.38197787436047E-5 0.008319506803650099 3.4597573979087506E-5 2.543185967332553 656.878070124252 
262.00004651958375 0.0 0.0 0.0 0.0 0.0 0.0 260.0 256.4623812439881 0.0 0.0 6.960331069861266E-6 0.004190119304056445 1.6338143955975096E-5 2.543185967332553 656.878070124252 
263.00051161858624 0.0 0.0 0.0 0.0 0.0 0.0 261.0 258.77811352707886 0.0 0.0 3.6182767193119386E-6 0.002178202585025776 8.417259695332952E-6 2.543185967332553 656.878070124252 
264.0001624226193 0.0 0.0 0.0 0.0 0.0 0.0 261.0 257.803426918295 0.0 0.0 4.5236590091404244E-7 2.7232427235025406E-4 1.0563252614813424E-6 2.543185967332553 656.878070124252 
265.00018021466065 0.0 0.0 0.0 0.0 0.0 0.0 262.0 256.34843006202357 0.0 0.0 3.0035413178394775E-10 1.8081318733393388E-7 7.053415044913132E-10 2.543185967332553 656.878070124252 
266.00030616769266 0.0 0.0 0.0 0.0 0.0 0.0 261.0 258.3697517068567 0.0 0.0 -1.5043390511152995E-9 -9.056121087714156E-7 -3.50510113040985E-9 2.543185967332553 656.878070124252 
267.00014336902336 0.0 0.0 0.0 0.0 0.0 0.0 261.0 258.43466589019675 0.0 0.0 1.4349764770499693E-10 8.63855839184076E-8 3.3426469170011015E-10 2.543185967332553 656.878070124252 
268.0000442340349 0.0 0.0 0.0 0.0 0.0 0.0 260.0 258.57068421014213 0.0 0.0 3.735799795087562E-10 2.2489514766426977E-7 8.697627434109892E-10 0.0011838357795106909 0.3029986383603018 
269.0002766971411 0.0 0.0 0.0 0.0 0.0 0.0 261.0 253.86232212743107 0.0 0.0 4.0193042977152675E-10 2.419621187224608E-7 9.53123396551156E-10 3.4597573979087506E-5 0.008319506803650099 
270.0007045686904 0.0 0.0 0.0 0.0 0.0 0.0 262.0 251.0478268877707 0.0 0.0 3.064963750788346E-10 1.845108177974558E-7 7.349628159894017E-10 3.4597573979087506E-5 0.008319506803650099 
271.00016948432426 0.0 0.0 0.0 0.0 0.0 0.0 262.0 258.4385296530821 0.0 0.0 1.5370825327204941E-10 9.253236846977434E-8 3.5804401376987483E-10 8.417259695332952E-6 0.002178202585025776 
272.00005392939795 0.0 0.0 0.0 0.0 0.0 0.0 262.0 258.0196794042143 0.0 0.0 2.32163807322979E-11 1.397626120084323E-8 5.416742332645094E-11 7.053415044913132E-10 1.8081318733393388E-7 
273.0001043559567 0.0 0.0 0.0 0.0 0.0 0.0 261.0 260.07665559204605 0.0 0.0 -2.5420955284213814E-13 -1.5303415081096538E-10 -5.884194045120812E-13 7.053415044913132E-10 1.8081318733393388E-7 
274.00011589037575 0.0 0.0 0.0 0.0 0.0 0.0 261.0 261.4994576357717 0.0 0.0 -7.169124812895074E-14 -4.315813137362886E-11 -1.6504099765186304E-13 -3.50510113040985E-9 -9.056121087714156E-7 
275.0000920719953 0.0 0.0 0.0 0.0 0.0 0.0 261.0 259.6728280361917 0.0 0.0 1.5764452823334861E-15 9.490200599647714E-13 3.654676028839269E-15 3.3426469170011015E-10 8.63855839184076E-8 
276.000016309147 0.0 0.0 0.0 0.0 0.0 0.0 262.0 259.2829161550877 0.0 0.0 1.06430137658458E-15 6.407094287039228E-13 2.4710823150441903E-15 8.697627434109892E-10 2.2489514766426977E-7 
277.00015209308384 0.0 0.0 0.0 0.0 0.0 0.0 261.0 257.96283375056083 0.0 0.0 5.651648244286346E-16 3.4022922430603344E-13 1.3189079192509598E-15 9.53123396551156E-10 2.419621187224608E-7 
278.00015427132706 0.0 0.0 0.0 0.0 0.0 0.0 262.0 248.24161006157215 0.0 0.0 5.324772077737106E-16 3.205512790797732E-13 1.2912874638553378E-15 7.349628159894017E-10 1.845108177974558E-7 
279.00003386080255 0.0 0.0 0.0 0.0 0.0 0.0 263.0 248.83379272778828 0.0 0.0 4.651862560027363E-16 2.8004212611364996E-13 1.1254183888922274E-15 3.5804401376987483E-10 9.253236846977434E-8 
280.0003294550251 0.0 0.0 0.0 0.0 0.0 0.0 263.0 248.95747755910963 0.0 0.0 9.897847355340944E-17 5.958504107915291E-14 2.3933822620373275E-16 5.416742332645094E-11 1.397626120084323E-8 
281.000807482501 0.0 0.0 0.0 0.0 0.0 0.0 262.0 248.24336003527876 0.0 0.0 2.9010623733515056E-18 1.7464395487576345E-15 7.035191388440124E-18 7.053415044913132E-10 1.8081318733393388E-7 
282.00010721667167 0.0 0.0 0.0 0.0 0.0 0.0 262.0 259.36798151174327 0.0 0.0 4.637574436550547E-18 2.791819810803452E-15 1.0763933907844552E-17 3.654676028839269E-15 9.490200599647714E-13 
283.00037675621667 0.0 0.0 0.0 0.0 0.0 0.0 262.0 258.2211883060607 0.0 0.0 4.709208579959836E-18 2.834943565135818E-15 1.097874106975163E-17 2.4710823150441903E-15 6.407094287039228E-13 
284.00025310276504 0.0 0.0 0.0 0.0 0.0 0.0 262.0 263.557035294175 0.0 0.0 8.76779131925656E-21 5.278210374192409E-18 2.002682405461504E-20 2.4710823150441903E-15 6.407094287039228E-13 
285.00033682133204 0.0 0.0 0.0 0.0 0.0 0.0 263.0 264.59550736761264 0.0 0.0 5.9697858137335915E-21 3.5938110598676064E-18 1.3582282993469678E-20 1.3189079192509598E-15 3.4022922430603344E-13 
286.00064748172866 0.0 0.0 0.0 0.0 0.0 0.0 264.0 242.6145344884218 0.0 0.0 5.430718112551364E-21 3.2692923037559695E-18 1.3475253288718316E-20 1.1254183888922274E-15 2.8004212611364996E-13 
287.0004263200355 0.0 0.0 0.0 0.0 0.0 0.0 263.0 259.29416956057196 0.0 0.0 1.638119041020252E-21 9.861476626941934E-19 3.803200297042645E-21 2.3933822620373275E-16 5.958504107915291E-14 
288.000013423505 0.0 0.0 0.0 0.0 0.0 0.0 263.0 261.26570273286166 0.0 0.0 3.8345188681122207E-22 2.3083803586035916E-19 8.83537461847359E-22 7.035191388440124E-18 1.7464395487576345E-15 
289.00005765262586 0.0 0.0 0.0 0.0 0.0 0.0 263.0 259.269173103954 0.0 0.0 1.0761052599424204E-23 6.478153664853428E-21 2.4986208685349615E-23 1.0763933907844552E-17 2.791819810803452E-15 
290.0001341496129 0.0 0.0 0.0 0.0 0.0 0.0 262.0 252.58538205008347 0.0 0.0 3.639019655831726E-24 2.1906898328106803E-21 8.673066568738737E-24 1.097874106975163E-17 2.834943565135818E-15 
291.0009646736084 0.0 0.0 0.0 0.0 0.0 0.0 262.0 243.9624531313843 0.0 0.0 3.381266958825452E-24 2.0355227092129262E-21 8.343590102025697E-24 2.002682405461504E-20 5.278210374192409E-18 
292.0000639379697 0.0 0.0 0.0 0.0 0.0 0.0 263.0 261.3926744485718 0.0 0.0 3.628645555140973E-24 2.18444462419486E-21 8.35694660840483E-24 1.3582282993469678E-20 3.5938110598676064E-18 
293.0000957052918 0.0 0.0 0.0 0.0 0.0 0.0 262.0 261.67409891324377 0.0 0.0 3.700463273909027E-24 2.2276788908932425E-21 8.51318070892379E-24 1.3475253288718316E-20 3.2692923037559695E-18 
294.0004153375518 0.0 0.0 0.0 0.0 0.0 0.0 261.0 233.51880506609263 0.0 0.0 3.247182205241049E-24 1.954803687555111E-21 8.371076098140553E-24 3.803200297042645E-21 9.861476626941934E-19 
295.0002707568597 0.0 0.0 0.0 0.0 0.0 0.0 261.0 253.1073706420283 0.0 0.0 3.414563238375292E-24 2.055567069501937E-21 8.121324417727611E-24 8.83537461847359E-22 2.3083803586035916E-19 
296.0001936729623 0.0 0.0 0.0 0.0 0.0 0.0 261.0 255.7173267853331 0.0 0.0 8.550338540646891E-25 5.14730380146944E-22 2.012888162948162E-24 2.4986208685349615E-23 6.478153664853428E-21 
297.0008343289207 0.0 0.0 0.0 0.0 0.0 0.0 261.0 256.371680390822 0.0 0.0 4.192079487076207E-27 2.523631851219872E-24 9.843645161481013E-27 8.673066568738737E-24 2.1906898328106803E-21 
298.0001351847483 0.0 0.0 0.0 0.0 0.0 0.0 262.0 257.98305320950016 0.0 0.0 6.487921710732514E-30 3.9057288698609786E-27 1.5139478431900158E-29 8.343590102025697E-24 2.0355227092129262E-21 
299.000118424466 0.0 0.0 0.0 0.0 0.0 0.0 262.0 257.4327310860118 0.0 0.0 8.704094754672387E-34 5.239865042312738E-31 2.0354307784436423E-33 8.343590102025697E-24 2.0355227092129262E-21 
300.0000665130424 0.0 0.0 0.0 0.0 0.0 0.0 261.0 252.93333110899803 0.0 0.0 1.4012040980081461E-34 8.435248670009121E-32 3.3349691924841928E-34 8.51318070892379E-24 2.2276788908932425E-21 
#####################################################################
# End of data export. Simulation finished at: 2021-12-09T08:55+0000 #
#####################################################################
