#####################################################################
# Alchemist log file - simulation started at: 2021-12-09T08:43+0000 #
#####################################################################
# random = 27.0
#
# The columns have the following meaning: 
# time localWarningInSystem[Min] localWarningInSystem[Max] localWarningInSystem[Mean] localWarningInSystem[Sum] meanWarningAtDetector[Sum] dataAtCollector[Sum] inSurveillanceArea[Sum] numDevicesAtDetector[Sum] localWarningInSurveillanceArea[Mean] localWarningInSurveillanceArea[Sum] sumWarningAtDetector[Mean] sumWarningAtDetector[Sum] meanWarningOverallAtDetector[Sum] meanWarningAtCollector[Sum] sumWarningAtCollector[Sum] 
0.0 0.0 0.0 0.0 0.0 0.0 0.0 0.0 0.0 0.0 0.0 0.0 0.0 0.0 0.0 0.0 
1.000124059652717 0.0 0.0 0.0 0.0 0.0 0.0 203.0 1.0 0.0 0.0 0.0 0.0 0.0 0.0 0.0 
2.0 0.0 0.0 0.0 0.0 0.0 0.0 295.0 16.924398457792403 0.0 0.0 0.0 0.0 0.0 0.0 0.0 
3.0000307744886263 0.0 0.0 0.0 0.0 0.0 0.0 301.0 58.8896007513933 0.0 0.0 0.0 0.0 0.0 0.0 0.0 
4.000124059652717 0.0 0.0 0.0 0.0 0.0 0.0 301.0 134.93932792214792 0.0 0.0 0.0 0.0 0.0 0.0 0.0 
5.000057434831202 0.0 0.0 0.0 0.0 0.0 0.0 300.0 214.12564382181682 0.0 0.0 0.0 0.0 0.0 0.0 0.0 
6.000066040331548 0.0 0.0 0.0 0.0 0.0 0.0 301.0 262.6985039847324 0.0 0.0 0.0 0.0 0.0 0.0 0.0 
7.000051089723299 0.0 0.0 0.0 0.0 0.0 0.0 301.0 286.8368816603652 0.0 0.0 0.0 0.0 0.0 0.0 0.0 
8.000124059652716 0.0 0.0 0.0 0.0 0.0 0.0 300.0 291.4091847648587 0.0 0.0 0.0 0.0 0.0 0.0 0.0 
9.000084744949246 0.0 0.0 0.0 0.0 0.0 0.0 300.0 293.6079613493228 0.0 0.0 0.0 0.0 0.0 0.0 0.0 
10.0000203891342 0.0 0.0 0.0 0.0 0.0 0.0 300.0 293.72571453534 0.0 0.0 0.0 0.0 0.0 0.0 0.0 
11.000124059652716 0.0 0.0 0.0 0.0 0.0 0.0 299.0 293.04408701938064 0.0 0.0 0.0 0.0 0.0 0.0 0.0 
12.000124059652716 0.0 0.0 0.0 0.0 0.0 0.0 299.0 296.6632348734012 0.0 0.0 0.0 0.0 0.0 0.0 0.0 
13.000124059652716 0.0 0.0 0.0 0.0 0.0 0.0 299.0 294.48227684366566 0.0 0.0 0.0 0.0 0.0 0.0 0.0 
14.000117992209601 0.0 0.0 0.0 0.0 0.0 0.0 299.0 294.4923949226784 0.0 0.0 0.0 0.0 0.0 0.0 0.0 
15.000027052360945 0.0 0.0 0.0 0.0 0.0 0.0 299.0 294.0997632327444 0.0 0.0 0.0 0.0 0.0 0.0 0.0 
16.00006156630111 0.0 0.0 0.0 0.0 0.0 0.0 299.0 298.1690554986334 0.0 0.0 0.0 0.0 0.0 0.0 0.0 
17.000124059652716 0.0 0.0 0.0 0.0 0.0 0.0 299.0 296.07730159013863 0.0 0.0 0.0 0.0 0.0 0.0 0.0 
18.000124059652716 0.0 0.0 0.0 0.0 0.0 0.0 299.0 294.3460398931216 0.0 0.0 0.0 0.0 0.0 0.0 0.0 
19.000124059652716 0.0 0.0 0.0 0.0 0.0 0.0 299.0 290.831171922365 0.0 0.0 0.0 0.0 0.0 0.0 0.0 
20.000124059652716 0.0 0.0 0.0 0.0 0.0 0.0 299.0 291.25291934014496 0.0 0.0 0.0 0.0 0.0 0.0 0.0 
21.000070136122286 0.0 0.0 0.0 0.0 0.0 0.0 299.0 290.9961822118157 0.0 0.0 0.0 0.0 0.0 0.0 0.0 
22.000107776536108 0.0 0.0 0.0 0.0 0.0 0.0 299.0 291.44246956820245 0.0 0.0 0.0 0.0 0.0 0.0 0.0 
23.000124059652716 0.0 0.0 0.0 0.0 0.0 0.0 298.0 291.7736694215187 0.0 0.0 0.0 0.0 0.0 0.0 0.0 
24.000124059652716 0.0 0.0 0.0 0.0 0.0 0.0 297.0 291.9239962906033 0.0 0.0 0.0 0.0 0.0 0.0 0.0 
25.000124059652716 0.0 0.0 0.0 0.0 0.0 0.0 297.0 290.1143426447298 0.0 0.0 0.0 0.0 0.0 0.0 0.0 
26.000124059652716 0.0 0.0 0.0 0.0 0.0 0.0 297.0 296.4277285891791 0.0 0.0 0.0 0.0 0.0 0.0 0.0 
27.000124059652716 0.0 0.0 0.0 0.0 0.0 0.0 297.0 292.3723540938176 0.0 0.0 0.0 0.0 0.0 0.0 0.0 
28.000124059652716 0.0 0.0 0.0 0.0 0.0 0.0 297.0 293.6150307364977 0.0 0.0 0.0 0.0 0.0 0.0 0.0 
29.000124059652716 0.0 0.0 0.0 0.0 0.0 0.0 297.0 292.2206757617962 0.0 0.0 0.0 0.0 0.0 0.0 0.0 
30.000124059652716 0.0 0.3171757581029603 5.268700300713594E-4 0.3171757581029603 0.0 0.0 297.0 294.69710952732026 0.0010679318454645088 0.3171757581029603 0.0 0.0 0.0 0.0 0.0 
31.000124059652716 1.6866804988206358E-95 49.95640790266054 1.214448254146567 731.0978489962339 0.0 0.0 297.0 293.7632233537932 2.4608555814375443 730.8741076869505 9.436228994255415E-5 0.056806098545417925 1.9337375828356706E-4 0.0 0.0 
32.00008192837593 1.5104404308137764E-95 49.94114577653178 1.2133703143586254 730.448929243893 0.0 0.0 296.0 292.3957158879985 2.4670102496208743 730.2350338877789 0.06331217790924422 38.11393110136545 0.13035051141434953 0.0 0.0 
33.00012405965272 2.5747041070322214E-95 49.9763944628619 1.2113797737449494 729.2506237944601 0.0 0.0 297.0 292.14800825306287 2.4546884345297237 729.0424650553282 0.38774203766773785 233.4207066759798 0.7989809962140402 0.0 0.0 
34.00012405965272 3.144174213267397E-95 49.9763944628619 1.212976319265037 730.2117441975524 0.0 0.0 298.0 291.97339716769716 2.449701259690047 730.0109753876336 0.8757619944308652 527.2087206473864 1.8056738242648183 0.0 0.0 
35.00012253294915 3.144174213267397E-95 49.9763944628619 1.2121181733714022 729.6951403695846 0.0 0.0 298.0 292.90666846699514 2.4479830367742514 729.4989449587272 1.1287841488286814 679.5280575948675 2.3199473782941102 0.0 0.0 
36.00012405965272 3.144174213267397E-95 49.96751056022198 1.2074085528895535 726.8599488395115 0.0 0.0 298.0 292.73860633078823 2.438477058184902 726.6661633391006 1.1932525192361756 718.3380165801741 2.453854739502544 0.0 0.0 
37.00012405965272 3.144174213267397E-95 49.92311472967847 1.2082445385190017 727.3632121884384 0.0 0.0 298.0 292.8540950597597 2.4401983554519595 727.1791099246833 1.1968543558228184 720.5063222053278 2.460291094984694 0.0 0.0 
38.00012405965272 3.008161401641347E-95 49.843301613616184 1.208133816750831 727.2965576839999 0.0 0.0 298.0 289.32840492588383 2.4399936716397175 727.1181141486355 1.2029997972610456 724.2058779511544 2.5030583434650033 0.0 0.0 
39.00012405965272 3.008161401641347E-95 49.79016377048979 1.208871036175615 727.7403637777206 0.0 0.0 297.0 293.17587813733485 2.4496771745575865 727.5541208436033 1.1874291941086303 714.8323748533958 2.438237345429015 0.0 0.0 
40.00012405965272 3.9259004097928E-95 49.8178326576059 1.2098122836823486 728.3069947767738 0.0 0.0 298.0 291.269118184544 2.443412739941588 728.1369965025928 1.1712611772853845 705.0992287257983 2.4207826532404897 0.0 0.0 
41.00012405965272 3.9259004097928E-95 49.744543699437536 1.21189784397063 729.5625020703195 0.0 0.0 298.0 294.05672010911474 2.447630129751833 729.3937786660462 1.2099323463366485 728.3792724946666 2.4770026416141384 0.0 0.0 
42.00012405965272 3.673135763591717E-95 49.77550549144244 1.2134190206606439 730.4782504377084 0.0 0.0 297.0 292.9427361853134 2.4589254645018173 730.3008629570402 1.2155413048684123 731.7558655307932 2.497948490069028 2.460291094984694 720.5063222053278 
43.00012405965272 3.673135763591717E-95 49.69399577956815 1.2130888377633713 730.279480333549 0.0 0.0 297.0 293.9229487450711 2.4582734868561045 730.1072255962628 1.2047915827063045 725.2845327891996 2.4676008997795624 2.460291094984694 720.5063222053278 
44.00012405965272 5.474927655538325E-95 49.728241215314384 1.2143193855642016 731.0202701096487 0.0 0.0 297.0 291.34568744624914 2.460777166852257 730.85081855512 1.1787038144250819 709.579696283895 2.4355249686501934 2.460291094984694 720.5063222053278 
45.00012405965272 4.7931080447218796E-95 49.6564633855409 1.2137012168966979 730.6481325718115 0.0 0.0 297.0 291.1647282562813 2.4595415462211103 730.4838392276697 1.2003961574019548 722.6384867559864 2.481888830023136 2.460291094984694 720.5063222053278 
46.00012405965272 5.982543002904722E-95 49.6564633855409 1.2090073074551801 727.8223990880186 0.0 0.0 297.0 291.2787525170367 2.45003737181426 727.6610994288354 1.2042965120970712 724.986500282432 2.488978320655325 2.460291094984694 720.5063222053278 
47.00012405965272 5.982543002904722E-95 49.385748680096434 1.2073327056174845 726.8142887817262 0.0 0.0 297.0 288.02419936307035 2.446655693479538 726.6567409634231 1.189455631892348 716.0522903991928 2.486083780399887 2.460291094984694 720.5063222053278 
48.00012405965272 5.982543002904722E-95 49.385748680096434 1.2055158468810963 725.7205398224202 0.0 0.0 298.0 286.1106784870342 2.4348071901693498 725.5725426704663 1.18362683551504 712.5433549800548 2.490446559869821 2.460291094984694 720.5063222053278 
49.00012405965272 5.120894148296448E-95 49.38766927433229 1.2049272186630242 725.3661856351406 0.0 0.0 298.0 283.5564608491958 2.4336364004779263 725.2236473424218 1.1919735414161003 717.5680719324928 2.5306003248295514 2.4355249686501934 709.579696283895 
50.00012405965272 7.628280011290895E-95 49.30789038099617 1.2022261758663928 723.7401578715687 0.0 0.0 298.0 287.29265652788155 2.428191337144763 723.6010184691396 1.184275053296372 712.9335820844105 2.481558668086669 2.481888830023136 722.6384867559864 
51.000112668728555 1.1358833564081494E-94 49.13397659695685 1.2005118848945906 722.7081547065432 0.0 0.0 297.0 292.16464884444287 2.4328992009439463 722.5710626803518 1.2105723233370322 728.7645386488936 2.494362482015781 2.488978320655325 724.986500282432 
52.00002659346509 9.717560579324475E-95 49.109142920046835 1.2009551928999997 722.9750261257996 0.0 0.0 297.0 291.4551685433415 2.433809286539449 722.8413581022168 1.192891324637387 718.120577431697 2.4639143681025764 2.486083780399887 716.0522903991928 
53.00012405965272 9.717560579324475E-95 49.139436230916324 1.19935889871283 722.0140570251234 0.0 0.0 297.0 291.04867257608856 2.4305929622805373 721.8861097973194 1.184872664721591 713.2933441624004 2.450769961769624 2.490446559869821 712.5433549800548 
54.00012186571081 1.0161225572609197E-94 49.139436230916324 1.1973681305910475 720.8156146158105 0.0 0.0 297.0 291.78858497560657 2.426570751196129 720.6915131052505 1.1985169653768728 721.5072131568745 2.4727054117528016 2.490446559869821 712.5433549800548 
55.000063592314824 1.3247105318280176E-94 49.06823568124424 1.1943848885028994 719.0197028787455 0.0 0.0 298.0 293.684063909619 2.4124181460873424 718.9006075340282 1.2110094925568413 729.027714519222 2.482353672222336 2.490446559869821 712.5433549800548 
56.00012405965272 1.1602275983509329E-94 49.06823568124424 1.1938631454329378 718.7056135506288 0.0 0.0 298.0 291.2537128760927 2.4113802376055262 718.5913108064469 1.1769981506625673 708.5528866988723 2.4327685978729825 2.490446559869821 712.5433549800548 
57.00012405965272 1.7267071120312419E-94 49.06823568124424 1.196750793822693 720.4439778812607 0.0 0.0 297.0 293.333978730616 2.4253313801118144 720.3234198932088 1.2150365701887413 731.4520152536226 2.493580929215682 2.490446559869821 712.5433549800548 
58.00012405965272 1.2921540549983842E-94 49.06823568124424 1.194916325536531 719.3396279729908 0.0 0.0 297.0 291.7055599950803 2.4216261315938943 719.222961083386 1.2162002223169892 732.1525338348201 2.509902566982844 2.490446559869821 712.5433549800548 
59.00006310101483 1.2921540549983842E-94 49.06823568124424 1.1935380599978633 718.509912118714 0.0 0.0 297.0 296.4906703005889 2.4188349320898035 718.393974830672 1.2349451471320874 743.4369785735109 2.5074548815306663 2.490446559869821 712.5433549800548 
60.00012405965272 1.7550928243770173E-94 48.7118830486423 1.195093897608572 719.4465263603605 0.0 0.0 297.0 293.1143494851361 2.4220002344114455 719.3340696201993 1.2385490850164371 745.6065491798895 2.5437395012887265 2.490446559869821 712.5433549800548 
61.00012405965272 1.603891490882849E-94 48.4554697960049 1.1926769234204089 717.9915078990866 0.0 0.0 297.0 291.61465653432373 2.4171134206609413 717.8826859363 1.224310223243999 737.0347543928942 2.527426992703789 2.490446559869821 712.5433549800548 
62.000114578698785 1.955963396612832E-94 48.43555330802141 1.192982192642201 718.1752799706057 0.0 0.0 298.0 291.5582464269289 2.4097804638300495 718.1145782213551 1.195094181906856 719.4466975079271 2.467591660756667 2.490446559869821 712.5433549800548 
63.00012405965272 1.6404518905714877E-94 48.26391193749194 1.1919476656997063 717.5524947512232 0.0 0.0 297.0 294.9268393976018 2.4158103605204033 717.4956770745597 1.1826153025358968 711.9344121266059 2.4139356512305103 2.509902566982844 732.1525338348201 
64.00008809672357 1.6404518905714877E-94 48.11185252429546 1.1930559638245724 718.2196902223931 0.0 0.0 296.0 296.72651565536137 2.4260910820948807 718.122960300085 1.205943919121489 725.9782393111439 2.4466240831484876 2.5074548815306663 743.4369785735109 
65.00000619979015 1.36936828090025E-94 48.1506249088457 1.1890955120093831 715.8354982296489 0.0 0.0 297.0 294.9271076944662 2.4099129590461676 715.7441488367117 1.1844492909770719 713.0384731682 2.4176769600537433 2.5437395012887265 745.6065491798895 
66.00012405965272 1.36936828090025E-94 48.03280027195013 1.1894696455212168 716.060726603772 0.0 0.0 297.0 293.4635653379835 2.4106808293869038 715.9722063279105 1.174673502687283 707.1534486177385 2.4096805605265046 2.527426992703789 737.0347543928942 
67.00012405965272 1.25078549124577E-94 47.94322267652855 1.1908857819861742 716.9132407556768 0.0 0.0 297.0 293.29220494274614 2.4135579712012674 716.8267174467765 1.1744454998808112 707.0161909282425 2.4106204631870796 2.527426992703789 737.0347543928942 
68.00012405965272 1.2794532752927576E-94 47.94322267652855 1.188300691020812 715.3570159945286 0.0 0.0 296.0 289.20535851294534 2.4164575681855798 715.2714401829311 1.1922474672317454 717.7329752735092 2.4817416211234624 2.4139356512305103 711.9344121266059 
69.00012405965272 1.73406123394076E-94 47.96640083507592 1.1854636434710926 713.6491133695984 0.0 0.0 297.0 291.09972972851926 2.4025751144437955 713.5648089898074 1.1982733570823096 721.3605609635462 2.47805300828101 2.4466240831484876 725.9782393111439 
70.00006988174508 1.73406123394076E-94 47.819529190826145 1.187839145042794 715.0791653157614 0.0 0.0 297.0 287.2091485971278 2.407523492647577 715.0344773163299 1.1852659490838904 713.5301013485074 2.4843571482097384 2.4176769600537433 713.0384731682 
71.00012405965272 1.547530811430735E-94 47.84530554843279 1.189532389965136 716.0984987590119 0.0 0.0 297.0 290.0842513011214 2.4109628630037774 716.0559703121222 1.1947779079043561 719.2563005584276 2.479473798844064 2.4096805605265046 707.1534486177385 
72.00012405965272 1.4125777001175182E-94 47.766425887904134 1.1879708657073627 715.1584611558328 0.0 0.0 296.0 288.9149319004093 2.4159371807247347 715.1174054945219 1.1708726549142763 704.8653382583855 2.43969854248086 2.4106204631870796 707.0161909282425 
73.00012405965272 1.4785481636274025E-94 47.624664233338585 1.1861664574973585 714.07220741341 0.0 0.0 296.0 291.7263708991589 2.412272277150012 714.0325940364033 1.187517886768943 714.8857678348986 2.4505352931635147 2.4817416211234624 717.7329752735092 
74.00006166882882 2.3476401586034589E-94 47.337404850544154 1.187331300689022 714.7734430147912 0.0 0.0 296.0 292.47965037048573 2.4146457356147955 714.7351377419795 1.1665522267173645 702.2644404838591 2.4010711158683913 2.47805300828101 721.3605609635462 
75.00001313450903 2.3476401586034589E-94 46.96256444687255 1.1882293003060191 715.3140387842238 0.0 0.0 296.0 291.54014138844855 2.416476645927721 715.2770871946055 1.180288100075864 710.5334362456649 2.4371718860455274 2.4843571482097384 713.5301013485074 
76.00012405965272 2.6789117153635354E-94 46.31172772658101 1.1882070824632731 715.3006636428906 0.0 0.0 297.0 291.5628995320575 2.4083010013312047 715.2653973953682 1.1979153809258478 721.1450593173663 2.473377307177164 2.479473798844064 719.2563005584276 
77.00010846965097 2.3476401586034589E-94 46.45577492749145 1.190713375211753 716.8094518774752 0.0 0.0 297.0 289.2077863826146 2.4133840300613385 716.7750569282175 1.1885747597298144 715.5220053573493 2.4740758687967404 2.43969854248086 704.8653382583855 
78.00012405965272 2.3476401586034589E-94 46.679298675205935 1.1876023137922842 714.9365929029547 0.0 0.0 297.0 290.4625075398545 2.407082484018422 714.9034977534715 1.1704906261340662 704.6353569327076 2.425908124600295 2.4505352931635147 714.8857678348986 
79.00012405965272 3.056792584572769E-94 46.679298675205935 1.1896417895005886 716.1643572793547 0.0 0.0 296.0 288.76319189775637 2.4193651349556595 716.1320799468756 1.17936605508994 709.9783651641358 2.4586872048966715 2.4010711158683913 702.2644404838591 
80.00012405965272 5.179683578220078E-94 46.679298675205935 1.1866471938796646 714.361610715558 0.0 0.0 295.0 291.01668647200046 2.42145565545852 714.3294183602629 1.182946635863281 712.1338747896918 2.447055127398024 2.4371718860455274 710.5334362456649 
81.00012405965272 4.4140558876160045E-94 46.961520845870844 1.1839735306731933 712.7520654652621 0.0 0.0 296.0 291.96571643217646 2.4078383524507414 712.7201523254191 1.2053527230702175 725.6223392882619 2.485299809016528 2.473377307177164 721.1450593173663 
82.00012405965272 5.470995736642059E-94 46.961520845870844 1.1803102997723622 710.546800462962 0.0 0.0 296.0 288.8513503381942 2.4003895822798675 710.5153163548409 1.1529824394751995 694.0954285640653 2.402950264042046 2.4740758687967404 715.5220053573493 
83.00001811031588 5.470995736642059E-94 46.94273999395639 1.1822789818863852 711.7319470956039 0.0 0.0 296.0 290.5773650123263 2.4043949636749162 711.7009092477753 1.1681186200755536 703.2074092854873 2.4200350541951443 2.4740758687967404 715.5220053573493 
84.00012405965272 5.470995736642059E-94 46.90754613830638 1.1816619416841385 711.3604888938514 0.0 0.0 297.0 290.70078257568144 2.3950678492511903 711.3351512276037 1.1797517856055686 710.210574934557 2.443098256020896 2.4740758687967404 715.5220053573493 
85.00012405965272 5.470995736642059E-94 46.99936620122113 1.1806583349094297 710.7563176154767 0.0 0.0 296.0 289.0080279145457 2.40110888530999 710.7282300517571 1.147475902886668 690.7804935377752 2.3901775273246946 2.4740758687967404 715.5220053573493 
86.00012405965272 5.470995736642059E-94 46.95395543276613 1.1826656119138803 711.9646983721561 0.0 0.0 297.0 287.92446639798516 2.3970941653644156 711.9369671132315 1.1559628974758167 695.889664280439 2.4169174401405042 2.4740758687967404 715.5220053573493 
87.00012405965272 5.470995736642059E-94 46.95395543276613 1.1815855867538194 711.3145232257992 0.0 0.0 296.0 292.66667844491286 2.4029984447366126 711.2875396420372 1.1735486685962848 706.4762984949567 2.413928029828422 2.4740758687967404 715.5220053573493 
88.0001208176969 8.670651820910361E-94 46.90311619060722 1.1772488371603576 708.7037999705352 0.0 0.0 295.0 293.1914942463759 2.4022956162252354 708.6772067864446 1.1620890819159082 699.577627313368 2.386077498979203 2.4740758687967404 715.5220053573493 
89.00012405965272 8.670651820910361E-94 47.06808768998998 1.1787318871029742 709.5965960359899 0.0 0.0 295.0 292.14076919199124 2.4053250000174056 709.5708750051346 1.1998486831790294 722.3089072737695 2.472468698126406 2.4740758687967404 715.5220053573493 
90.00001877496668 8.670651820910361E-94 47.06808768998998 1.1781885127595926 709.2694846812743 0.0 0.0 296.0 291.27956003401954 2.396097945579468 709.2449918915223 1.1782566556291267 709.3105066887291 2.4351537286237535 2.4740758687967404 715.5220053573493 
91.00012405965272 8.670651820910361E-94 47.01503526807918 1.1770482306580357 708.5830348561373 0.0 0.0 297.0 296.22778793677435 2.385721332433906 708.5592357328696 1.1968210769414844 720.4862883187695 2.432203586763262 2.4169174401405042 695.889664280439 
92.0000500164168 1.6723800057835842E-93 46.98683470795233 1.1766106582132019 708.3196162443475 0.0 0.0 296.0 292.4001555315222 2.3928928103073543 708.2962718509768 1.202337849437421 723.8073853613251 2.4754001380252175 2.413928029828422 706.4762984949567 
93.00012405965272 1.4909099732980419E-93 47.01503526807918 1.1781432760293553 709.2422521696717 0.0 0.0 296.0 291.09693626632884 2.3960124285109896 709.2196788392529 1.184026849282889 712.7841632682948 2.4486144457946413 2.386077498979203 699.577627313368 
94.0000027616903 1.8446241479306768E-93 46.95656405828166 1.1742901599912186 706.922676314713 0.0 0.0 297.0 290.89015979386795 2.380136806065258 706.9006314013814 1.1801261837519446 710.4359626186778 2.4422825547695064 2.472468698126406 722.3089072737695 
95.0000351454001 2.351486696552023E-93 46.95656405828166 1.1740033233430829 706.7500006525353 0.0 0.0 296.0 291.3733614124939 2.3875945352492924 706.7279824337901 1.1739170067345048 706.6980380541734 2.4254037315844705 2.4351537286237535 709.3105066887291 
96.00012405965272 3.301660562877083E-93 46.95656405828166 1.1721218142138954 705.6173321567645 0.0 0.0 296.0 294.2348640755384 2.3837700727963806 705.5959415477282 1.1913600982385737 717.198779139619 2.4375044112906137 2.432203586763262 720.4862883187695 
97.00008907814538 2.7431097156960123E-93 46.971957899231434 1.1698085532503946 704.2247490567366 0.0 0.0 296.0 292.7084272158444 2.3790176371967267 704.1892206102306 1.171200876995241 705.0629279511418 2.408755137860194 2.4754001380252175 723.8073853613251 
98.00012405965272 2.386017225230976E-93 46.87185786705735 1.1668807312557463 702.4622002159591 0.0 0.0 296.0 293.9180715380114 2.3730657586482753 702.4274645598894 1.1706291253740837 704.7187334751937 2.3976706494689113 2.4486144457946413 712.7841632682948 
99.00012405965272 2.1235681534584606E-93 46.88982885677967 1.167539160800534 702.858574801921 0.0 0.0 296.0 295.23146754990285 2.374404589260265 702.8237584210383 1.173840003431878 706.6516820659965 2.393551364732323 2.4422825547695064 710.4359626186778 
100.00012405965272 1.97990282483941E-93 46.88982885677967 1.1677660257888454 702.9951475248849 0.0 0.0 296.0 294.86950447438613 2.374868177595958 702.9609805684037 1.1666735845274694 702.3374978855425 2.3818587111525162 2.4254037315844705 706.6980380541734 
101.00012405965272 2.074580316528656E-93 47.02339423940238 1.167611538469244 702.902146158485 0.0 0.0 296.0 292.1057438158769 2.3745565998981366 702.8687535698484 1.1575657299916653 696.8545694549887 2.3856243302570497 2.4375044112906137 717.198779139619 
102.0000976924717 3.2794494011556347E-93 46.92005648554671 1.166719337370612 702.3650410971087 0.0 0.0 297.0 291.52965814943724 2.364757113514034 702.332862713668 1.1591056000007975 697.7815712004746 2.393518298034685 2.408755137860194 705.0629279511418 
103.00012405965272 3.2794494011556347E-93 46.92005648554671 1.169263854961751 703.8968406869737 0.0 0.0 297.0 292.6215694779461 2.3699168223222773 703.8652962297161 1.1670058501770597 702.537521806588 2.4008398391819026 2.3976706494689113 704.7187334751937 
104.00012405965272 3.2794494011556347E-93 47.04116198882834 1.1699946707867177 704.3367918136038 0.0 0.0 297.0 292.70023259659786 2.371399968322897 704.3057905919001 1.1488909470497615 691.6323501239476 2.3629374803988 2.393551364732323 706.6516820659965 
105.00003740325832 2.7842880672505986E-93 46.92500941944447 1.1710764779071317 704.9880397000928 0.0 0.0 298.0 289.63730687999254 2.3656753023215127 704.9712400918105 1.121052704005209 674.8737278111453 2.3300649183662325 2.3818587111525162 702.3374978855425 
106.00001358545688 4.398943646587244E-93 47.35634360008051 1.1664540708303117 702.2053506398474 0.0 0.0 297.0 296.04596985873826 2.364227147975843 702.175462948825 1.1617325371772753 699.3629873807188 2.362345914434937 2.3856243302570497 696.8545694549887 
107.00012405965272 4.503167771699605E-93 47.25332422470487 1.1670583214429813 702.569109508674 0.0 0.0 297.0 291.50930493111684 2.3654524884021577 702.5393890554404 1.1421381896203717 687.5671901514628 2.35864577397944 2.393518298034685 697.7815712004746 
108.00012405965272 4.197536329917724E-93 47.54535590159431 1.1669392359384332 702.4974200349362 0.0 0.0 297.0 290.5624003858683 2.365215038397153 702.4688664039543 1.1410773812921438 686.9285835378644 2.364134460018295 2.4008398391819026 702.537521806588 
109.00012405965272 5.105649976368721E-93 47.45879658683162 1.1642448148637206 700.8753785479598 0.0 0.0 297.0 288.7612087998548 2.3597562119889153 700.8475949607077 1.1168213723507034 672.32646615513 2.328312964713798 2.3629374803988 691.6323501239476 
110.00009229949623 4.132562873794557E-93 47.34924068144971 1.1645022153459277 701.0303336382481 0.0 0.0 297.0 288.13207342765895 2.360280550083814 701.0033233748924 1.1366034013046589 684.2352475854094 2.3747278095272506 2.3300649183662325 674.8737278111453 
111.00012405965272 3.503682056465677E-93 47.07305625055231 1.1667928681365225 702.409306618187 0.0 0.0 297.0 292.09436480136185 2.364931614679406 702.3846895597837 1.167987086887321 703.1282263061587 2.4071954513203964 2.362345914434937 699.3629873807188 
112.00012405965272 3.503682056465677E-93 47.09188923917117 1.1585980190969978 697.4760074963931 0.0 0.0 297.0 291.0391662142688 2.348326452434718 697.4529563731114 1.1492109258607055 691.8249773681483 2.377085484291187 2.35864577397944 687.5671901514628 
113.00012405965272 3.421868181825906E-93 47.12067641118415 1.1583141407581834 697.3051127364259 0.0 0.0 297.0 288.3462009178544 2.347755154076454 697.2832807607067 1.130511028750738 680.5676393079381 2.3602448623965806 2.364134460018295 686.9285835378644 
114.00002076928783 3.421868181825906E-93 47.38713522955965 1.160730206658388 698.7595844083492 0.0 0.0 297.0 292.22525969939545 2.3526554638069728 698.7386727506707 1.1347267903786464 683.1055278079422 2.337599181229696 2.328312964713798 672.32646615513 
115.00012405965272 3.503682056465677E-93 47.376605925089954 1.1630969999796033 700.1843939877206 0.0 0.0 297.0 290.84234202515404 2.3574547471684895 700.164059909041 1.1591605771205091 697.8146674265389 2.3992884343029637 2.3747278095272506 684.2352475854094 
116.00012405965272 3.503682056465677E-93 47.3421388279142 1.1609730561797658 698.9057798202189 0.0 0.0 297.0 292.20690524771334 2.3531531013285734 698.8864710945863 1.1438288826815803 688.5849873743089 2.3564979985348837 2.4071954513203964 703.1282263061587 
117.00009256010534 3.503682056465677E-93 47.3421388279142 1.160893119989766 698.8576582338391 0.0 0.0 297.0 292.4369060914874 2.3529948881229164 698.8394817725061 1.1498557038207815 692.213133700109 2.367051214402992 2.377085484291187 691.8249773681483 
118.00012405965272 3.1129300837956483E-93 47.14136169152573 1.1606510581593341 698.7119370119184 0.0 0.0 297.0 293.1042582553614 2.3525074647534754 698.6947170317818 1.1454773713759645 689.5773775683235 2.3526692572563808 2.3602448623965806 680.5676393079381 
119.00012405965272 3.263818291289913E-93 46.70342254421241 1.1587721257784513 697.5808197186278 0.0 0.0 297.0 295.13733896109665 2.348700231424419 697.5639687330528 1.1609030322670506 698.8636254247634 2.3679268366544557 2.337599181229696 683.1055278079422 
120.00012405965272 3.263818291289913E-93 46.46661587317075 1.1596743339977564 698.1239490666492 0.0 0.0 297.0 289.14844126825574 2.3505313561207624 698.107812767866 1.1307283793417486 680.6984843637277 2.3541488979780243 2.3992884343029637 697.8146674265389 
121.00012405965272 2.636751758317285E-93 46.561194114070055 1.153891743642766 694.6428296729449 0.0 0.0 297.0 293.4127290364856 2.3388123365562783 694.6272639572146 1.148535563682645 691.4184093369613 2.3564703944762537 2.3564979985348837 688.5849873743089 
122.00002493694728 3.8998877277441995E-93 46.50974657167346 1.1542947175799254 694.8854199831151 0.0 0.0 298.0 288.41802778632007 2.331779573833413 694.8703130023573 1.1465517691666043 690.2241650382878 2.3931380792522905 2.367051214402992 692.213133700109 
123.00012405965272 5.765822212753781E-93 46.46661587317075 1.1509803253158744 692.8901558401569 0.0 0.0 299.0 292.26878212785107 2.3173086400849727 692.8752833854072 1.1492977488904315 691.8772448320449 2.3672635845500176 2.3679268366544557 698.8636254247634 
124.00012405965272 8.5211198070483E-93 46.84998943628118 1.1488589169736376 691.6130680181303 0.0 0.0 299.0 292.6603870979873 2.3130378973119985 691.5983312962882 1.1395375159390646 686.0015845953216 2.3440192620453186 2.3992884343029637 697.8146674265389 
125.00012405965272 8.5211198070483E-93 47.1528865440765 1.1448288666086404 689.186977698402 0.0 0.0 299.0 295.21050885656575 2.3049253615660685 689.172683108255 1.1651399850443904 701.4142709967284 2.3759800208790174 2.3992884343029637 697.8146674265389 
126.00012405965272 9.705171386622598E-93 47.12486510207274 1.1450660456750117 689.3297594963575 0.0 0.0 299.0 295.4954721673182 2.3054061278299574 689.3164322211578 1.143757177895089 688.5418210928428 2.3301264687499854 2.3992884343029637 697.8146674265389 
127.00007295333279 1.0983844844052245E-92 47.12486510207274 1.1453499345634495 689.5006606071964 0.0 0.0 299.0 294.30850855276617 2.3059792747586463 689.4878031528352 1.1214667299543908 675.1229714325448 2.293929505308552 2.3992884343029637 697.8146674265389 
128.0001240596527 9.64443532134638E-93 47.12486510207274 1.1420516135147087 687.5150713358548 0.0 0.0 299.0 293.95029941586216 2.299339035838292 687.5023717156495 1.122956733688509 676.019953680483 2.2997763738423447 0.0 0.0 
129.0001240596527 9.64443532134638E-93 47.18040041868815 1.1436192401727467 688.4587825839932 0.0 0.0 299.0 295.0755565957429 2.3024958189864617 688.4462498769519 1.1399356830432374 686.2412811920234 2.325645977285005 0.0 0.0 
130.0001240596527 1.1721574268225553E-92 47.18040041868815 1.1421055166031764 687.5475209951114 0.0 0.0 300.0 293.792054543648 2.2917836657461907 687.5350997238568 1.1130560376936796 670.0597346915993 2.280727896921562 0.0 0.0 
131.0001240596527 1.8470204684346956E-92 47.405040418266665 1.141527887089892 687.1997880281149 0.0 0.0 299.0 291.5212913262508 2.2982877541608357 687.1880384940897 1.1262535106668046 678.0046134214198 2.32574646721993 0.0 0.0 
132.000097042297 1.5632693083171384E-92 47.53162256057587 1.1418052215634176 687.3667433811768 0.0 0.0 299.0 294.7056726277972 2.2988472404418445 687.3553248921112 1.1313474350887651 681.071155923432 2.311021534979412 0.0 0.0 
133.0001240596527 1.3872274522369714E-92 47.65563032820809 1.1399378749127105 686.2426006974515 0.0 0.0 299.0 296.06394033530523 2.295089352918563 686.2317165226499 1.1322618945239011 681.6216605033891 2.302278554191446 0.0 0.0 
134.0001240596527 2.7179840563743783E-92 47.60561817734754 1.1398374219879959 686.1821280367739 0.0 0.0 299.0 295.1572020596375 2.2948890472547028 686.1718251291562 1.1208175599175056 674.7321710703319 2.286009510735232 0.0 0.0 
135.0000995593258 3.301159541856547E-92 47.60561817734754 1.1371092601945332 684.5397746371091 0.0 0.0 300.0 296.9314556648723 2.2817650312220223 684.5295093666066 1.1316215307042445 681.2361614839572 2.294253938029473 0.0 0.0 
136.0001240596527 3.301159541856547E-92 48.029598192064185 1.1377762643282556 684.9413111256093 0.0 0.0 300.0 287.77344777416846 2.283104509170939 684.9313527512815 1.1082507037179594 667.1669236382204 2.3183755443684393 0.0 0.0 
137.0001240596527 2.6800187295736415E-92 48.35946168706939 1.1385923305420362 685.4325829863059 0.0 0.0 300.0 296.7234590193611 2.2847421082215105 685.4226324664528 1.139047551283216 685.7066258725037 2.3109282566962848 2.302278554191446 681.6216605033891 
138.0001240596527 2.3768973561091693E-92 48.35946168706939 1.140579356658048 686.628772708144 0.0 0.0 300.0 296.0376987213809 2.2887301819059065 686.6190545717715 1.130619657529039 680.6330338324789 2.2991431049903683 2.286009510735232 674.7321710703319 
139.0001240596527 2.3768973561091693E-92 48.54924098726035 1.1421468622187714 687.5724110556998 0.0 0.0 300.0 296.0206016859124 2.291877680801443 687.5633042404327 1.1246999839559602 677.0693903414842 2.2872373966048385 2.294253938029473 681.2361614839572 
140.0001240596527 2.6857571264112142E-92 48.61266611204569 1.1418574091997933 687.3981603382759 0.0 0.0 300.0 294.1192541275414 2.291298296378402 687.3894889135211 1.109715594966995 668.0487881701346 2.2713534690266926 2.3183755443684393 667.1669236382204 
141.0000177279038 3.479525748546364E-92 48.57568054866883 1.1411798386855405 686.9902628886948 0.0 0.0 300.0 290.4021238425458 2.289939681210625 686.9819043631874 1.118607091427547 673.4014690393851 2.3188586231018724 2.3109282566962848 685.7066258725037 
142.0001240596527 3.479525748546364E-92 48.60726500485469 1.1422826958127623 687.6541828792831 0.0 0.0 299.0 295.4885316848326 2.2998204180470365 687.6463049960643 1.1298587481231588 680.1749663701465 2.301865871043752 2.2713534690266926 668.0487881701346 
143.0001240596527 3.1599002159292784E-92 48.63400635379873 1.1406772500476232 686.6877045286692 0.0 0.0 300.0 296.9253029722794 2.2889334414213307 686.680032426399 1.1407469205574234 686.729646175565 2.3128027126730837 2.2872373966048385 677.0693903414842 
144.0001240596527 3.6841727356924954E-92 48.62563121836861 1.1402086149909219 686.4055862245347 0.0 0.0 299.0 288.8674318298105 2.295645282245848 686.3979393915087 1.1144419066642515 670.8940278118719 2.322497983113363 2.301865871043752 680.1749663701465 
145.0001240596527 3.6841727356924954E-92 48.92152334623484 1.1422542951645835 687.6370856890795 0.0 0.0 299.0 290.66425655503537 2.2997645032740275 687.6295864789346 1.121399515120694 675.0825081026619 2.32255082239477 2.301865871043752 680.1749663701465 
146.0001240596527 3.345302478538436E-92 48.90277368961276 1.1436464048001052 688.4751356896634 0.0 0.0 300.0 292.48925957174936 2.2948920845241876 688.4676253572559 1.127119966047823 678.5262195607919 2.3198329420856747 2.301865871043752 680.1749663701465 
147.0001240596527 3.9336081790050944E-92 48.907120796028835 1.1443393692129762 688.892300266212 0.0 0.0 300.0 296.9295032573511 2.2962824825466353 688.8847447639905 1.1359131357223868 683.8197077048737 2.3029698975793655 2.301865871043752 680.1749663701465 
148.0001240596527 3.1374223683430216E-92 48.90277368960793 1.1451592603637337 689.3858747389677 0.0 0.0 301.0 297.4651805325942 2.290295233394795 689.3788652518332 1.1410769440775939 686.9283203347096 2.3092730352668642 2.3198329420856747 678.5262195607919 
149.00010969341412 4.623729178232427E-92 49.24766199551159 1.14672942890395 690.3311162001775 0.0 0.0 301.0 298.2435038582035 2.293437016400883 690.3245419366652 1.1520288755191639 693.5213830625378 2.32535285459986 2.3198329420856747 678.5262195607919 
150.00005020965443 6.385709940033812E-92 49.24766199551159 1.1479343361678616 691.0564703730515 0.0 0.0 301.0 293.8859513859535 2.2958477236780928 691.0501648271053 1.1455264702327452 689.6069350801183 2.34651208003636 2.3198329420856747 678.5262195607919 
151.00004382809703 6.542310887366411E-92 49.319944894254675 1.1469400284953222 690.4578971541837 0.0 0.0 300.0 294.7840428790829 2.3015058878434953 690.4517663530484 1.1397905858169566 686.153932661811 2.3276495089771996 2.3198329420856747 678.5262195607919 
152.00006958819577 1.0276187635265923E-91 49.319944894254675 1.1477504799120282 690.9457889070411 0.0 0.0 300.0 295.97570885679795 2.3031326230152884 690.9397869045869 1.1371454957670195 684.56158845174 2.312897876301571 2.3198329420856747 678.5262195607919 
153.0001240596527 1.956887805122929E-91 49.32405506091484 1.1506884413903065 692.714441716965 0.0 0.0 300.0 291.54513563701613 2.309028802184759 692.7086406554281 1.1327411040534494 681.910144640176 2.3389522282723934 2.3198329420856747 678.5262195607919 
154.0001240596527 1.6253842442129757E-91 49.32405506091484 1.1538526613767526 694.619302148805 0.0 0.0 300.0 283.6049107063365 2.3153791175722644 694.6137352716792 1.080176073801185 650.265996428315 2.2928587336826616 2.3198329420856747 678.5262195607919 
155.0000262565972 1.706215191262796E-91 49.32405506091484 1.1504750058365658 692.5859535136123 0.0 0.0 300.0 289.9596326379654 2.3086025496658853 692.5807648997649 1.1402686205849006 686.441709592114 2.3673699105874637 2.3198329420856747 678.5262195607919 
156.00001714794757 2.2070468541297226E-91 49.29118331600721 1.1532781454173502 694.2734435412443 0.0 0.0 300.0 291.7618776086561 2.3142275412633997 694.2682623790198 1.1324335205031637 681.7249793429035 2.3365800389361002 2.3198329420856747 678.5262195607919 
157.0001240596527 2.85438199835433E-91 49.44944246121356 1.1567548394399754 696.3664133428655 0.0 0.0 300.0 291.4191748649009 2.3212052275553243 696.3615682665975 1.115010945346706 671.2365890987244 2.3033370724829725 2.3198329420856747 678.5262195607919 
158.0001240596527 2.428954486819232E-91 49.44944246121356 1.1560195679967915 695.923779934069 0.0 0.0 301.0 291.5412289865402 2.3120235933536244 695.9191015994413 1.12544582528816 677.5183868234717 2.323919636267813 2.3673699105874637 686.441709592114 
159.0001240596527 2.488687235552878E-91 49.42719521811224 1.1558040648552093 695.7940470428359 0.0 0.0 300.0 293.9527535719332 2.319297843901488 695.7893531704461 1.1360815288330481 683.9210803575004 2.326636073474093 2.3365800389361002 681.7249793429035 
160.0001240596527 3.017932587999349E-91 49.53853161385587 1.1564957308473527 696.2104299701064 0.0 0.0 300.0 290.0639393443986 2.320686329519818 696.2058988559454 1.1281223397978442 679.1296485583 2.3413101611088445 2.3033370724829725 671.2365890987244 
161.00000253434862 2.762169627958771E-91 49.55917696945864 1.15285579320015 694.0191875064903 0.0 0.0 301.0 294.67657734220745 2.3056971863879956 694.0148531027868 1.1456324039490444 689.6707071773277 2.3404327327190795 2.323919636267813 677.5183868234717 
162.0001240596527 2.830096789724009E-91 49.49974162544079 1.155468567289052 695.5920775080092 0.0 0.0 301.0 288.36607438088544 2.310923455611932 695.5879601391919 1.124282003992569 676.8177664035245 2.347078337341294 2.326636073474093 683.9210803575004 
163.00007188153054 3.6593615418747104E-91 49.47912102940602 1.1551798008444931 695.4182401083849 0.0 0.0 301.0 295.8202506692752 2.310346311933876 695.4142398920966 1.135856765836105 683.7857730333425 2.3114907498263526 2.3413101611088445 679.1296485583 
164.0000766029874 4.730773359647694E-91 49.53935726292174 1.155780788203292 695.7800344983816 0.0 0.0 301.0 299.2590452022583 2.311549238967656 695.7763209292644 1.1510454874896494 692.9293834687759 2.3154835069411193 2.3404327327190795 689.6707071773277 
165.0001240596527 4.436675598117858E-91 49.44504715058533 1.15679125379237 696.3883347830066 0.0 0.0 301.0 295.6442967411414 2.3135707755117982 696.3848034290515 1.1529055255039522 694.04912635337 2.3475816513418546 2.3404327327190795 689.6707071773277 
166.0001240596527 4.8050185945380565E-91 49.34296623973174 1.159492014108142 698.0141924931011 0.0 0.0 300.0 291.50720471057855 2.326702140782139 698.0106422346416 1.1442406375269256 688.8328637912163 2.3630045935746957 2.3404327327190795 689.6707071773277 
167.0001240596527 7.060111978096469E-91 49.1765778346151 1.1583002555531496 697.2967538429953 0.0 0.0 301.0 296.49131788667603 2.3165890049782623 697.2932904984563 1.1458950152039902 689.8287991528011 2.3266408071229434 2.3404327327190795 689.6707071773277 
168.00010329102017 8.611750252057265E-91 49.271470785350886 1.1596821824340104 698.128673825274 0.0 0.0 300.0 290.88432350987057 2.327084499056411 698.1253497169231 1.1358966674578928 683.8097938096522 2.3507963081635386 2.3404327327190795 689.6707071773277 
169.0001240596527 8.077460908384561E-91 49.047794841919874 1.1605583848601198 698.6561476857918 0.0 0.0 301.0 292.33814164241653 2.321105929257038 698.6528847063686 1.1345473045120391 682.9974773162489 2.336326944814751 2.3404327327190795 689.6707071773277 
170.0001240596527 8.480663503874305E-91 49.06441941135679 1.1622991120003316 699.7040654241995 0.0 0.0 302.0 295.90267409033567 2.3168904308019354 699.7009101021844 1.1459284489738368 689.8489262822575 2.331337249326968 2.3404327327190795 689.6707071773277 
171.00006509609952 7.326676654187555E-91 49.03063111759625 1.1620666244198785 699.5641079007664 0.0 0.0 302.0 298.5337973358762 2.3164272869636684 699.5610406630274 1.165023536575236 701.3441690182866 2.3492957088179 2.3404327327190795 689.6707071773277 
172.0001240596527 7.326676654187555E-91 48.82703310440862 1.162552568832396 699.8566464371023 0.0 0.0 302.0 294.514524185743 2.317396173721968 699.8536444640341 1.1495075750223573 692.0035601634671 2.349641540011241 2.3404327327190795 689.6707071773277 
173.0001240596527 1.3034139405632813E-90 48.70565914996922 1.1622575302794433 699.6790332282242 0.0 0.0 301.0 297.8015922112296 2.32450523544961 699.6760758703319 1.1525630796207933 693.8429739317168 2.329883358849124 2.3404327327190795 689.6707071773277 
174.0001240596527 1.1468896168978418E-90 48.56299855433657 1.16238123624346 699.7535042185623 0.0 0.0 301.0 300.3301473842037 2.324752902288766 699.750623588918 1.1692553580621223 703.8917255534029 2.343726501265737 2.3492957088179 701.3441690182866 
175.00008236628926 1.3894902183178039E-90 48.64913928727256 1.1629514496187385 700.0967726704802 0.0 0.0 301.0 298.5168600294733 2.325893357976612 700.0939007509601 1.1537865855939746 694.5795245275707 2.3267681579492465 2.349641540011241 692.0035601634671 
176.0001240596527 9.904329883632895E-91 48.612666111985234 1.1636683230198104 700.5283304579253 0.0 0.0 300.0 298.89257586316245 2.335084970329645 700.5254910988931 1.151295183124866 693.0797002411682 2.318825411570178 2.329883358849124 693.8429739317168 
177.0001240596527 1.3973941107075898E-90 48.64859874431984 1.1636317055216607 700.5062867240392 0.0 0.0 301.0 298.3969624859467 2.327254760413261 700.5036828843909 1.150321956806311 692.4938179974013 2.320713361919745 2.343726501265737 703.8917255534029 
178.0001240596527 1.3973941107075898E-90 48.660221742218035 1.1667414270006933 702.3783390544174 0.0 0.0 301.0 298.4167329910478 2.3334745253911415 702.3758321427335 1.1558261400778505 695.8073363268628 2.3316632728759763 2.3267681579492465 694.5795245275707 
179.00000464263232 1.3973941107075898E-90 48.64913928728888 1.1627468925113973 699.9736292918603 0.0 0.0 301.0 298.07697105626977 2.3254857637614714 699.9712148922026 1.1544356068105046 694.9702352999223 2.3315126721706005 2.318825411570178 693.0797002411682 
180.0000901079425 1.1485729559257537E-90 48.715401256001215 1.1629689201314135 700.1072899191108 0.0 0.0 300.0 298.7631696084622 2.3336833017936778 700.1049905381032 1.1616468690499793 699.3114151680801 2.3406881647578848 2.320713361919745 692.4938179974013 
181.0001240596527 9.433860113924656E-91 48.707553295810804 1.1647251551476459 701.1645433988836 0.0 0.0 300.0 297.5143163809807 2.3372076914128637 701.1623074238593 1.146842380414604 690.3991130095907 2.32055761688289 2.3316632728759763 695.8073363268628 
182.0001240596527 1.3442135927227562E-90 48.707553295810804 1.165820706541474 701.8240653379675 0.0 0.0 300.0 297.31533193240165 2.339406290665991 701.8218871997973 1.1520052024409049 693.5071318694306 2.3325643092873127 2.3315126721706005 694.9702352999223 
183.0001240596527 2.712287801665013E-90 48.75330575133784 1.16525112927767 701.4811798251571 0.0 0.0 300.0 297.0776461877763 2.338263769953115 701.4791309859346 1.1582101162309004 697.2424899710004 2.347004222358382 2.3406881647578848 699.3114151680801 
184.0001240596527 3.730086317773922E-90 48.772540015067534 1.1671727058074581 702.6379688960897 0.0 0.0 300.0 293.94386625850933 2.342120109651932 702.6360328955792 1.1426755339635362 687.890671446045 2.340211007638712 2.32055761688289 690.3991130095907 
185.0001240596527 4.534222375337555E-90 48.772540015067534 1.1683764069742073 703.3625969984731 0.0 0.0 301.0 294.85945752839444 2.336746770114962 703.3607778046037 1.1501308135808757 692.3787497756826 2.348165310956688 2.3325643092873127 693.5071318694306 
186.00009886393852 5.726971920880248E-90 48.772540015067534 1.1728962228371507 706.0835261479647 0.0 0.0 299.0 295.5746365567527 2.3614774269229333 706.0817506499568 1.1793616258959907 709.97569878939 2.402018343184426 2.347004222358382 697.2424899710004 
187.00011170371926 5.726971920880248E-90 49.02926917447006 1.1723571915500084 705.759029313105 0.0 0.0 299.0 295.66866941395347 2.360392517487148 705.7573627286573 1.1646137577431213 701.0974821613661 2.3712268315442935 2.340211007638712 687.890671446045 
188.0001240596527 5.187278328347752E-90 49.02926917447006 1.1731871631362878 706.2586722080453 0.0 0.0 299.0 295.26008849746614 2.3620637151621575 706.2570508334848 1.1628596980193269 700.0415382076424 2.370931817334499 2.348165310956688 692.3787497756826 
189.0001240596527 5.317324502612539E-90 48.92043621330617 1.1744890950399347 707.0424352140398 0.0 0.0 299.0 282.1945550310241 2.364685104262551 707.0408461745023 1.1030775013987753 664.0526558420596 2.353173170790112 2.402018343184426 709.97569878939 
190.0001240596527 4.815592799199666E-90 48.840055382828965 1.1730571009556907 706.1803747753252 0.0 0.0 299.0 294.19525120129066 2.361802176814292 706.1788508674732 1.1619425737433553 699.4894293934915 2.37763671078054 2.3712268315442935 701.0974821613661 
191.00005948918633 8.005476095095458E-90 48.65373414520124 1.1703071577361788 704.52490895718 0.0 0.0 299.0 292.90264359785755 2.3562657433498053 704.5234572615921 1.164795769712183 701.2070533667339 2.393993597167598 2.370931817334499 700.0415382076424 
192.0001240596527 7.512973866912231E-90 48.83761344107205 1.1697605941418387 704.1958776733868 0.0 0.0 299.0 291.9704143616892 2.355165421305056 704.1944609702118 1.1632875283420945 700.2990920619361 2.3985275822995358 2.353173170790112 664.0526558420596 
193.0001240596527 7.512973866912231E-90 48.83761344107205 1.1702300732053017 704.4785040695913 0.0 0.0 300.0 281.4406079195914 2.3482572240231243 704.4771672069364 1.118927489354213 673.5943485912287 2.3933800938337835 2.37763671078054 699.4894293934915 
194.0001240596527 7.512973866912231E-90 48.83761344107205 1.1719707954506529 705.5264188612928 0.0 0.0 300.0 294.50341280368053 2.351750469618103 705.5251408854307 1.1705464694710628 704.6689746215895 2.392736192470986 2.3985275822995358 700.2990920619361 
195.0001240596527 7.512973866912231E-90 48.83761344107205 1.1694950112514924 704.0359967733976 0.0 0.0 300.0 297.1978592009218 2.3467824299972113 704.0347289991624 1.1810449725360004 710.9890734666715 2.3923088658118647 2.3985275822995358 700.2990920619361 
196.0001240596527 7.701582439591863E-90 48.83761344107205 1.170679228268614 704.7488954177053 0.0 0.0 300.0 297.5871465472179 2.3491587593939616 704.7476278181883 1.1677796978376107 703.0033780982461 2.362344564457528 2.3933800938337835 673.5943485912287 
197.0001240596527 9.343711938456722E-90 48.908479345912845 1.1675514697306337 702.8659847778415 0.0 0.0 300.0 297.88363036948743 2.342882536191861 702.8647608575582 1.1731760621943905 706.2519894410273 2.370898959989879 2.392736192470986 704.6689746215895 
198.0001240596527 1.0607595104052213E-89 48.84005538281162 1.167527602700871 702.8516168259243 0.0 0.0 299.0 297.976551122139 2.350670280412886 702.8504138434524 1.1750569548032328 707.3842867915471 2.3739595754351623 2.3923088658118647 710.9890734666715 
199.0001240596527 8.69248755173033E-90 48.93783323882165 1.1685795137504733 703.4848672777849 0.0 0.0 299.0 297.1781437908862 2.3527882374384808 703.4836829941058 1.1583722906093963 697.3401189468458 2.3465390491083338 2.362344564457528 703.0033780982461 
200.0001240596527 7.672585086363087E-90 48.95306071102766 1.171582084900609 705.2924151101663 0.0 0.0 299.0 288.87460310667313 2.3588336470319975 705.2912604625673 1.1408015187206915 686.762514269854 2.377372420019396 2.370898959989879 706.2519894410273 
201.0000447414981 8.60939111179239E-90 48.95306071102766 1.1677563293038282 702.9893102409043 0.0 0.0 299.0 295.2632850627249 2.351131177518975 702.9882220781733 1.1588728766179517 697.6414717240069 2.3627775853533635 2.3739595754351623 707.3842867915471 
202.0001240596527 9.658647201814414E-90 48.99632168543111 1.171474706268231 705.2277731734756 0.0 0.0 299.0 296.58595477176516 2.3586179143885597 705.2267564021796 1.16963267287308 704.1188690696025 2.374080288500008 2.3465390491083338 697.3401189468458 
203.00003676502538 8.408775134812954E-90 48.982441360770196 1.174423936550759 707.0032098035575 0.0 0.0 300.0 291.505983046884 2.3566742246973806 707.0022674092145 1.17038926512343 704.5743376042959 2.417015013688335 2.377372420019396 686.762514269854 
204.0000393027332 8.841277456898662E-90 48.79340828699282 1.1721771120862041 705.6506214758948 0.0 0.0 300.0 287.29079868460434 2.352165681382298 705.6497044146895 1.1395120796544327 685.9862719519658 2.387776688612503 2.3627775853533635 697.6414717240069 
205.0001240596527 7.798716374837843E-90 48.79340828699282 1.1721701013336978 705.6464010028861 0.0 0.0 300.0 288.4523921486481 2.3521516800707625 705.6455040212288 1.1356585342251269 683.6664376035295 2.3701188002324347 2.374080288500008 704.1188690696025 
206.0001240596527 1.4498299619696987E-89 48.87887150999876 1.1707402765032848 704.7856464549772 0.0 0.0 300.0 293.3275971863115 2.349282544173374 704.7847632520122 1.1628504664174093 700.0359807832858 2.386532966888374 2.417015013688335 704.5743376042959 
207.0001240596527 1.3112192022552458E-89 48.949797282430104 1.1704995399959848 704.6407230775819 0.0 0.0 300.0 295.7113987728492 2.348799610828369 704.6398832485098 1.1679074585613844 703.0802900539592 2.3775894097137273 2.387776688612503 685.9862719519658 
208.0001240596527 1.916225552393221E-89 48.923697684401034 1.1715578323156532 705.2778150540232 0.0 0.0 300.0 296.1136448163267 2.350923323472199 705.2769970416593 1.1648485891576685 701.23885067292 2.3681409585427384 2.3701188002324347 683.6664376035295 
209.00003275003047 1.6896075481275184E-89 48.78690293300983 1.1776438352807024 708.9415888389818 0.0 0.0 300.0 294.676225547997 2.3631360043365115 708.9408013009528 1.1728592502842865 706.0612686711407 2.3960577999060098 2.386532966888374 700.0359807832858 
210.00002573457738 1.91721585802607E-89 48.64184246356792 1.1765338973632993 708.2734062127057 0.0 0.0 300.0 294.98807937474396 2.360908751055985 708.2726253167953 1.1663701837922589 702.1548506429333 2.380282118962973 2.3775894097137273 703.0802900539592 
211.0001240596527 1.9661326748280463E-89 48.64184246356792 1.171820026786076 705.4356561252177 0.0 0.0 300.0 288.7190581798888 2.351449649359205 705.4348948077612 1.1596092234234452 698.0847525009139 2.4178686259982407 2.3681409585427384 701.23885067292 
212.0001240596527 1.5865341187856685E-89 48.667791698719405 1.1746056921571437 707.1126266786002 0.0 0.0 300.0 292.9749943285146 2.357039657100759 707.1118971302275 1.1620302514265126 699.5422113587584 2.387719856304042 2.3681409585427384 701.23885067292 
213.0001240596527 1.917343676590592E-89 48.567315457104165 1.1751429095590504 707.4360315545488 0.0 0.0 300.0 293.8812975550636 2.3581178169546884 707.4353450864068 1.154848618637856 695.2188684199896 2.3656451574286677 2.380282118962973 702.1548506429333 
214.0001240596527 1.732572664310156E-89 48.567315457104165 1.1707039016345966 704.7637487840267 0.0 0.0 300.0 293.8870967427757 2.3492102004300652 704.7630601290192 1.1715506945587084 705.2735181243472 2.3998111041317234 2.4178686259982407 698.0847525009139 
215.00001234852513 1.732572664310156E-89 48.58026846821148 1.1709840673492304 704.9324085442363 0.0 0.0 300.0 290.92195676460625 2.349772527734841 704.931758320452 1.156334925119633 696.1136249220142 2.3927847614652915 2.387719856304042 699.5422113587584 
216.0001240596527 2.5949244252108516E-89 48.57945880381686 1.172284381709269 705.7151977889803 0.0 0.0 300.0 287.0873451300032 2.352381889161446 705.7145667484339 1.1347480116876592 683.1183030359657 2.3794789795650026 2.3656451574286677 695.2188684199896 
217.0001240596527 3.556410811929621E-89 48.580538359341155 1.1742105977860406 706.8747798671968 0.0 0.0 301.0 294.83091528923995 2.3484191622935406 706.8741678503552 1.1563374476058361 696.1151434587081 2.36106563918439 2.3998111041317234 705.2735181243472 
218.00011260707822 3.054100673574461E-89 48.56731545709074 1.1765675974315386 708.2936936537866 0.0 0.0 300.0 292.8042065885437 2.3609770465162736 708.2931139548813 1.1424063821404757 687.7286420485732 2.348766262825547 2.3927847614652915 696.1136249220142 
219.0001240596527 3.929219188383311E-89 48.527668340915774 1.174561151160256 707.0858129984745 0.0 0.0 300.0 281.64148924095684 2.356950834795191 707.085250438557 1.1306780491103536 680.6681855644244 2.4167894701837858 2.3927847614652915 696.1136249220142 
220.0001240596527 3.689417196188241E-89 48.48320502705218 1.1734465150626856 706.4148020677366 0.0 0.0 301.0 293.9803702861546 2.346891305501838 706.4142829560537 1.1578347269879157 697.01650564673 2.370962744785538 2.3927847614652915 696.1136249220142 
221.00012264862747 6.1039443122961196E-89 48.48320502705218 1.174848315692635 707.2586860469662 0.0 0.0 301.0 296.84286655355163 2.349695019086236 707.2582007449572 1.1523434406169875 693.7107512514276 2.3369628494214782 2.3927847614652915 696.1136249220142 
222.0001240596527 6.1039443122961196E-89 48.41214844724882 1.172988373258912 706.1390007018655 0.0 0.0 301.0 296.85633321089495 2.3459752265574836 706.1385431938029 1.1603523810913583 698.5321334169937 2.353098301327926 2.3927847614652915 696.1136249220142 
223.0001240596527 5.731863674185527E-89 47.83998969887078 1.1716738230343777 705.3476414666958 0.0 0.0 301.0 295.6471329645041 2.34334617501653 705.3471986799759 1.1681455185622764 703.2236021744865 2.3785909747310714 2.3927847614652915 696.1136249220142 
224.0001240596527 6.50010612750886E-89 47.83998969887078 1.1718367048084903 705.4456962947112 0.0 0.0 301.0 298.11866189995294 2.3436720610156 705.4452903656957 1.177821034528464 709.0482627861381 2.3784095174293083 2.3927847614652915 696.1136249220142 
225.0001240596527 6.50010612750886E-89 47.77014119889836 1.1726501301602694 705.9353783564821 0.0 0.0 301.0 299.2060441564512 2.345298931658629 705.934978429247 1.1779831417889275 709.1458513569285 2.370091999164712 2.3785909747310714 703.2236021744865 
226.0001240596527 6.50010612750886E-89 47.693770086149016 1.1717830580024973 705.4134009175036 0.0 0.0 301.0 301.0806894426062 2.343564815713612 705.4130095297971 1.164313998181057 700.9170269050018 2.328003925468009 2.3369628494214782 693.7107512514276 
227.0001240596527 5.731863674185527E-89 47.55803635386661 1.1739496880755982 706.7177122215107 0.0 0.0 300.0 298.0940422848118 2.3557244692300485 706.7173407690148 1.1651185745324295 701.401381868525 2.3529533716691198 2.370091999164712 709.1458513569285 
228.0001240596527 7.370988613443731E-89 47.55803635386661 1.1752687431617568 707.5117833833773 0.0 0.0 300.0 297.5319548561616 2.3583714178356714 707.5114253507016 1.1714976536806492 705.2415875157589 2.370305360500521 2.370091999164712 709.1458513569285 
229.0001240596527 9.477164525072845E-89 47.603766883454284 1.1756543514532605 707.7439195748631 0.0 0.0 300.0 296.21164958364835 2.359145289485684 707.7435868457052 1.1658514415438972 701.8425678094237 2.3693955615720226 2.370091999164712 709.1458513569285 
230.0001240596527 9.477164525072845E-89 47.603766883454284 1.1762418681284672 708.0976046133369 0.0 0.0 300.0 298.1824070056584 2.3603242389197385 708.0972716759209 1.1914952340655942 717.2801309074941 2.4055078839506545 2.3529533716691198 701.401381868525 
231.0000709684772 9.477164525072845E-89 47.263826130387386 1.1739717966557974 706.7310215867893 0.0 0.0 300.0 295.8265980970821 2.3557690345597986 706.730710367939 1.166861202468503 702.4504438860356 2.374534434714727 2.370305360500521 705.2415875157589 
232.00003438620178 1.2972112195395372E-88 47.19377009270933 1.1720563379651916 705.577915455045 0.0 0.0 299.0 297.1743502450078 2.3597913376993804 705.5776099721148 1.1695710104658745 704.0817483004589 2.369254774915712 2.3693955615720226 701.8425678094237 
233.0001240596527 1.5630846193451548E-88 47.31216496582486 1.1728637007010785 706.0639478220497 0.0 0.0 299.0 295.0038039925461 2.3614169106177885 706.0636562747189 1.1683739585251929 703.3611230321665 2.384244248762088 2.4055078839506545 717.2801309074941 
234.0001240596527 1.1668474598140798E-88 47.12119997716794 1.1725594776962498 705.8808055731423 0.0 0.0 299.0 293.4558759267479 2.3608044226695517 705.8805223781958 1.1649754837519202 701.3152412186578 2.3898490326829207 2.374534434714727 702.4504438860356 
235.0000444401013 1.5963540336624263E-88 47.12119997716794 1.176827052832512 708.449885805171 0.0 0.0 298.0 291.0553135121321 2.377347177917504 708.4494590194155 1.1569115239541734 696.4607374204107 2.392881026689726 2.369254774915712 704.0817483004589 
236.0001240596527 2.183351734388988E-88 47.169654995475014 1.1782467771502683 709.304559844461 0.0 0.0 299.0 292.56431265823767 2.3722552063453364 709.3043066972555 1.1666433221468435 702.3192799323889 2.400563737768014 2.384244248762088 703.3611230321665 
237.0001240596527 1.8250772229923307E-88 47.169654995475014 1.177395949973085 708.7923618837972 0.0 0.0 299.0 295.6771950849931 2.3705422049806493 708.7921192892142 1.166710248187409 702.3595694088252 2.375426921940768 2.3898490326829207 701.3152412186578 
238.0001240596527 1.3405620506728228E-88 47.09659866352465 1.1803743008043401 710.5853290842131 0.0 0.0 298.0 293.5143860327042 2.3845137459051693 710.5850962797401 1.180866935527357 710.8818951874671 2.421966108019859 2.392881026689726 696.4607374204107 
239.0001240596527 1.1782864110589924E-88 47.04534361111959 1.18443164159596 713.0278482407675 0.0 0.0 299.0 291.7830657711184 2.3847077788003426 713.0276258613021 1.1808092776923729 710.8471851707995 2.436218096797999 2.400563737768014 702.3192799323889 
240.0001240596527 1.0353666688587948E-88 46.541021967543095 1.18564099932114 713.7558815913254 0.0 0.0 299.0 291.50698923020093 2.3871427069176763 713.755669368385 1.1657870490796127 701.8038035459363 2.407502493848362 2.375426921940768 702.3595694088252 
241.0001240596527 8.635194898021018E-89 46.376867200816015 1.1893847477546602 716.0096181483052 0.0 0.0 298.0 291.76856789452586 2.4027161267755126 716.0094057791025 1.170170395372073 704.4425780139964 2.4143881676406345 2.421966108019859 710.8818951874671 
242.0001240596527 7.78260197516232E-89 46.266467279218624 1.1925720108950817 717.928350558839 0.0 0.0 298.0 291.13875024117067 2.4091548513310057 717.9281456966397 1.1732107098588085 706.2728473350016 2.425897778121072 2.436218096797999 710.8471851707995 
243.0001240596527 9.342345949241211E-89 46.266467279218624 1.192570578805568 717.927488440952 0.0 0.0 298.0 287.36647192730345 2.4091519639533594 717.9272852581009 1.1477757851923294 690.9610226857855 2.4044594278924136 2.407502493848362 701.8038035459363 
244.0001240596527 9.342345949241211E-89 46.13300147271126 1.190520059059009 716.6930755535232 0.0 0.0 298.0 288.1745519360603 2.405009651543677 716.6928761600157 1.1689497468890582 703.7077476272219 2.4419496548167077 2.4143881676406345 704.4425780139964 
245.0001240596527 8.416565418707241E-89 46.13300147271126 1.193216144199677 718.3161188082056 0.0 0.0 298.0 293.8339180581685 2.4104561194957492 718.3159236097331 1.1863055701276375 714.1559532168334 2.4304748680356782 2.425897778121072 706.2728473350016 
246.0001240596527 8.639177599219547E-89 46.13300147271126 1.194284249068709 718.9591179393634 0.0 0.0 298.0 295.65368598385135 2.412613893119522 718.9589401496175 1.1875488502508398 714.904407850999 2.41804665980064 2.425897778121072 706.2728473350016 
247.0001240596527 1.1093909698544732E-88 46.13300147271126 1.1945871460301052 719.1414619101222 0.0 0.0 297.0 292.71041413005776 2.4213511706333684 719.1412976781098 1.1758586039062309 707.8668795515559 2.418318055595504 2.4044594278924136 690.9610226857855 
248.0001240596527 1.1093909698544732E-88 46.13300147271126 1.1955444340379793 719.7177492908635 0.0 0.0 297.0 288.73552123609295 2.4232915519410176 719.7175909264819 1.1750369518612775 707.3722450204931 2.449896853674923 2.4044594278924136 690.9610226857855 
249.0001240596527 9.735289661243267E-89 45.871046211758944 1.1932979509567525 718.3653664759642 0.0 0.0 298.0 291.3600261925307 2.4106215232625856 718.3652139322503 1.1950584037172496 719.4251590377759 2.469196507287447 2.4044594278924136 690.9610226857855 
250.0001240596527 8.767452470970235E-89 45.6202083174103 1.1911949165507234 717.0993397635362 0.0 0.0 298.0 292.80811534349647 2.4063731316245422 717.0991932241136 1.1872196726138016 714.7062429135003 2.4408689700252006 2.4044594278924136 690.9610226857855 
251.0001240596527 0.0 45.72576361550587 1.1947881695199243 719.2624780509942 0.0 0.0 298.0 290.4637067849215 2.4136320029328076 719.2623368739763 1.1849118966998335 713.3169618133088 2.45578688542144 2.4044594278924136 690.9610226857855 
252.00002889203935 0.0 0.0 0.0 0.0 0.0 0.0 296.0 293.63645190936603 0.0 0.0 1.1764628386699685 708.2306288793234 2.4119302091891717 2.4044594278924136 690.9610226857855 
253.00005753507378 0.0 0.0 0.0 0.0 0.0 0.0 297.0 293.68732806762347 0.0 0.0 0.9385734577676242 565.0212215761102 1.9238869626884625 2.4044594278924136 690.9610226857855 
254.0001240596527 0.0 0.0 0.0 0.0 0.0 0.0 296.0 290.3429236684049 0.0 0.0 0.42370800263091546 255.07221758381164 0.8785205244923576 2.4044594278924136 690.9610226857855 
255.0001240596527 0.0 0.0 0.0 0.0 0.0 0.0 297.0 292.3672792820101 0.0 0.0 0.10151517681190764 61.11213644076857 0.2090252253632711 2.4044594278924136 690.9610226857855 
256.00005025461786 0.0 0.0 0.0 0.0 0.0 0.0 297.0 293.1558123056253 0.0 0.0 0.01497832569608365 9.016952069042373 0.030758223751817963 2.4044594278924136 690.9610226857855 
257.0001240596527 0.0 0.0 0.0 0.0 0.0 0.0 297.0 291.77855506086814 0.0 0.0 0.001433124149146168 0.86274073778598 0.0029568339510283852 2.449896853674923 707.3722450204931 
258.0001240596527 0.0 0.0 0.0 0.0 0.0 0.0 297.0 292.66639988802547 0.0 0.0 2.6338651339891567E-4 0.15855868106614604 5.417727526180347E-4 2.449896853674923 707.3722450204931 
259.0001240596527 0.0 0.0 0.0 0.0 0.0 0.0 297.0 293.29836417753944 0.0 0.0 1.6085451546355545E-4 0.09683441830905964 3.3015669412477124E-4 2.449896853674923 707.3722450204931 
260.0001240596527 0.0 0.0 0.0 0.0 0.0 0.0 298.0 274.5112170924677 0.0 0.0 6.409408672817611E-5 0.03858464021036156 1.4055760860717223E-4 2.449896853674923 707.3722450204931 
261.0001240596527 0.0 0.0 0.0 0.0 0.0 0.0 297.0 287.9145138757729 0.0 0.0 3.295863651660782E-5 0.01984109918299786 6.891316077090418E-5 2.449896853674923 707.3722450204931 
262.0001240596527 0.0 0.0 0.0 0.0 0.0 0.0 297.0 291.9478714866621 0.0 0.0 1.5946380489971432E-5 0.009599721054962826 3.288162714144466E-5 2.449896853674923 707.3722450204931 
263.0001240596527 0.0 0.0 0.0 0.0 0.0 0.0 298.0 294.0707641275928 0.0 0.0 8.57048698876793E-6 0.005159433167238291 1.7544869455297814E-5 0.0029568339510283852 0.86274073778598 
264.0001240596527 0.0 0.0 0.0 0.0 0.0 0.0 298.0 294.09553931890395 0.0 0.0 4.201950984361441E-6 0.002529574492585579 8.601199795290409E-6 5.417727526180347E-4 0.15855868106614604 
265.0000031374312 0.0 0.0 0.0 0.0 0.0 0.0 298.0 293.39115091203547 0.0 0.0 3.4850828675818794E-7 2.0980198862843093E-4 7.15093103443102E-7 1.4055760860717223E-4 0.03858464021036156 
266.0000973617581 0.0 0.0 0.0 0.0 0.0 0.0 298.0 291.06220909608425 0.0 0.0 9.762634880651971E-8 5.877106198152424E-5 2.0191924662443204E-7 6.891316077090418E-5 0.01984109918299786 
267.0001240596527 0.0 0.0 0.0 0.0 0.0 0.0 298.0 294.97951279164715 0.0 0.0 1.490136792053209E-8 8.970623488160415E-6 3.041100516867636E-8 3.288162714144466E-5 0.009599721054962826 
268.00008629062233 0.0 0.0 0.0 0.0 0.0 0.0 298.0 282.8646258662514 0.0 0.0 6.13931318820961E-9 3.6958665393021687E-6 1.3065849177796122E-8 1.7544869455297814E-5 0.005159433167238291 
269.00005186271665 0.0 0.0 0.0 0.0 0.0 0.0 298.0 295.24751302293265 0.0 0.0 3.068534646321704E-10 1.8472578570856582E-7 6.256641548551086E-10 1.7544869455297814E-5 0.005159433167238291 
270.0001240596527 0.0 0.0 0.0 0.0 0.0 0.0 298.0 286.7231989243392 0.0 0.0 -6.867481490633938E-12 -4.134223857361647E-9 -1.4418867649605814E-11 7.15093103443102E-7 2.0980198862843093E-4 
271.0000537798779 0.0 0.0 0.0 0.0 0.0 0.0 298.0 284.6249179663399 0.0 0.0 1.1858010107782188E-13 7.138522084884934E-11 2.508045372798015E-13 2.0191924662443204E-7 5.877106198152424E-5 
272.0001240596527 0.0 0.0 0.0 0.0 0.0 0.0 298.0 292.9246637266897 0.0 0.0 1.3961868041265802E-11 8.405044560842043E-9 2.8693536603951803E-11 2.0191924662443204E-7 5.877106198152424E-5 
273.00001063747277 0.0 0.0 0.0 0.0 0.0 0.0 298.0 292.09610932455104 0.0 0.0 1.8731654668864177E-11 1.1276456110656162E-8 3.86052937737927E-11 3.041100516867636E-8 8.970623488160415E-6 
274.0000410479968 0.0 0.0 0.0 0.0 0.0 0.0 298.0 284.647301544043 0.0 0.0 8.611398965580163E-12 5.184062177279293E-9 1.821223018507053E-11 6.256641548551086E-10 1.8472578570856582E-7 
275.0001006799061 0.0 0.0 0.0 0.0 0.0 0.0 298.0 288.61600291724426 0.0 0.0 3.4606409002504437E-12 2.0833058219507755E-9 7.218261637931865E-12 -1.4418867649605814E-11 -4.134223857361647E-9 
276.00004130158675 0.0 0.0 0.0 0.0 0.0 0.0 298.0 293.316507474153 0.0 0.0 -4.407192003313508E-13 -2.6531295859947216E-10 -9.045278797438685E-13 2.508045372798015E-13 7.138522084884934E-11 
277.0001198682817 0.0 0.0 0.0 0.0 0.0 0.0 298.0 290.849522781545 0.0 0.0 -2.61041737428771E-13 -1.5714712593212112E-10 -5.4030388095274E-13 2.508045372798015E-13 7.138522084884934E-11 
278.0001240596527 0.0 0.0 0.0 0.0 0.0 0.0 298.0 292.63518804517696 0.0 0.0 -2.245150931607218E-13 -1.3515808608275375E-10 -4.618654611758039E-13 2.8693536603951803E-11 8.405044560842043E-9 
279.0001240596527 0.0 0.0 0.0 0.0 0.0 0.0 298.0 293.18425460632625 0.0 0.0 -1.8564279790459528E-13 -1.1175696433856768E-10 -3.811833772882161E-13 3.86052937737927E-11 1.1276456110656162E-8 
280.0001240596527 0.0 0.0 0.0 0.0 0.0 0.0 298.0 292.9237990230554 0.0 0.0 -5.849442866483989E-14 -3.521364605623367E-11 -1.202143566814183E-13 1.821223018507053E-11 5.184062177279293E-9 
281.00012347965696 0.0 0.0 0.0 0.0 0.0 0.0 298.0 288.3230963237185 0.0 0.0 -1.0704189363457426E-15 -6.443921996801302E-13 -2.2349655920614506E-15 7.218261637931865E-12 2.0833058219507755E-9 
282.0001240596527 0.0 0.0 0.0 0.0 0.0 0.0 298.0 292.2577353986624 0.0 0.0 -3.1399041253829934E-18 -1.8902222834805464E-15 -6.4676552731859614E-18 -9.045278797438685E-13 -2.6531295859947216E-10 
283.00002313699713 0.0 0.0 0.0 0.0 0.0 0.0 298.0 292.49572327764776 0.0 0.0 2.2598660687130698E-20 1.3604393733652523E-17 4.6511427863643424E-20 -4.618654611758039E-13 -1.3515808608275375E-10 
284.0001240596527 0.0 0.0 0.0 0.0 0.0 0.0 298.0 294.11971744590977 0.0 0.0 3.168882407363828E-20 1.907667209233044E-17 6.486022854227292E-20 -3.811833772882161E-13 -1.1175696433856768E-10 
285.0001240596527 0.0 0.0 0.0 0.0 0.0 0.0 298.0 293.47080888500926 0.0 0.0 1.0062548051415746E-20 6.0576539269523475E-18 2.0641418988032706E-20 -1.202143566814183E-13 -3.521364605623367E-11 
286.0000708385925 0.0 0.0 0.0 0.0 0.0 0.0 298.0 287.95528927525584 0.0 0.0 -4.553449837545886E-24 -2.7411768022025957E-21 -9.519452860552635E-24 -2.2349655920614506E-15 -6.443921996801302E-13 
287.0000270353633 0.0 0.0 0.0 0.0 0.0 0.0 296.0 290.61269839231403 0.0 0.0 -1.0250446240440196E-23 -6.170768636744966E-21 -2.123365107884827E-23 -6.4676552731859614E-18 -1.8902222834805464E-15 
288.0000523927723 0.0 0.0 0.0 0.0 0.0 0.0 296.0 289.70844877151995 0.0 0.0 -1.10380834649725E-23 -6.6449262459134416E-21 -2.2936598066402946E-23 4.6511427863643424E-20 1.3604393733652523E-17 
289.00003248684345 0.0 0.0 0.0 0.0 0.0 0.0 296.0 291.740032870424 0.0 0.0 -3.225553953349114E-24 -1.941783479916188E-21 -6.655869133937573E-24 4.6511427863643424E-20 1.3604393733652523E-17 
290.0000237814108 0.0 0.0 0.0 0.0 0.0 0.0 294.0 289.7902943838795 0.0 0.0 -1.5819758076191168E-25 -9.523494361867018E-23 -3.2863400004871913E-25 2.0641418988032706E-20 6.0576539269523475E-18 
291.0001240596527 0.0 0.0 0.0 0.0 0.0 0.0 295.0 290.35312115555587 0.0 0.0 -7.399014492703051E-26 -4.454206724607265E-23 -1.5340653845497794E-25 2.0641418988032706E-20 6.0576539269523475E-18 
292.00001641877475 0.0 0.0 0.0 0.0 0.0 0.0 295.0 290.88946713471455 0.0 0.0 -7.689867673787417E-27 -4.62930033962007E-24 -1.591429344355113E-26 2.0641418988032706E-20 6.0576539269523475E-18 
293.0001240596527 0.0 0.0 0.0 0.0 0.0 0.0 294.0 290.5530486473672 0.0 0.0 -5.402910974803945E-29 -3.252552406831933E-26 -1.1194349610075605E-28 2.0641418988032706E-20 6.0576539269523475E-18 
294.00009519768173 0.0 0.0 0.0 0.0 0.0 0.0 296.0 292.216772824194 0.0 0.0 -2.5946060101499185E-30 -1.5619528181102342E-27 -5.34518536706293E-30 2.0641418988032706E-20 6.0576539269523475E-18 
295.0000202585643 0.0 0.0 0.0 0.0 0.0 0.0 294.0 288.9297578943074 0.0 0.0 -6.758700986974473E-31 -4.068737994158591E-28 -1.4082100867045218E-30 2.0641418988032706E-20 6.0576539269523475E-18 
296.00001189145905 0.0 0.0 0.0 0.0 0.0 0.0 293.0 286.73575822769084 0.0 0.0 5.833921538859987E-36 3.51202076639373E-33 1.2248283186239046E-35 2.0641418988032706E-20 6.0576539269523475E-18 
297.00007901871226 0.0 0.0 0.0 0.0 0.0 0.0 293.0 284.52244390611816 0.0 0.0 1.9429428042138712E-35 1.1696515681367668E-32 4.110929008197007E-35 2.0641418988032706E-20 6.0576539269523475E-18 
298.0001240596527 0.0 0.0 0.0 0.0 0.0 0.0 293.0 284.654919336722 0.0 0.0 7.259880641963417E-36 4.370448146461951E-33 1.535349593341154E-35 2.0641418988032706E-20 6.0576539269523475E-18 
299.0001240596527 0.0 0.0 0.0 0.0 0.0 0.0 295.0 284.388566524877 0.0 0.0 2.571437455735069E-37 1.548005348352521E-34 5.443275611493715E-37 2.0641418988032706E-20 6.0576539269523475E-18 
300.00004173166 0.0 0.0 0.0 0.0 0.0 0.0 295.0 288.6267030747564 0.0 0.0 2.529365037955017E-39 1.5226777528489324E-36 5.2755955586498455E-39 2.0641418988032706E-20 6.0576539269523475E-18 
#####################################################################
# End of data export. Simulation finished at: 2021-12-09T08:55+0000 #
#####################################################################
