#####################################################################
# Alchemist log file - simulation started at: 2021-12-09T08:43+0000 #
#####################################################################
# random = 29.0
#
# The columns have the following meaning: 
# time localWarningInSystem[Min] localWarningInSystem[Max] localWarningInSystem[Mean] localWarningInSystem[Sum] meanWarningAtDetector[Sum] dataAtCollector[Sum] inSurveillanceArea[Sum] numDevicesAtDetector[Sum] localWarningInSurveillanceArea[Mean] localWarningInSurveillanceArea[Sum] sumWarningAtDetector[Mean] sumWarningAtDetector[Sum] meanWarningOverallAtDetector[Sum] meanWarningAtCollector[Sum] sumWarningAtCollector[Sum] 
0.0 0.0 0.0 0.0 0.0 0.0 0.0 0.0 0.0 0.0 0.0 0.0 0.0 0.0 0.0 0.0 
1.0013959011329117 0.0 0.0 0.0 0.0 0.0 0.0 28.0 1.0 0.0 0.0 0.0 0.0 0.0 0.0 0.0 
2.0 0.0 0.0 0.0 0.0 0.0 0.0 244.0 13.252933533977654 0.0 0.0 0.0 0.0 0.0 0.0 0.0 
3.0002509813640774 0.0 0.0 0.0 0.0 0.0 0.0 275.0 51.076075959783196 0.0 0.0 0.0 0.0 0.0 0.0 0.0 
4.000169933270319 0.0 0.0 0.0 0.0 0.0 0.0 281.0 109.39367720520097 0.0 0.0 0.0 0.0 0.0 0.0 0.0 
5.000319547502863 0.0 0.0 0.0 0.0 0.0 0.0 282.0 184.9948485407352 0.0 0.0 0.0 0.0 0.0 0.0 0.0 
6.000285848374306 0.0 0.0 0.0 0.0 0.0 0.0 282.0 241.98840926604734 0.0 0.0 0.0 0.0 0.0 0.0 0.0 
7.000048352917032 0.0 0.0 0.0 0.0 0.0 0.0 284.0 268.2283159392694 0.0 0.0 0.0 0.0 0.0 0.0 0.0 
8.000125717388125 0.0 0.0 0.0 0.0 0.0 0.0 283.0 272.86532375826596 0.0 0.0 0.0 0.0 0.0 0.0 0.0 
9.000044053728452 0.0 0.0 0.0 0.0 0.0 0.0 283.0 278.22250666836555 0.0 0.0 0.0 0.0 0.0 0.0 0.0 
10.000396526395203 0.0 0.0 0.0 0.0 0.0 0.0 282.0 278.67307830650316 0.0 0.0 0.0 0.0 0.0 0.0 0.0 
11.000647321376338 0.0 0.0 0.0 0.0 0.0 0.0 281.0 278.8930662729798 0.0 0.0 0.0 0.0 0.0 0.0 0.0 
12.000194869933871 0.0 0.0 0.0 0.0 0.0 0.0 280.0 279.08413015171055 0.0 0.0 0.0 0.0 0.0 0.0 0.0 
13.000539450944178 0.0 0.0 0.0 0.0 0.0 0.0 281.0 278.66932939117646 0.0 0.0 0.0 0.0 0.0 0.0 0.0 
14.000014199833831 0.0 0.0 0.0 0.0 0.0 0.0 281.0 274.8591920461487 0.0 0.0 0.0 0.0 0.0 0.0 0.0 
15.000500393467135 0.0 0.0 0.0 0.0 0.0 0.0 281.0 278.0401962534378 0.0 0.0 0.0 0.0 0.0 0.0 0.0 
16.00099252605517 0.0 0.0 0.0 0.0 0.0 0.0 281.0 279.57424029599474 0.0 0.0 0.0 0.0 0.0 0.0 0.0 
17.000399643464135 0.0 0.0 0.0 0.0 0.0 0.0 280.0 278.31714178641573 0.0 0.0 0.0 0.0 0.0 0.0 0.0 
18.00048965606786 0.0 0.0 0.0 0.0 0.0 0.0 279.0 275.2730648284426 0.0 0.0 0.0 0.0 0.0 0.0 0.0 
19.000373937230105 0.0 0.0 0.0 0.0 0.0 0.0 279.0 276.31403747224954 0.0 0.0 0.0 0.0 0.0 0.0 0.0 
20.000227176104087 0.0 0.0 0.0 0.0 0.0 0.0 279.0 272.8931232303326 0.0 0.0 0.0 0.0 0.0 0.0 0.0 
21.000956670533046 0.0 0.0 0.0 0.0 0.0 0.0 279.0 276.0512623822562 0.0 0.0 0.0 0.0 0.0 0.0 0.0 
22.000659367318466 0.0 0.0 0.0 0.0 0.0 0.0 280.0 276.49921610087017 0.0 0.0 0.0 0.0 0.0 0.0 0.0 
23.000183375119732 0.0 0.0 0.0 0.0 0.0 0.0 280.0 274.20573471880556 0.0 0.0 0.0 0.0 0.0 0.0 0.0 
24.000151743709576 0.0 0.0 0.0 0.0 0.0 0.0 281.0 270.59512473644526 0.0 0.0 0.0 0.0 0.0 0.0 0.0 
25.000190179464443 0.0 0.0 0.0 0.0 0.0 0.0 279.0 274.79474770712136 0.0 0.0 0.0 0.0 0.0 0.0 0.0 
26.000003108252976 0.0 0.0 0.0 0.0 0.0 0.0 280.0 275.3123535801308 0.0 0.0 0.0 0.0 0.0 0.0 0.0 
27.000247710406374 0.0 0.0 0.0 0.0 0.0 0.0 279.0 273.5792389238528 0.0 0.0 0.0 0.0 0.0 0.0 0.0 
28.000163464620943 0.0 0.0 0.0 0.0 0.0 0.0 279.0 274.8931555718422 0.0 0.0 0.0 0.0 0.0 0.0 0.0 
29.000503676503694 0.0 0.0 0.0 0.0 0.0 0.0 279.0 275.15291891997566 0.0 0.0 0.0 0.0 0.0 0.0 0.0 
30.000111839198514 0.0 0.0 0.0 0.0 0.0 0.0 279.0 270.5222521245883 0.0 0.0 0.0 0.0 0.0 0.0 0.0 
31.000273403805434 1.0255575104750395E-96 42.94249496645522 0.8567928509487509 515.7892962711481 0.0 0.0 279.0 271.7936954086436 1.848061496154414 515.6091574270819 0.008575065835387013 5.1621896329030035 0.018993044062856637 0.0 0.0 
32.000402067441094 1.0255575104750395E-96 42.73781461637153 0.8561488400622514 515.4016017174749 0.0 0.0 279.0 274.1774181454265 1.846668693902475 515.2205655987901 0.1507839380097032 90.77193068184046 0.33107004689092995 0.0 0.0 
33.000836694141874 1.0255575104750395E-96 42.49537419978421 0.8555002294739824 515.0111381433371 0.0 0.0 279.0 273.3912106618548 1.8453018194337711 514.8392076220222 0.4715129071387632 283.85077009753525 1.0382585797486277 0.0 0.0 
34.00006320951461 1.0255575104750395E-96 42.065059264028335 0.8533878454813013 513.7394829797429 0.0 0.0 280.0 272.78877810301015 1.834178737194399 513.5700464144314 0.7075411371742084 425.9397645788689 1.5614270042223881 0.0 0.0 
35.000262139015874 8.847036830659916E-97 41.68469839653137 0.855411432266234 514.9576822242728 0.0 0.0 280.0 272.3591413021981 1.8385470108691488 514.7931630433612 0.7864193915003375 473.42447368320956 1.738236034302656 0.0 0.0 
36.000127253987415 8.847036830659916E-97 41.76142244707399 0.8561451132126292 515.3993581540022 0.0 0.0 279.0 276.63662788976796 1.846738248932057 515.2399714520434 0.8409221266956901 506.2351202708002 1.8299641812888237 0.0 0.0 
37.000202206284314 9.036044021601965E-97 41.76142244707399 0.8561853281839141 515.4235675667162 0.0 0.0 280.0 268.8059365502262 1.8402370294296295 515.2663682402964 0.839782871171422 505.5492884452013 1.8807221854296352 0.0 0.0 
38.000140156863345 9.228986597995768E-97 41.76142244707399 0.8594680946966058 517.3997930073565 0.0 0.0 280.0 272.5494259050387 1.8473084637842325 517.2463698595849 0.8506267040774789 512.0772758546365 1.8788418803459663 0.0 0.0 
39.00013278900515 8.128821164309637E-97 41.556137652061345 0.8644172977351046 520.3792132365323 0.0 0.0 279.0 277.447449093006 1.8646085032133608 520.2257723965275 0.8509128876305888 512.2495583536208 1.84629399199091 0.0 0.0 
40.00009268239134 8.128821164309637E-97 41.09604525302896 0.8635325589634828 519.8466004960172 0.0 0.0 279.0 276.0748532587137 1.8627384366592774 519.7040238279385 0.8574218289385511 516.1679410210016 1.8696666318148625 0.0 0.0 
41.000664644406186 8.128821164309637E-97 41.168255008974896 0.8652606134560912 520.8868893005668 0.0 0.0 280.0 274.98869129164115 1.8597972808214058 520.7432386299936 0.8540353837010584 514.1293009880342 1.8696379788315396 0.0 0.0 
42.00013503268239 8.128821164309637E-97 40.477008296747805 0.8637880873788736 520.000428602082 0.0 0.0 279.0 274.5662130397492 1.8633004759750365 519.860832797035 0.8655209228736234 521.0435955699155 1.8976974253364656 0.0 0.0 
43.00030189700602 1.3034059784261141E-96 40.51457939158108 0.8648388957888186 520.633015264869 0.0 0.0 279.0 277.5190446157994 1.8655687798403893 520.4936895754682 0.8571690774421898 516.015784620204 1.8593887325267437 0.0 0.0 
44.0000675517815 1.8255795321202946E-96 39.564353984916 0.866940621339664 521.8982540464774 0.0 0.0 279.0 275.1604499764182 1.8701239085120058 521.7645704748492 0.853535053998045 513.8281025068313 1.867376298268401 0.0 0.0 
45.0000637636159 1.8255795321202946E-96 39.64510359836338 0.8637582064358438 519.9824402743783 0.0 0.0 279.0 276.87091812190374 1.8632659880157654 519.8512106563986 0.8551536719029219 514.8025104855612 1.8593592782427888 1.8788418803459663 512.0772758546365 
46.001213916396075 3.578334570663881E-96 39.68498900257017 0.8634285697634754 519.7839989976117 0.0 0.0 279.0 273.39657664850085 1.8625547122000587 519.652764703816 0.8592672031868679 517.2788563184889 1.8920458429278044 1.8696379788315396 514.1293009880342 
47.00033783260812 3.578334570663881E-96 39.52305278731882 0.8611596768990717 518.4181254932411 0.0 0.0 279.0 269.1989124449833 1.8576863416848624 518.2944893300763 0.8594752218348064 517.4040835445588 1.9220140187241719 1.8696379788315396 514.1293009880342 
48.00139590113291 7.49258717446182E-96 39.6048182247221 0.8641606830882275 520.224731219113 0.0 0.0 278.0 276.26652450945375 1.8708728656022393 520.1026566374223 0.8564971830004215 515.6113041662591 1.866354619264105 1.8593887325267437 516.015784620204 
49.00004571117334 9.1635240085487E-96 39.180258311083385 0.8641685300077101 520.2294550646415 0.0 0.0 278.0 277.5021131678156 1.8708925116116086 520.108118228027 0.8589861157974186 517.1096417100416 1.8634439781628858 1.867376298268401 513.8281025068313 
50.000020161809296 9.1635240085487E-96 39.180258311083385 0.8631810465267423 519.6349900090992 0.0 0.0 277.0 275.90538479623007 1.8755142343557731 519.5174429165493 0.8512795369583359 512.4702812489154 1.85741311873054 1.8593592782427888 514.8025104855612 
51.000365885148994 9.1635240085487E-96 39.180258311083385 0.8657846657498145 521.2023687813883 0.0 0.0 277.0 273.39582427354753 1.8811727623222105 521.0848551632521 0.8555509615953533 515.0416788804083 1.8838681250854836 1.8920458429278044 517.2788563184889 
52.00009348054768 9.1635240085487E-96 38.71720661251916 0.8665239584106714 521.6474229632241 0.0 0.0 277.0 273.95678050456354 1.882818296512854 521.5406681340605 0.8413884544733269 506.5158495929369 1.8488896265318004 1.9220140187241719 517.4040835445588 
53.00001892700761 9.1635240085487E-96 38.7772648160345 0.8658286100391794 521.228823243586 0.0 0.0 277.0 275.06814047216926 1.8813289270762306 521.128112800116 0.8509966880831847 512.300006226074 1.8624476296916226 1.866354619264105 515.6113041662591 
54.00027233978601 9.1635240085487E-96 38.7772648160345 0.8660515859396734 521.3630547356831 0.0 0.0 277.0 268.1213412049847 1.881823584510433 521.2651329093896 0.842699363742548 507.3050169730156 1.8920725022972704 1.8634439781628858 517.1096417100416 
55.00001757935179 8.067934394407384E-96 39.07656807687616 0.8661112174173741 521.3989528852588 0.0 0.0 277.0 273.71870447962885 1.8819707232943705 521.3058903525405 0.8582077795882946 516.6410833121492 1.8874891443547643 1.85741311873054 512.4702812489154 
56.00002648027207 1.2176373654229554E-95 39.096980058504386 0.8671110913797995 522.0008770106385 0.0 0.0 278.0 274.03956697855966 1.877375117511794 521.9102826682783 0.8554299186236252 514.968811011418 1.8791768527780084 1.8838681250854836 515.0416788804083 
57.00075938590753 1.819652827567678E-95 38.59779797852937 0.8649552036625957 520.7030326048823 0.0 0.0 278.0 271.0117285661238 1.8727138995117918 520.6144640642782 0.8559504401328283 515.2821649599675 1.90132791553427 1.8488896265318004 506.5158495929369 
58.00006090334352 1.6351410375190763E-95 38.483033269877815 0.8699230509520841 523.6936766731544 0.0 0.0 277.0 272.6275899402245 1.8902748996969232 523.606147216048 0.8463750517134587 509.51778113149896 1.8689149592057588 1.8624476296916226 512.300006226074 
59.000323068919634 1.5292864963541614E-95 38.67786412170439 0.8686259838744044 522.9128422923916 0.0 0.0 278.0 270.9322929118247 1.8806733967241336 522.8272042893093 0.8388864418311287 505.00963798233636 1.863969896518362 1.8624476296916226 512.300006226074 
60.00000156004494 1.403638720783623E-95 38.41574685484197 0.8682499949393685 522.6864969535003 0.0 0.0 278.0 272.57244736568083 1.8798706188406653 522.6040320377053 0.8484481855275776 510.7658076875971 1.873871745379892 1.8874891443547643 516.6410833121492 
61.00041342152562 1.4651488477861357E-95 38.74474864004956 0.8712014738196578 524.4632872394343 0.0 0.0 278.0 275.1031073821519 1.886264140045571 524.381430932669 0.8734060411798872 525.7904367902884 1.9112486289000765 1.8874891443547643 516.6410833121492 
62.00031878944243 2.3401568358923902E-95 39.128922300443264 0.8688224072331394 523.0310891543501 0.0 0.0 278.0 272.1312268846661 1.8811145259901392 522.9498382252589 0.8467673212176523 509.75392737301894 1.873191596600788 1.90132791553427 515.2821649599675 
63.00037276478311 2.3401568358923902E-95 39.250628226766324 0.8679498728396644 522.5058234494779 0.0 0.0 278.0 273.6182820449578 1.879228257328382 522.4254555372904 0.869167316748789 523.2387246827656 1.912294459172114 1.8689149592057588 509.51778113149896 
64.00007773487391 2.1476961916223455E-95 39.36768206890095 0.8681980774654793 522.6552426342184 0.0 0.0 278.0 275.7346779860742 1.879773492085527 522.5770307997766 0.8733675630683483 525.7672729671488 1.9067869040168473 1.8689149592057588 509.51778113149896 
65.0001272786901 2.1476961916223455E-95 39.39590568656766 0.8659432818372251 521.2978556660089 0.0 0.0 277.0 276.3632783740905 1.8816607432669203 521.2200258849368 0.8764626619696203 527.6305225057164 1.9091918637305563 1.8689149592057588 509.51778113149896 
66.00021141511994 2.1476961916223455E-95 39.51075863889559 0.8708626349157993 524.2593062193112 0.0 0.0 276.0 274.68319680754445 1.899214914779367 524.1833164791053 0.8597784898594786 517.5866508954063 1.884304016084577 1.9112486289000765 525.7904367902884 
67.00015866424359 2.1476961916223455E-95 39.76642667527548 0.8708927728741309 524.2774492702266 0.0 0.0 276.0 275.29149429603575 1.899281941258569 524.201815787365 0.85549534721323 515.0081990223587 1.8707741056051033 1.873191596600788 509.75392737301894 
68.00034129074403 2.194310668623641E-95 39.76642667527548 0.8711947875384053 524.4592620981201 0.0 0.0 276.0 276.67026253117893 1.8999496024023905 524.3860902630602 0.8684797273600654 522.8247958707601 1.889703617178016 1.912294459172114 523.2387246827656 
69.00007332068022 1.9707136359730483E-95 39.76642667527548 0.8725673334843514 525.2855347575799 0.0 0.0 276.0 274.0293015544377 1.9029588427817028 525.2166406077499 0.8614569840646202 518.5971044069088 1.8924877794642923 1.9067869040168473 525.7672729671488 
70.00002309547116 2.2525989031481926E-95 39.77327592773637 0.8760159402527552 527.3615960321587 0.0 0.0 277.0 274.9245514662505 1.9035905584354005 527.2945846866058 0.8703477698128791 523.949357427345 1.9057932608527495 1.9091918637305563 527.6305225057164 
71.0004034662681 3.072069025587452E-95 40.648950001177084 0.8792410103854678 529.3030882520518 0.0 0.0 276.0 263.4474291250317 1.917526116026721 529.237208023375 0.8015904701771509 482.55746304664257 1.83170306367887 1.9091918637305563 527.6305225057164 
72.00003664194547 2.6365413171586796E-95 40.76745601971229 0.8744478824841064 526.417625255432 0.0 0.0 277.0 273.89296892297114 1.900188286468282 526.3521553517143 0.8936327433733412 537.9669115107447 1.9641501336313636 1.9091918637305563 527.6305225057164 
73.00055440256948 2.693945479183243E-95 41.003683097813145 0.8736901449584922 525.9614672650125 0.0 0.0 277.0 271.4638465196767 1.8985528890605263 525.8991502697661 0.8833800402276569 531.7947842170541 1.958989349907807 1.9091918637305563 527.6305225057164 
74.00054098946252 2.693945479183243E-95 41.95862931582968 0.874667105753194 526.5495976634226 0.0 0.0 276.0 272.56237934823537 1.9075650658780847 526.4879581823513 0.8747603266692979 526.6057166549136 1.9320557661485025 1.9091918637305563 527.6305225057164 
75.00135400649323 3.533210119042144E-95 41.95862931582968 0.8756937821315433 527.167656843189 0.0 0.0 277.0 271.529137923528 1.902911134411829 527.1063842320765 0.8681000111744237 522.5962067270019 1.9246413505506839 1.9091918637305563 527.6305225057164 
76.00005248333117 3.3051040355353384E-95 42.233421840333676 0.8766533233770947 527.7453006730112 0.0 0.0 276.0 272.4809716842553 1.9119035679410528 527.6853847517303 0.875018139542732 526.7609200047194 1.9332025893357352 1.9091918637305563 527.6305225057164 
77.00034428731992 3.3051040355353384E-95 42.463042803825694 0.8754978306739922 527.0496940657433 0.0 0.0 276.0 271.5491248070485 1.9093951052631797 526.9930490526375 0.8736528914893726 525.9390406766023 1.9368099273025192 1.9091918637305563 527.6305225057164 
78.00017301262545 3.3051040355353384E-95 42.53032920944444 0.8762818228737189 527.5216573699789 0.0 0.0 276.0 273.0956127592452 1.911106174716642 527.4653042217932 0.8767236440998064 527.787633748081 1.9326111775122743 1.958989349907807 531.7947842170541 
79.00005457222544 6.88251830465575E-95 42.63726179521236 0.8782420465585604 528.7017120282532 0.0 0.0 276.0 275.8913435764264 1.9153836384981404 528.6458842254871 0.8796026381021064 529.5207881374632 1.9193091790166203 1.9320557661485025 526.6057166549136 
80.00019526599677 5.406376347900329E-95 42.47012056774158 0.8769407349965508 527.9183224679239 0.0 0.0 276.0 272.6884311962261 1.9125480575481522 527.8632638832902 0.8702280855785811 523.8773075183027 1.9211570700677125 1.9246413505506839 522.5962067270019 
81.00017819658832 7.057338171948306E-95 42.649581005955596 0.8774607772503323 528.2313879047008 0.0 0.0 277.0 267.2747729037374 1.9067782698378601 528.1775807450878 0.8802775652979445 529.9270943093621 1.982705245811667 1.9332025893357352 526.7609200047194 
82.00007173286922 6.054194177845265E-95 42.94082501313254 0.8773881132979139 528.187644205344 0.0 0.0 276.0 272.2434450210998 1.9135287230984002 528.1339275751585 0.8793569248747972 529.3728687746288 1.9444834336914913 1.9368099273025192 525.9390406766023 
83.00045767217983 6.054194177845265E-95 43.110776705531805 0.8793040570488279 529.3410423433945 0.0 0.0 276.0 269.7829706913535 1.91770788525706 529.2873763309487 0.8600054289874741 517.7232682504555 1.9190361308711337 1.9326111775122743 527.787633748081 
84.00000712336202 8.286143133560962E-95 43.27707311138618 0.8830219990031448 531.5792433998935 0.0 0.0 276.0 272.20028500956164 1.9258186867203806 531.525957534825 0.8684509286021798 522.8074590185188 1.9206719750501144 1.9193091790166203 529.5207881374632 
85.00019346065045 8.286143133560962E-95 43.54598254890113 0.8815369787744294 530.6852612222065 0.0 0.0 276.0 271.2299259479852 1.922585274012624 530.6335356274841 0.8818185421342457 530.8547623648232 1.9572130933170968 1.9211570700677125 523.8773075183027 
86.00038347041351 1.1554932422967029E-94 43.54598254890113 0.8793058623734622 529.3421291488243 0.0 0.0 276.0 272.26971503556877 1.917732499217643 529.2941697840697 0.8507979261501902 512.1803515424199 1.8811506504699198 1.982705245811667 529.9270943093621 
87.00024720278937 1.0823601372667793E-94 43.97189954566507 0.8803778934644526 529.9874918656006 0.0 0.0 276.0 278.35393978458126 1.9200693191379026 529.9391320820611 0.8982194536407092 540.7281110917053 1.9425919083817387 1.9444834336914913 529.3728687746288 
88.00002518854924 1.2362434460323205E-94 44.58886287589993 0.8834098421777261 531.8127249909913 0.0 0.0 275.0 268.1840737501951 1.9336913735272476 531.7651277199931 0.8480457370783892 510.5235337211916 1.903631064224671 1.9190361308711337 517.7232682504555 
89.00009974967205 1.2362434460323205E-94 44.537120297168734 0.8821369427221784 531.0464395187512 0.0 0.0 277.0 274.5221761111491 1.9169643664359368 530.999129502754 0.8866507489605381 533.763750874238 1.9443374609493353 1.9190361308711337 517.7232682504555 
90.00090899210171 1.6125400969474818E-94 44.89010760499454 0.8810297382945973 530.3799024533478 0.0 0.0 277.0 274.47150989274303 1.9145601444396747 530.3331600097898 0.8847586201725648 532.6246893438785 1.9405463596276917 1.9190361308711337 517.7232682504555 
91.00001600073206 1.841555575132306E-94 44.79145792295282 0.8825932985477921 531.3211657257706 0.0 0.0 277.0 269.78845362100776 1.9179595504020026 531.2747954613549 0.8676366850108658 522.3172843765361 1.936025346400757 1.9190361308711337 517.7232682504555 
92.00066156696775 1.6153375903053522E-94 45.07904254277433 0.8835002053037014 531.8671235928279 0.0 0.0 276.0 272.77606073477665 1.9268928679433082 531.8224315523529 0.8738920869092245 526.0830363193526 1.9286261224765955 1.9190361308711337 517.7232682504555 
93.00088709790073 1.6153375903053522E-94 45.418658710493744 0.885964628600889 533.350706417735 0.0 0.0 277.0 269.8220142593625 1.925296565811233 533.3071487297116 0.8806596465882836 530.1571072461384 1.9648400768979974 1.9190361308711337 517.7232682504555 
94.0000847663736 1.5115710262113463E-94 45.51160961917115 0.8890071401892501 535.1822983939282 0.0 0.0 277.0 268.8853684341763 1.9319157066473374 535.1406507413122 0.8413176424809005 506.47322077350714 1.8836027550435226 1.9190361308711337 517.7232682504555 
95.00026657026638 2.3566959946507488E-94 45.741008077633765 0.8870811338555172 534.0228425810213 0.0 0.0 277.0 272.1915985459853 1.9277364015660847 533.9829832338054 0.9099116329337177 547.7668030261045 2.012430971243083 1.9405463596276917 532.6246893438785 
96.0003762334778 2.20552635785509E-94 46.08381917340927 0.8890390487044355 535.2015073200699 0.0 0.0 277.0 269.86931326409047 1.9319916947519071 535.1616994462782 0.8763560183360458 527.5663230382971 1.9548955628090543 1.936025346400757 522.3172843765361 
97.00070255590319 2.304633696503711E-94 46.08381917340927 0.8895975733644824 535.5377391654189 0.0 0.0 277.0 275.3941925444501 1.9332057967540244 535.4980057008651 0.8920990950626135 537.0436552276975 1.9500907054930572 1.9286261224765955 526.0830363193526 
98.00027296711984 2.304633696503711E-94 46.675408895555925 0.8905657065299665 536.1205553310402 0.0 0.0 277.0 274.97985332720975 1.9353163677305192 536.0826338613542 0.8919180986481449 536.9346953861841 1.9526328525139753 1.9648400768979974 530.1571072461384 
99.00105940431706 2.0646268848833779E-94 46.76157853740382 0.8954652111861534 539.0700571340644 0.0 0.0 276.0 274.46190826463413 1.9530288321831126 539.0359576825391 0.8863871974943733 533.6050928916084 1.944186339975128 1.8836027550435226 506.47322077350714 
100.00017554039367 2.1575466088391417E-94 46.928137857623774 0.8970340575521648 540.0145026464028 0.0 0.0 276.0 266.7570062308616 1.956453888874164 539.9812733292691 0.8602921090857552 517.8958496696278 1.9414517241261178 2.012430971243083 547.7668030261045 
101.00035988942113 2.6322046023079443E-94 47.31032508433553 0.9006803616399417 542.209577707245 0.0 0.0 276.0 274.7359350954904 1.9644068163504373 542.1762813127206 0.8993718998680837 541.4218837205846 1.9706991862291394 1.9548955628090543 527.5663230382971 
102.00014124134204 4.1846212218688243E-94 47.27433037006182 0.9077919570502386 546.4907581442434 0.0 0.0 275.0 268.67938191697374 1.9871188759928513 546.4576908980342 0.8812782739820941 530.529520937223 1.9745821847288794 1.9548955628090543 527.5663230382971 
103.00077078171633 6.223606268063648E-94 47.27433037006182 0.9119157213699762 548.9732642647253 0.0 0.0 275.0 272.7434814796586 1.9960754058521222 548.9207366093335 0.8962925949332231 539.5681421497941 1.9782989467707424 1.9526328525139753 536.9346953861841 
104.00021518343534 7.588744717420313E-94 47.27433037006182 0.9159131361967581 551.3797079904481 0.0 0.0 274.0 272.9692340794305 2.0121530561612158 551.3299373881728 0.8879816564637203 534.5649571911642 1.958334092096301 1.9526328525139753 536.9346953861841 
105.00040394475835 7.261917912648362E-94 47.27433037006182 0.914141701555202 550.3133043362313 0.0 0.0 275.0 274.7255044350305 2.000961302806569 550.2643582718064 0.9145526012901379 550.5606659766657 2.0040391484907336 1.9526328525139753 536.9346953861841 
106.00110610925924 7.588744717420313E-94 47.38081736631897 0.9189217346880645 553.190884282215 0.0 0.0 276.0 266.40677264457975 2.0041410952356142 553.1429422850298 0.9114336331138222 548.6830471345179 2.0595686877169985 1.9526328525139753 536.9346953861841 
107.0000482649219 7.588744717420313E-94 47.38081736631897 0.9208335655299499 554.3418064490295 0.0 0.0 275.0 271.09698026820547 2.01561521268457 554.294183488257 0.8902102442740216 535.9065670529668 1.9768075856941534 1.9526328525139753 536.9346953861841 
108.00022409909552 1.2049415967821912E-93 47.59609800576769 0.9255546100824863 557.1838752696565 0.0 0.0 275.0 272.05918228925003 2.0259573383183027 557.1382680375334 0.9005698490897311 542.1430491520151 1.9927393907095377 1.9526328525139753 536.9346953861841 
109.00011034269214 1.5935149065770485E-93 47.869766066378716 0.9273555548253937 558.2680440048872 0.0 0.0 275.0 270.1848253522057 2.0299008809305183 558.2227422558925 0.8961830341657613 539.5021865677851 1.9967893676652808 1.9526328525139753 536.9346953861841 
110.00031805392126 1.5935149065770485E-93 48.48535988429161 0.931533448651089 560.7831360879559 0.0 0.0 274.0 272.7284671192547 2.046490655865374 560.7384397071128 0.913884182062156 550.1582776014143 2.0172381835037747 1.9526328525139753 536.9346953861841 
111.00006038928743 1.3441908177993985E-93 48.45493140499313 0.9307941937189962 560.3381046188357 0.0 0.0 274.0 272.5166390077371 2.0448711377394244 560.2946917406025 0.9152450197278953 550.9775018761993 2.021812333670225 1.9526328525139753 536.9346953861841 
112.00052573947332 1.8167171313616467E-93 48.727581628833036 0.9294705232776884 559.5412550131681 0.0 0.0 275.0 272.2964437904862 2.0345424753599586 559.4991807239886 0.9231329924080806 555.7260614296619 2.0408862256653477 1.9526328525139753 536.9346953861841 
113.00086332280269 1.8167171313616467E-93 48.67887840299861 0.9268208461709637 557.9461493949201 0.0 0.0 276.0 269.98486695566385 2.0213880408569103 557.9030992765071 0.9253469249436195 557.058848816055 2.0632965658313496 1.9526328525139753 536.9346953861841 
114.0004650628604 1.544092955281559E-93 48.812929554450776 0.926848965514178 557.9630772395352 0.0 0.0 276.0 264.5873865888671 2.0215149060150366 557.9381140601502 0.8914866008679602 536.6749337225099 2.028346629223221 1.9526328525139753 536.9346953861841 
115.00023827700603 1.3426384277592814E-93 48.88538912750569 0.9294158405618891 559.5083360182571 0.0 0.0 274.0 266.0426880223371 2.041849162918594 559.4666706396949 0.8941064277121613 538.2520694827159 2.0231793381877274 1.9927393907095377 542.1430491520151 
116.00001509594631 1.2518051806009741E-93 49.09359415358684 0.9300831194425495 559.9100379044153 0.0 0.0 274.0 270.371561297507 2.04332203670312 559.8702380566551 0.912773248050855 549.4894953266091 2.0323494552815444 2.0172381835037747 550.1582776014143 
117.00115188986092 1.6115342152614556E-93 49.09359415358684 0.9356535533548642 563.2634391196283 0.0 0.0 274.0 269.67385483177435 2.055567465201703 563.2254854652666 0.9103843986103742 548.051407963451 2.0322749059427054 2.021812333670225 550.9775018761993 
118.00043910195267 1.250936173200803E-93 49.09359415358684 0.9350988714240455 562.9295205972755 0.0 0.0 275.0 273.4193412357676 2.046883079293763 562.892846805785 0.9445638388735302 568.6274310018682 2.079689858193114 2.0408862256653477 555.7260614296619 
119.00139590113291 1.3111628715589689E-93 49.26408061913327 0.9369941544513967 564.0704809797406 0.0 0.0 275.0 272.4490132860992 2.051039810364473 564.03594785023 0.9417427479874416 566.9291342884413 2.080863231804433 2.0632965658313496 557.058848816055 
120.00040040816589 1.7035880658798964E-93 49.26408061913327 0.9376509198146318 564.4658537284078 0.0 0.0 274.0 273.3522545046672 2.059973100840831 564.4326296303874 0.9398126058730383 565.7671887355707 2.0697366837554685 2.028346629223221 536.6749337225099 
121.00002420945987 1.7035880658798964E-93 49.41538902058226 0.9407808886777729 566.3500949840193 0.0 0.0 274.0 270.7754665834154 2.0668542995189862 566.318078068202 0.9203402887649139 554.0448538364797 2.0461412580219855 2.0231793381877274 538.2520694827159 
122.00003345269258 1.4945837874165163E-93 49.515143940871965 0.9431476919202375 567.7749105359828 0.0 0.0 274.0 270.5269306070892 2.0720568765062635 567.743584162716 0.9106705687860822 548.223682409222 2.026503169865395 2.0323494552815444 549.4894953266091 
123.00028992599448 1.297770464786177E-93 49.574873193976785 0.9476878194068082 570.5080672828989 0.0 0.0 274.0 268.03197632381296 2.082039631351047 570.4788589901872 0.9143170824974582 550.4188836634721 2.053556785323643 2.0322749059427054 548.051407963451 
124.00063738895952 1.1533555264204623E-93 49.76029863263878 0.9447710830056979 568.7521919694302 0.0 0.0 275.0 271.56623499347694 2.0680848207590508 568.723325708739 0.9231969483487656 555.7645629059505 2.0465156977976293 2.0322749059427054 548.051407963451 
125.00028896373567 1.1533555264204623E-93 49.73266169994561 0.9457079468478348 569.3161840023963 0.0 0.0 275.0 269.7534061377492 2.070135326326027 569.2872147396575 0.9453776774195305 569.1173618065534 2.109768955117232 2.0322749059427054 548.051407963451 
126.00013662564119 1.0492732325815692E-93 49.765827861882364 0.9483816246821287 570.9257380586414 0.0 0.0 276.0 272.44990361795936 2.0684720196764004 570.8982774306867 0.9390423428456082 565.3034903930527 2.0748896692059207 0.0 0.0 
127.00044850946995 1.0743962502375786E-93 49.765827861882364 0.9492703977087807 571.4607794206855 0.0 0.0 276.0 273.2446484882569 2.0704135354104802 571.4341357732925 0.9371053150766033 564.1373996761162 2.0645871851369884 0.0 0.0 
128.0000715631756 1.4901812621353881E-93 49.80814679859119 0.9522409839642111 573.249072346455 0.0 0.0 276.0 273.89642540161617 2.0768982601626558 573.2239198048931 0.9488311071038877 571.1963264765413 2.085446444359368 0.0 0.0 
129.0003102603346 1.4901812621353881E-93 49.80814679859119 0.9551437275511844 574.996523985813 0.0 0.0 275.0 270.5893591563005 2.0908086583190872 574.9723810377492 0.9427476262944688 567.5340710292724 2.0973998120208703 0.0 0.0 
130.00000810256392 1.4901812621353881E-93 49.81257438618986 0.9553951305546524 575.1478685939006 0.0 0.0 277.0 272.01215364035124 2.076262919203882 575.1248286194757 0.9324012833760175 561.3055725923623 2.063531224911769 0.0 0.0 
131.0002657851696 1.4901812621353881E-93 49.812297650435596 0.9572561167920954 576.2681823088417 0.0 0.0 276.0 270.439849594506 2.087847548432116 576.2459233672644 0.9350967930396558 562.9282694098671 2.0815285552551317 0.0 0.0 
132.00049605621993 2.0662985697271107E-93 49.80261286750081 0.9576379054240439 576.4980190652744 0.0 0.0 275.0 272.9515276415026 2.096279371854201 576.4768272599052 0.9616196073946117 578.8950036515522 2.120871088920517 0.0 0.0 
133.0005931138805 2.0662985697271107E-93 49.74178019040421 0.9564416361571905 575.7778649666288 0.0 0.0 277.0 272.70116712720085 2.0785482786886154 575.7578731967463 0.9755282926278284 587.2680321619491 2.1535222542264343 0.0 0.0 
134.00000806198707 2.0662985697271107E-93 49.74178019040421 0.9569031072032705 576.0556705363692 0.0 0.0 276.0 270.2251230271196 2.087091105283449 576.0371450582319 0.9397547661443212 565.732369218886 2.09355948433451 0.0 0.0 
135.0005330222711 1.879578905010476E-93 49.755875691548574 0.9572806177918284 576.2829319106804 0.0 0.0 275.0 272.37108408213214 2.0955070862670153 576.2644487234289 0.9547169275825519 574.7395904047019 2.1101343864805853 0.0 0.0 
136.00074964906574 3.0400716929151636E-93 49.7636160965001 0.9595520866605588 577.6503561696558 0.0 0.0 275.0 265.08881895609034 2.100481209903309 577.63233272341 0.9403852195041237 566.1119021414788 2.1355555634930434 0.0 0.0 
137.0003863813398 3.7415209862338267E-93 49.782419236235974 0.9645076344410768 580.6335959335285 0.0 0.0 275.0 270.83149990190407 2.111330121133433 580.6157833116946 0.9482439168093729 570.8428379192395 2.107741670101153 0.0 0.0 
138.00017637432336 3.5679139540352693E-93 49.782419236235974 0.9648090136002937 580.8150261873765 0.0 0.0 276.0 273.477993946039 2.104339486362793 580.7976982361307 0.9711865909558309 584.6543277554061 2.137847800180831 2.1535222542264343 587.2680321619491 
139.0007125064681 4.338655171209213E-93 49.88901225426115 0.9645072153337017 580.633343630888 0.0 0.0 276.0 266.89324429006837 2.1036814187455315 580.6160715737665 0.9590593979264275 577.3537575517089 2.163238560374431 2.1535222542264343 587.2680321619491 
140.00056314870002 4.064867301964045E-93 49.835825679050174 0.965193743888483 581.0466338208669 0.0 0.0 276.0 275.56823386296213 2.105179071597489 581.0294237609073 0.9756230069683245 587.3250501949391 2.131323490961629 2.1535222542264343 587.2680321619491 
141.00122924534037 4.162609700670776E-93 49.83776377661782 0.966766692325745 581.9935487800983 0.0 0.0 276.0 266.29288072738416 2.1086109226364984 581.9766146476736 0.9464770102550648 569.7791601735529 2.1396710216855594 2.1535222542264343 587.2680321619491 
142.00011067768503 3.876084686837878E-93 49.80676325809431 0.9676825879724977 582.5449179594439 0.0 0.0 276.0 271.8162848075774 2.1106104790775375 582.5284922254004 0.9449529901612257 568.8617000770636 2.0928168467896207 2.1535222542264343 587.2680321619491 
143.00002950045237 3.440931465021218E-93 49.74371463053199 0.9727254388965927 585.5807142157481 0.0 0.0 277.0 261.8971300495031 2.113974297007198 585.5708802709936 0.9503200607371672 572.0926765637772 2.184417509484131 2.1535222542264343 587.2680321619491 
144.00021398780953 2.842349783066784E-93 49.558350990055345 0.9694017869922935 583.5798757693603 0.0 0.0 277.0 270.4195818797147 2.10675215185348 583.5703460634138 0.955488948420773 575.2043469493086 2.127080971544306 2.137847800180831 584.6543277554061 
145.0002737076968 4.704528440409319E-93 49.5077172262567 0.9740366912627031 586.3700881401478 0.0 0.0 277.0 264.7963150838302 2.1168256471537563 586.3607042615907 0.9620077558788022 579.1286690390366 2.1870722364686 2.163238560374431 577.3537575517089 
146.00004819439036 4.704528440409319E-93 49.47912102932887 0.9770327036476898 588.1736875959093 0.0 0.0 277.0 274.9607089799049 2.123338337158888 588.1647193930122 0.9806854641277895 590.3726494049316 2.1471164065411186 2.163238560374431 577.3537575517089 
147.00139590113292 4.704528440409319E-93 49.17657783454716 0.9844472880190132 592.637267387446 0.0 0.0 277.0 272.69678037808643 2.1394527982041374 592.6284251025465 0.9602509165614296 578.0710517699856 2.1198308647740776 2.163238560374431 577.3537575517089 
148.0003324250414 4.275034658244183E-93 49.11841996756488 0.9828342545295934 591.6662212268151 0.0 0.0 277.0 274.9926541429835 2.135948600766348 591.6577624122785 0.9811877970547468 590.6750538269608 2.1479666635743553 2.163238560374431 577.3537575517089 
149.0001706239977 4.37865767046464E-93 48.82459181370117 0.9833715653336391 591.9896823308511 0.0 0.0 279.0 272.64528964851365 2.121798401011883 591.9817538823153 0.9778780644768711 588.6825948150702 2.159151898695857 2.163238560374431 577.3537575517089 
150.00057051316745 4.173817557076617E-93 48.70674151008736 0.9856020991028099 593.3324636598916 0.0 0.0 277.0 273.76248514034444 2.1419467758494513 593.3192569102978 0.9829889138435972 591.7593261338435 2.161579318767792 2.127080971544306 575.2043469493086 
151.00012448407543 3.701946921420694E-93 48.755472612965015 0.9912787656133139 596.7498168992154 0.0 0.0 277.0 277.48562079570223 2.154284197649145 596.7367227488131 0.9942964107910193 598.5664392961854 2.1571079524040555 2.1870722364686 579.1286690390366 
152.000073286335 3.884060388546578E-93 48.78283752701652 0.9959632165686791 599.5698563743454 0.0 0.0 276.0 274.8361518536817 2.172309842772987 599.5575166053446 0.974717867158843 586.7801560296232 2.1350180901310805 2.1471164065411186 590.3726494049316 
153.00038018476036 6.125048372184034E-93 48.5708232233276 1.0009807254802008 602.5903967390815 0.0 0.0 276.0 268.0324722366585 2.183253915712682 602.5780807367004 0.9810054963803191 590.5653088209511 2.2033349313717228 2.1198308647740776 578.0710517699856 
154.00011455175107 6.125048372184034E-93 48.34253883700875 1.001058141774355 602.6370013481622 0.0 0.0 279.0 261.89483270208876 2.159963712264231 602.629875721721 0.9654059458022394 581.1743793729444 2.2191135784417835 2.1479666635743553 590.6750538269608 
155.0003517890102 7.444210780502848E-93 48.37343421621635 1.0021044253554907 603.2668640640057 0.0 0.0 278.0 273.5862447076312 2.1700006222372137 603.2601729819456 1.0037771980916903 604.273873251193 2.2087143814446963 2.159151898695857 588.6825948150702 
156.00043475000118 9.913447903866137E-93 48.37343421621635 1.0019329701332296 603.1636480202044 0.0 0.0 278.0 271.1855267189501 2.1696308220945726 603.1573685422914 0.9951345914659416 599.0710240624958 2.2090818463308257 2.159151898695857 588.6825948150702 
157.00019421965186 9.913447903866137E-93 48.37343421621635 1.0050259241711446 605.0256063510288 0.0 0.0 278.0 272.4070980241919 2.176329255172744 605.0195329380228 0.998951852836927 601.3690154078386 2.207611401353544 2.159151898695857 588.6825948150702 
158.00052949541487 9.913447903866137E-93 48.37343421621635 1.0080275187121848 606.8325662647352 0.0 0.0 277.0 276.7214029332188 2.190692965460393 606.8219514325291 1.0117349565861853 609.0644438648917 2.201002298372552 2.159151898695857 588.6825948150702 
159.00017388844378 9.913447903866137E-93 48.37343421621635 1.0083168888137415 607.0067670658718 0.0 0.0 276.0 274.61690636492824 2.1992639568814263 606.9968520992735 1.0184260023590566 613.0924534201514 2.232537178921663 2.159151898695857 588.6825948150702 
160.00009197391572 8.578212366237845E-93 48.0768505254711 1.0114029106019449 608.8645521823707 0.0 0.0 277.0 271.6895641261083 2.1980478113561164 608.8592437456442 1.01660433252802 611.995808181864 2.2525554492692925 2.159151898695857 588.6825948150702 
161.0000971192631 8.578212366237845E-93 47.74944528893516 1.0132171419600906 609.9567194599747 0.0 0.0 278.0 271.9641378682637 2.194070376620141 609.9515647003991 1.013727970046605 610.2642379680555 2.2439143732386526 2.159151898695857 588.6825948150702 
162.00012062041625 9.447162498286642E-93 47.63286696532282 1.0150615868854906 611.0670753050654 0.0 0.0 277.0 267.6397103677153 2.206000769952101 611.0622132767318 1.014193748995341 610.5446368951983 2.2812184188077302 2.159151898695857 588.6825948150702 
163.00019126714068 9.447162498286642E-93 47.698539701583044 1.0214454115563074 614.9101377568976 0.0 0.0 277.0 268.0795337120072 2.219875143711384 614.9054148080539 1.0190372781268222 613.4604414323419 2.288352389076336 2.159151898695857 588.6825948150702 
164.0006777956915 1.394397848080331E-92 47.59927118449333 1.0240561003021025 616.4817723818659 0.0 0.0 278.0 270.95101617653677 2.2175433665178033 616.4770558919492 1.0198333292793513 613.9396642261717 2.265869576315456 2.159151898695857 588.6825948150702 
165.00021862487927 1.1219998484147883E-92 47.371342150145665 1.027388385043334 618.4878077960876 0.0 0.0 278.0 271.3784065273584 2.224759313860803 618.4830892533031 1.0278495430646064 618.7654249248948 2.280083492429658 2.159151898695857 588.6825948150702 
166.00012825033988 1.043377108475592E-92 47.41057132873337 1.0275873377236269 618.6075773096234 0.0 0.0 277.0 265.4392500637249 2.2332254804094798 618.6034580734259 0.9919609657889943 597.1605014049684 2.2497068585810354 2.159151898695857 588.6825948150702 
167.00031901080823 1.4428229274839944E-92 47.41057132873337 1.0278748101904644 618.7806357346599 0.0 0.0 276.0 271.8578405795791 2.241944092664196 618.7765695753178 1.0190085135734186 613.4431251712051 2.2564849476601214 2.159151898695857 588.6825948150702 
168.00017773508912 2.4815262223322367E-92 47.376605925089954 1.0307238022311547 620.4957289431553 0.0 0.0 276.0 269.4179996862029 2.248158668950214 620.4917926302589 1.0208133846304543 614.5296575475375 2.2809524911598102 2.2812184188077302 610.5446368951983 
169.0005051069884 2.690715427934079E-92 47.376605925089954 1.0323756108566398 621.4901177356973 0.0 0.0 275.0 272.3659455209472 2.2599499040467403 621.4862236128539 1.0226483660739187 615.6343163764928 2.2603204493828524 2.265869576315456 613.9396642261717 
170.00139590113292 3.868655831564443E-92 47.25069911292678 1.0308868653310863 620.5938929293138 0.0 0.0 275.0 265.8262164743807 2.256691294117161 620.5901058822194 1.002811198749911 603.6923416474426 2.2710037770319924 2.265869576315456 613.9396642261717 
171.00055756689423 3.868655831564443E-92 47.0401166412172 1.0320226760514477 621.2776509829716 0.0 0.0 276.0 269.48408416366294 2.2509923603467477 621.2738914557024 1.0216245779450934 615.0179959229453 2.28220526578272 2.265869576315456 613.9396642261717 
172.00030660438338 3.3997677363828804E-92 46.786784623361854 1.0298141256205418 619.9481036235665 0.0 0.0 276.0 271.5249967103083 2.2461755184050043 619.9444430797814 1.0250221392129972 617.0633278062196 2.272583869928441 2.265869576315456 613.9396642261717 
173.0001463514038 3.084040074265913E-92 46.459388295013476 1.030532653167105 620.3806572065971 0.0 0.0 276.0 269.165088630783 2.2477430755816283 620.377088860529 1.03403187625277 622.4871895041667 2.312659463642553 2.2564849476601214 613.4431251712051 
174.00022802710106 3.084040074265913E-92 46.18018376335771 1.030499070517174 620.360440451339 0.0 0.0 276.0 270.43686550070197 2.2476708028000685 620.3571415728193 1.0273321495372698 618.453954021443 2.286869997832591 2.2564849476601214 613.4431251712051 
175.00023307493896 4.543543055859839E-92 46.30272354381202 1.0325366210475089 621.5870458706 0.0 0.0 277.0 269.9389352893937 2.2439855468487298 621.5839964770981 1.016765272536701 612.0926940670972 2.267522813672249 2.2809524911598102 614.5296575475375 
176.00019232199205 4.65569150047158E-92 46.010144018399906 1.0320102463805692 621.2701683211021 0.0 0.0 277.0 274.0854890544193 2.2428419840385914 621.26722957869 1.0313133823140201 620.8506561530374 2.2651715648826936 2.2809524911598102 614.5296575475375 
177.00054960282463 4.3646606802758334E-92 45.63541758820576 1.0325013972430004 621.5658411402867 0.0 0.0 277.0 274.721329142257 2.2439093733496245 621.5628964178462 1.0341721869625327 622.5716565514434 2.266193376740186 2.2710037770319924 603.6923416474426 
178.0007113776377 4.056648404158877E-92 45.72068325735549 1.0360645684046754 623.7108701796146 0.0 0.0 277.0 275.450902756424 2.2516532246234693 623.7079432207012 1.0224952583483429 615.5421455257037 2.234671004400432 2.2710037770319924 603.6923416474426 
179.00008811728327 4.923274131746546E-92 45.0640186991065 1.0386270948236285 625.2535110838239 0.0 0.0 276.0 275.8016274786133 2.265401027871454 625.2506836925215 1.0203056624910134 614.2240088195927 2.227049979490139 2.2710037770319924 603.6923416474426 
180.00039503666935 4.615619085725512E-92 44.88412265614401 1.039980274675921 626.0681253549044 0.0 0.0 276.0 275.6274451887617 2.268352771400149 626.0653649064413 1.0396670642737935 625.8795726928198 2.2707447448282596 2.2710037770319924 603.6923416474426 
181.00063348549637 4.504285778565062E-92 44.72953924271765 1.0411145838755884 626.7509794931042 0.0 0.0 278.0 275.99870716122643 2.2544903148681814 626.7483075333541 1.0468163057277513 630.1834160481047 2.283283941906217 2.2710037770319924 603.6923416474426 
182.00007877111844 4.504285778565062E-92 44.53712029698414 1.040383216741158 626.3106964781776 0.0 0.0 278.0 279.0595315889977 2.2529069529564723 626.3081329218993 1.0557551264274476 635.5645861093201 2.2775233029681545 2.2710037770319924 603.6923416474426 
183.00057129491668 4.504285778565062E-92 44.53712029698414 1.0446839357229596 628.8997293052215 0.0 0.0 277.0 277.62941946283433 2.2703874691028245 628.8973289414829 1.053802458550429 634.3890800473563 2.2850210949358 2.2710037770319924 603.6923416474426 
184.0006739122008 4.504285778565062E-92 44.63421793777588 1.0465403178749058 630.0172713606929 0.0 0.0 278.0 274.36131136439985 2.266240573617985 630.0148794657998 1.0508272210634382 632.5979870801817 2.3057113407654657 2.2710037770319924 603.6923416474426 
185.00013912832972 4.615619085725512E-92 44.259139580165424 1.046622051334691 630.0664749034843 0.0 0.0 277.0 271.5480802499236 2.274599727416495 630.0641244943689 1.054642666736567 634.8948853754046 2.338056983467049 2.234671004400432 615.5421455257037 
186.00031988563197 4.0847133761535E-92 43.978495824999655 1.048897149415545 631.4360839481577 0.0 0.0 276.0 269.78749764111774 2.2877964671726554 631.4318249396528 1.0479199135513868 630.8477879579301 2.338313648607651 2.227049979490139 614.2240088195927 
187.00002920606443 4.0847133761535E-92 43.6862809846133 1.050527195295292 632.4173715677653 0.0 0.0 276.0 270.56298822192383 2.2913588929353974 632.4150544501697 1.02812505654738 618.9312840415226 2.2875681855415375 2.2707447448282596 625.8795726928198 
188.00008882240397 4.0847133761535E-92 43.37865283202348 1.0498422166985304 632.0050144525151 0.0 0.0 276.0 272.89709568860223 2.2898648047016064 632.0026860976434 1.0140258301187757 610.4435497315017 2.2369001333310905 2.283283941906217 630.1834160481047 
189.000361381729 3.526308457185307E-92 43.21916869105031 1.0514380116933566 632.9656830394 0.0 0.0 275.0 273.00222283592626 2.301679289016666 632.9618044795827 1.0301533385499337 620.1523098070595 2.2716016864806616 2.2775233029681545 635.5645861093201 
190.00015134682747 5.1926884085449295E-92 43.272745619872914 1.0526444278608906 633.6919455722555 0.0 0.0 275.0 273.3506981592221 2.3043199726760655 633.6879924859174 1.0408573890863209 626.5961482299685 2.292279304386437 2.2850210949358 634.3890800473563 
191.00019605749986 4.868468146703867E-92 43.37431518400862 1.0545441227313253 634.8355618842579 0.0 0.0 276.0 269.1001407563673 2.3001151622869997 634.8317847912117 1.0212113331681272 614.769222567216 2.284536978833482 2.2850210949358 634.3890800473563 
192.0003887243323 4.750455222903203E-92 43.91013801263295 1.0585061489928138 637.2207016936738 0.0 0.0 275.0 273.55053297273565 2.317152841256216 637.2170313454594 1.0373604637797635 624.4909991954189 2.2829090932813534 2.2850210949358 634.3890800473563 
193.00006658908052 3.902156459740514E-92 44.18052656446014 1.0573097012258432 636.5004401379578 0.0 0.0 275.0 273.07219451457996 2.314534021635838 636.4968559498558 1.0515891792799057 633.0566859265094 2.318275894225873 2.2850210949358 634.3890800473563 
194.0002181906151 3.807186442832645E-92 44.12729657755354 1.0585792238663048 637.2646927675152 0.0 0.0 277.0 271.7554472728033 2.3005825449676327 637.2613649560343 1.044025211070403 628.503177064383 2.3127528201245453 2.2850210949358 634.3890800473563 
195.00053814766275 4.201238398885336E-92 44.33764615627733 1.0590929635225383 637.5739640405676 0.0 0.0 278.0 272.280082137004 2.2934262084394095 637.5724859461558 1.044836080471903 628.9913204440836 2.3100893591165885 2.2850210949358 634.3890800473563 
196.0001573816866 3.807186442832645E-92 44.737491868032656 1.0597260217342772 637.955065084035 0.0 0.0 277.0 266.05669231915397 2.3030764011160834 637.9521631091551 1.0462450627426667 629.8395277710771 2.3673132304281213 2.2850210949358 634.3890800473563 
197.00005361371615 5.977262409661676E-92 44.737491868032656 1.0622576363029688 639.4790970543869 0.0 0.0 278.0 272.3168947180097 2.300279340037336 639.4776565303788 1.0584544376315297 637.1895714541854 2.3398826287072994 2.2850210949358 634.3890800473563 
198.0000333463035 5.5510069225898205E-92 45.12890748772396 1.0647397875080837 640.9733520798661 0.0 0.0 277.0 268.30870125910184 2.3139737531617417 640.9707296258019 1.0316801807039464 621.0714687837693 2.3147645449783965 2.2850210949358 634.3890800473563 
199.0008542181113 5.028789699183797E-92 45.12890748772396 1.0653512348649476 641.3414433886984 0.0 0.0 276.0 273.4981502467419 2.3236913293990176 641.3388069141286 1.0441073006447041 628.5525949881119 2.2981968778255006 2.2850210949358 634.3890800473563 
200.00064765464637 7.469634025945169E-92 45.082047912447 1.0695111484007767 643.8457113372677 0.0 0.0 276.0 275.1820792732631 2.3327652546157287 643.843210273941 1.0607231888534046 638.5553596897581 2.3204830829686975 2.284536978833482 614.769222567216 
201.00032694098311 7.849818808066879E-92 45.462332072197206 1.070512429207561 644.448482382952 0.0 0.0 276.0 273.31525040549343 2.334949463063011 644.4460518053912 1.045053551471665 629.1222379859524 2.3018190059009878 2.284536978833482 614.769222567216 
202.0003232371165 7.849818808066879E-92 45.462332072197206 1.0732396670709619 646.0902795767198 0.0 0.0 276.0 272.11374462638884 2.340898941937649 646.0881079747919 1.0475909535958903 630.6497540647248 2.3175961028010716 2.284536978833482 614.769222567216 
203.00006105006563 7.849818808066879E-92 45.829526233241275 1.0761448539196192 647.8392020596102 0.0 0.0 276.0 273.2347897314607 2.347235800299006 647.8370808825259 1.0623976100987196 639.5633612794334 2.340709841188254 2.284536978833482 614.769222567216 
204.00007533834665 7.849818808066879E-92 45.91923610561459 1.0774619479982799 648.6320926949642 0.0 0.0 277.0 272.0115819319101 2.3416247174114075 648.6300467229598 1.0564351228476514 635.9739439542939 2.3380399446134277 2.284536978833482 614.769222567216 
205.00045047050907 1.0824325963475024E-91 46.269551813337856 1.0805397320649974 650.4849187031285 0.0 0.0 277.0 271.66293233194654 2.3483137103784686 650.482897774836 1.083487050783503 652.2592045716729 2.4009871312685145 2.3204830829686975 638.5553596897581 
206.0001668211221 1.492180823879794E-91 46.5262863104607 1.0837195953747276 652.3991964155858 0.0 0.0 277.0 272.7461926964876 2.355224441730436 652.3971703593307 1.0652122545107754 641.2577772154867 2.3511154120089937 2.3018190059009878 629.1222379859524 
207.0002764896214 1.492180823879794E-91 46.5262863104607 1.086159192422385 653.8678338382758 0.0 0.0 277.0 272.545276783526 2.360530520277033 653.8669541167379 1.0625454192201895 639.6523423705606 2.3469580904849656 2.3175961028010716 630.6497540647248 
208.00005523529836 1.3179061744981408E-91 46.72963570707434 1.0859231411551118 653.7257309753772 0.0 0.0 276.0 268.4162588370693 2.368564555126806 653.7238172149986 1.048265294670013 631.0557073913548 2.351033838730352 2.340709841188254 639.5633612794334 
209.00045643050316 1.1930209337388333E-91 46.88357729624928 1.0853957432751429 653.4082374516358 0.0 0.0 276.0 270.4321012449242 2.3674143191846295 653.4063520949574 1.0627140076713408 639.7538326181486 2.3656726759621565 2.3380399446134277 635.9739439542939 
210.00018693197262 1.1188544583241339E-91 46.88357729624928 1.0873052151449865 654.5577395172813 0.0 0.0 276.0 270.56269805426115 2.37157957087411 654.5559615612538 1.0676809621260632 642.7439391998878 2.375582235918515 2.3511154120089937 641.2577772154867 
211.00042633653982 1.472122676590576E-91 46.88357729624928 1.0892320278126382 655.7176807432083 0.0 0.0 276.0 273.29247902177383 2.37578261786802 655.7160025315732 1.0786130955520328 649.3250835223208 2.375934697678188 2.340709841188254 639.5633612794334 
212.0002829519447 1.266898798945873E-91 47.23390185084162 1.0929357615363162 657.947328444862 0.0 0.0 276.0 272.2107991607925 2.3838610456959697 657.9456486120874 1.0734188352538472 646.1981388228158 2.373888695139947 2.340709841188254 639.5633612794334 
213.0003006125137 1.3319724814888443E-91 47.36002701449621 1.0959780885890984 659.778809330637 0.0 0.0 276.0 269.44102978200993 2.390497185515899 659.7772232023883 1.067621248735303 642.7079917386459 2.3853382399058747 2.340709841188254 639.5633612794334 
214.0008275643157 1.2049507445494235E-91 47.40188018742385 1.0974186704499012 660.6460396108411 0.0 0.0 276.0 272.4368178711348 2.3936392562959785 660.6444347376906 1.0906229678989938 656.5550266751904 2.4099350146783287 2.340709841188254 639.5633612794334 
215.00032505970844 1.145980855190086E-91 47.36002701449621 1.095974451875005 659.7766200287533 0.0 0.0 276.0 272.1201911605406 2.390489249593173 659.7750328877156 1.0989505573846956 661.5682355455831 2.4311618800652792 2.340709841188254 639.5633612794334 
216.00005029195236 1.145980855190086E-91 47.297973445462546 1.0970899132587375 660.4481277817606 0.0 0.0 276.0 272.97276754884444 2.3929224616000733 660.4465994016201 1.096300530407743 659.972919305466 2.417724395117083 2.340709841188254 639.5633612794334 
217.0002304036667 1.145980855190086E-91 47.420054391424294 1.0975991179867106 660.7546690279994 0.0 0.0 276.0 276.26761269374197 2.3940331309776184 660.7531441498224 1.1069713242190815 666.3967371798927 2.412142091800788 2.340709841188254 639.5633612794334 
218.00039998174373 1.0364195403305741E-91 47.66489760162063 1.1004797950780403 662.4888366369802 0.0 0.0 276.0 274.5696263301711 2.400316329864064 662.4873070424817 1.0903045337103128 656.3633292936073 2.3905168902561993 2.373888695139947 646.1981388228158 
219.00054810704796 9.138497689806644E-92 47.77943074080446 1.1039601270748516 664.5839964990604 0.0 0.0 276.0 273.8445599285443 2.4079077286720385 664.5825331134823 1.0927614215237138 657.8423757572806 2.4022473768656747 2.3853382399058747 642.7079917386459 
220.0007094401475 1.1075985971246716E-91 47.77943074080446 1.1071602408143595 666.5104649702446 0.0 0.0 276.0 271.23331459335424 2.414887859253797 666.5090491540477 1.088654110991151 655.3697748166727 2.4162584002604324 2.4099350146783287 656.5550266751904 
221.0009834805122 1.4532381098731775E-91 48.01252403733362 1.1092211776755896 667.7511489607047 0.0 0.0 277.0 269.50094848011486 2.4106490905931666 667.7497980943073 1.0950698857750978 659.2320712366145 2.4461215255621114 2.4311618800652792 661.5682355455831 
222.00040881265895 1.696394907631484E-91 48.01252403733362 1.1129753639468984 670.0111690960334 0.0 0.0 277.0 273.19117223013325 2.4188080945954886 670.0098422029506 1.097855746267404 660.9091592529853 2.4192185781766136 2.417724395117083 659.972919305466 
223.00003902092095 1.7398902270756944E-91 48.0496146945839 1.1146823212378134 671.0387573851638 0.0 0.0 277.0 270.42740405022596 2.4225180680514704 671.0375048502575 1.1117201354611936 669.2555215476301 2.474806589584133 2.412142091800788 666.3967371798927 
224.00033789580257 1.7398902270756944E-91 48.0496146945839 1.114052154852985 670.659397221497 0.0 0.0 277.0 265.4891924496261 2.4211485662747734 670.6581528581124 1.1061656785428484 665.9117384827941 2.5082442427826668 2.4162584002604324 655.3697748166727 
225.0006645936957 1.5309503557348686E-91 48.36053635380045 1.1141938847853337 670.7447186407704 0.0 0.0 277.0 272.2848609214878 2.4214567483075364 670.7435192811879 1.105108684977747 665.2754283566061 2.443306712334754 2.4461215255621114 659.2320712366145 
226.00014431328054 1.5309503557348686E-91 48.53198210327488 1.117023571124151 672.4481898167387 0.0 0.0 277.0 272.21349101508446 2.4276066648537906 672.4470461645001 1.1122963742338405 669.6024172887752 2.4598428784401056 2.4192185781766136 660.9091592529853 
227.00037496161954 2.3951860543618612E-91 48.499368789366734 1.1186777426095 673.4440010509189 0.0 0.0 276.0 272.6410387680327 2.4400104449422315 673.4428828040556 1.1095705727164797 667.9614847753264 2.4499667687359374 2.474806589584133 669.2555215476301 
228.0008920227265 2.3951860543618612E-91 48.8628527277149 1.1169057017178712 672.3772324341581 0.0 0.0 276.0 271.55958627781223 2.43614549709683 672.3761571987251 1.1195226159030693 673.9526147736466 2.481785393811052 2.5082442427826668 665.9117384827941 
229.00091540506733 2.3951860543618612E-91 48.97591080410433 1.1180675059235667 673.0766385659874 0.0 0.0 277.0 261.78930411938535 2.4298779201863976 673.0761838916322 1.1049901495281826 665.2040700159622 2.540990252652206 2.474806589584133 669.2555215476301 
230.00001420402987 2.2769036415412175E-91 49.0551525631005 1.120773332985321 674.7055464571636 0.0 0.0 277.0 268.8069410687481 2.4357584677356003 674.7050955627615 1.125976088560164 677.837605313215 2.521652166488723 2.474806589584133 669.2555215476301 
231.00000165182638 2.868578090027827E-91 49.08050427386655 1.12055198373094 674.5722942060257 0.0 0.0 278.0 266.5539908841401 2.4265174982725535 674.5718645197699 1.1187646249802325 673.496304238098 2.5266787490375213 2.474806589584133 669.2555215476301 
232.0008148092029 2.831354889975182E-91 49.17548503390077 1.1230273139751907 676.0624430130647 0.0 0.0 278.0 269.0188685381937 2.4318778078982732 676.0620305957201 1.1244860271869745 676.9405883665577 2.5163312597549257 2.474806589584133 669.2555215476301 
233.0001388426946 2.4936003233856743E-91 49.17548503390077 1.124407451326217 676.8932856983822 0.0 0.0 276.0 272.06123259657835 2.4525086784662626 676.8923952566881 1.1227094973542746 675.871117407277 2.484261028139506 2.474806589584133 669.2555215476301 
234.0002564886787 2.4936003233856743E-91 49.245199673930315 1.1259122375163293 677.7991669848303 0.0 0.0 276.0 269.26299897483875 2.4557909460111405 677.7983010990748 1.110290110370951 668.3946464433088 2.4823115280899284 2.474806589584133 669.2555215476301 
235.0005314066755 3.6098107848223283E-91 49.42335103022393 1.1277404586587028 678.8997561125394 0.0 0.0 276.0 270.70098136942516 2.4597804041408793 678.8993915428825 1.119895027737293 674.1768066978567 2.490485270084074 2.474806589584133 669.2555215476301 
236.00007907103782 3.6098107848223283E-91 49.42335103022393 1.1261949206579436 677.9693422360826 0.0 0.0 275.0 271.3120016030593 2.4653401899634195 677.968552239941 1.106380623629746 666.0411354251132 2.4548900582715802 2.474806589584133 669.2555215476301 
237.00139590113292 3.6098107848223283E-91 49.48709330770809 1.123940369137476 676.6121022207601 0.0 0.0 276.0 274.19336116853356 2.4514918670121673 676.6117552953583 1.1023854562996236 663.6360446923735 2.4203213449959065 2.474806589584133 669.2555215476301 
238.00013981827706 3.6098107848223283E-91 49.62750556218188 1.1232776704409007 676.2131576054219 0.0 0.0 275.0 273.41760516710906 2.4589546533943634 676.2125296834499 1.1188329323552086 673.5374252778307 2.4634018166685863 2.474806589584133 669.2555215476301 
239.00028867155694 3.847558110574966E-91 49.76444549697578 1.1219367152181636 675.4059025613342 0.0 0.0 276.0 273.0748591995571 2.4471206853045873 675.4053091440659 1.106518498452742 666.1241360685452 2.4393462584622494 2.474806589584133 669.2555215476301 
240.00008013943378 2.907356489946833E-91 49.80676325814149 1.124250601315489 676.7988619919237 0.0 0.0 276.0 274.7939284235688 2.452167653287874 676.7982723074529 1.1157590635397427 671.6869562509187 2.444329684080854 2.474806589584133 669.2555215476301 
241.00052584139627 2.72770586203446E-91 49.77274026246734 1.1255676993323975 677.5917549981025 0.0 0.0 277.0 273.38679097923807 2.4461785159737106 677.5914489247181 1.1258094920697663 677.737314225996 2.4790419163940722 2.474806589584133 669.2555215476301 
242.00000614210268 3.098804735375664E-91 49.80261286750081 1.125904869043713 677.7947311643143 0.0 0.0 277.0 274.09001381568095 2.4469113519361114 677.7944444863028 1.1123604461219363 669.6409885654044 2.4431425984593593 2.474806589584133 669.2555215476301 
243.00051970508073 2.9444663025813394E-91 49.79901614202066 1.1292086602897033 679.7836134944006 0.0 0.0 277.0 273.35660298284984 2.45409148466159 679.7833412512599 1.1124356203883539 669.6862434737985 2.449863058606322 2.474806589584133 669.2555215476301 
244.0011486264 3.701707670622976E-91 49.79901614202066 1.1299089844079004 680.2052086135559 0.0 0.0 278.0 273.6341119425124 2.44678039230574 680.2049490609957 1.1076017506733031 666.7762539053343 2.4367439029144764 2.474806589584133 669.2555215476301 
245.00032604983892 3.473242828520292E-91 49.852163432736134 1.131800116457665 681.3436701075145 0.0 0.0 277.0 272.8110112064708 2.45972266631656 681.3431785696868 1.1117442932658623 669.2700645460455 2.4532369921077843 2.474806589584133 669.2555215476301 
246.00001471599037 3.655785248373148E-91 49.83970194963804 1.1338363631191513 682.5694905977289 0.0 0.0 278.0 276.30481524368446 2.4552850828718817 682.5692530383836 1.1331790949454459 682.1738151571612 2.4689175776959384 2.474806589584133 669.2555215476301 
247.0002071833453 3.655785248373148E-91 49.85327127089584 1.1355868995499239 683.6233135290537 0.0 0.0 278.0 275.3792987739559 2.4590758217731294 683.62307845293 1.1193829186608502 673.8685170338356 2.4470558245809833 2.474806589584133 669.2555215476301 
248.00037450862737 3.655785248373148E-91 49.928939432837396 1.1334872476068991 682.3593230593532 0.0 0.0 278.0 274.6520367895392 2.454529160376801 682.3591065847507 1.119557273505078 673.9734786500588 2.4539176425861076 2.484261028139506 675.871117407277 
249.0005380053865 2.902176324888336E-91 49.96001599573485 1.136613003247212 684.2410279548224 0.0 0.0 278.0 273.47489807463876 2.461297896625102 684.240815261779 1.119968437424314 674.2209993294324 2.4653853208326972 2.484261028139506 675.871117407277 
250.0000349656944 3.7442317954488334E-91 49.975006248966274 1.1387224046624116 685.5108876067717 0.0 0.0 278.0 267.6724050933426 2.4658657891029567 685.5106893706221 1.138395775457499 685.3142568254126 2.560272347037156 2.484261028139506 675.871117407277 
251.00014004622477 3.382297988699829E-91 49.975006248966274 1.1397281810209254 686.1163649745963 0.0 0.0 279.0 271.862382366639 2.459197782406024 686.1161812912806 1.1318967214036735 681.4018262850126 2.5064218901975948 2.4367439029144764 666.7762539053343 
252.00012706993897 0.0 0.0 0.0 0.0 0.0 0.0 278.0 273.05214768383695 0.0 0.0 1.0709449924504106 644.7088854551556 2.3611199945647545 2.4689175776959384 682.1738151571612 
253.00006855180357 0.0 0.0 0.0 0.0 0.0 0.0 278.0 272.35568862479084 0.0 0.0 0.6395687752843591 385.02040272118757 1.413667563417809 2.4470558245809833 673.8685170338356 
254.0000252510113 0.0 0.0 0.0 0.0 0.0 0.0 279.0 275.58243803524323 0.0 0.0 0.19242646495904847 115.84073190534818 0.42034874475758044 2.4539176425861076 673.9734786500588 
255.0000322460161 0.0 0.0 0.0 0.0 0.0 0.0 278.0 271.818542880335 0.0 0.0 0.03810329352870253 22.938182704279082 0.08438785103184575 2.4653853208326972 674.2209993294324 
256.00009427202536 0.0 0.0 0.0 0.0 0.0 0.0 278.0 273.13862094888555 0.0 0.0 0.006016370793518139 3.621855217697881 0.0132601358428022 2.4653853208326972 674.2209993294324 
257.00040117245015 0.0 0.0 0.0 0.0 0.0 0.0 278.0 271.38773127566435 0.0 0.0 0.0016193425948437042 0.9748442420958994 0.003592071894752284 2.4653853208326972 674.2209993294324 
258.00004732679423 0.0 0.0 0.0 0.0 0.0 0.0 278.0 274.32628677622614 0.0 0.0 0.0014480287040458787 0.8717132798356083 0.0031776512928441436 2.4653853208326972 674.2209993294324 
259.00018379225673 0.0 0.0 0.0 0.0 0.0 0.0 278.0 275.55054525828615 0.0 0.0 0.0013829902394413701 0.8325601241437158 0.003021442484765614 2.4653853208326972 674.2209993294324 
260.00053914365856 0.0 0.0 0.0 0.0 0.0 0.0 278.0 273.4259571440983 0.0 0.0 0.001322355241097971 0.796057855140972 0.002911420201123924 2.4653853208326972 674.2209993294324 
261.000838257807 0.0 0.0 0.0 0.0 0.0 0.0 278.0 270.9797046005086 0.0 0.0 0.0012776041744022915 0.7691177129901716 0.002838285303041577 0.08438785103184575 22.938182704279082 
262.0006238851078 0.0 0.0 0.0 0.0 0.0 0.0 277.0 273.2275797408494 0.0 0.0 4.4229958442491054E-4 0.2662643498237952 9.745149083278537E-4 0.08438785103184575 22.938182704279082 
263.00012472184636 0.0 0.0 0.0 0.0 0.0 0.0 278.0 273.70065496273355 0.0 0.0 1.5965950434663342E-4 0.09611502161667412 3.5116840195271337E-4 0.08438785103184575 22.938182704279082 
264.0003591435884 0.0 0.0 0.0 0.0 0.0 0.0 276.0 275.08537244073614 0.0 0.0 2.9433497717485032E-5 0.01771896562592581 6.441260568932341E-5 0.002911420201123924 0.796057855140972 
265.0001400557977 0.0 0.0 0.0 0.0 0.0 0.0 276.0 272.08887180792044 0.0 0.0 1.5402841239126797E-6 9.272510425954452E-4 3.407897707959305E-6 0.002838285303041577 0.7691177129901716 
266.00011626163024 0.0 0.0 0.0 0.0 0.0 0.0 276.0 269.80732982960586 0.0 0.0 6.728991963554375E-7 4.050853162059762E-4 1.5013873657984155E-6 9.745149083278537E-4 0.2662643498237952 
267.00051101179344 0.0 0.0 0.0 0.0 0.0 0.0 276.0 271.4675367947421 0.0 0.0 1.6728359407917367E-7 1.0070472363566151E-4 3.7096414851181573E-7 3.5116840195271337E-4 0.09611502161667412 
268.0002242372896 0.0 0.0 0.0 0.0 0.0 0.0 276.0 269.95338661188515 0.0 0.0 1.1330483170342625E-9 6.820950868546284E-7 2.5267143169249574E-9 6.441260568932341E-5 0.01771896562592581 
269.00021236328615 0.0 0.0 0.0 0.0 0.0 0.0 276.0 269.89517174707134 0.0 0.0 1.2607483956238192E-10 7.589705341655405E-8 2.812093781643488E-10 0.08438785103184575 22.938182704279082 
270.00072446888095 0.0 0.0 0.0 0.0 0.0 0.0 276.0 272.2132882740595 0.0 0.0 1.2760897454856954E-10 7.68206026782384E-8 2.822073939347766E-10 3.407897707959305E-6 9.272510425954452E-4 
271.0003498292416 0.0 0.0 0.0 0.0 0.0 0.0 276.0 271.7262278826996 0.0 0.0 1.2109301199199315E-10 7.28979932191802E-8 2.6827735322866673E-10 3.407897707959305E-6 9.272510425954452E-4 
272.0000595524809 0.0 0.0 0.0 0.0 0.0 0.0 276.0 271.1064939646659 0.0 0.0 1.0513613854410933E-10 6.32919554035547E-8 2.3345790976074414E-10 1.5013873657984155E-6 4.050853162059762E-4 
273.0001648080433 0.0 0.0 0.0 0.0 0.0 0.0 276.0 272.89914330172417 0.0 0.0 4.5069833722133896E-11 2.71320399007249E-8 9.942149166341293E-11 3.7096414851181573E-7 1.0070472363566151E-4 
274.00038988426627 0.0 0.0 0.0 0.0 0.0 0.0 276.0 271.1871476267258 0.0 0.0 4.43142754419597E-11 2.6677193816059844E-8 9.837189575362744E-11 2.822073939347766E-10 7.68206026782384E-8 
275.0002544881873 0.0 0.0 0.0 0.0 0.0 0.0 276.0 271.6557656150022 0.0 0.0 4.3262576196118223E-16 2.604407087006307E-13 9.58715925321954E-16 2.822073939347766E-10 7.68206026782384E-8 
276.0002598076184 0.0 0.0 0.0 0.0 0.0 0.0 276.0 268.75745529294153 0.0 0.0 3.079534841167886E-16 1.8538799743830882E-13 6.897966690309623E-16 2.822073939347766E-10 7.68206026782384E-8 
277.0000254190138 0.0 0.0 0.0 0.0 0.0 0.0 276.0 271.8411753648161 0.0 0.0 2.2133391733685792E-16 1.3324301823678842E-13 4.901502432733883E-16 2.822073939347766E-10 7.68206026782384E-8 
278.0000124535598 0.0 0.0 0.0 0.0 0.0 0.0 276.0 272.8966682141155 0.0 0.0 6.480380841884795E-18 3.9011892668146924E-15 1.4295481481488107E-17 9.942149166341293E-11 2.71320399007249E-8 
279.0000992410942 0.0 0.0 0.0 0.0 0.0 0.0 276.0 271.796543195845 0.0 0.0 1.12097452524426E-18 6.748266641970494E-16 2.4828375529073526E-18 9.837189575362744E-11 2.6677193816059844E-8 
280.0001257595791 0.0 0.0 0.0 0.0 0.0 0.0 276.0 270.4898170679942 0.0 0.0 6.693110736825408E-19 4.029252663568872E-16 1.489613438037862E-18 9.58715925321954E-16 2.604407087006307E-13 
281.00027580669024 0.0 0.0 0.0 0.0 0.0 0.0 276.0 272.41597552871417 0.0 0.0 4.837717658096533E-19 2.9123060301740883E-16 1.0690658007562832E-18 6.897966690309623E-16 1.8538799743830882E-13 
282.00011657500113 0.0 0.0 0.0 0.0 0.0 0.0 276.0 270.4770364499182 0.0 0.0 3.023241285527617E-19 1.8199912538876538E-16 6.72881985759499E-19 4.901502432733883E-16 1.3324301823678842E-13 
283.0001511695712 0.0 0.0 0.0 0.0 0.0 0.0 276.0 271.1789486539176 0.0 0.0 2.566338766437074E-19 1.544935937395138E-16 5.69710866224652E-19 1.4295481481488107E-17 3.9011892668146924E-15 
284.00076995236316 0.0 0.0 0.0 0.0 0.0 0.0 276.0 268.7941684403353 0.0 0.0 1.1089512332595143E-19 6.675886424222281E-17 2.48364258159274E-19 2.4828375529073526E-18 6.748266641970494E-16 
285.00002549784324 0.0 0.0 0.0 0.0 0.0 0.0 276.0 271.9767676998004 0.0 0.0 1.44653004092988E-20 8.708110846397788E-18 3.2017848142123425E-20 1.489613438037862E-18 4.029252663568872E-16 
286.00031856653345 0.0 0.0 0.0 0.0 0.0 0.0 276.0 270.38437437245176 0.0 0.0 6.087952967916151E-22 3.664947686685557E-19 1.3554583896320608E-21 1.0690658007562832E-18 2.9123060301740883E-16 
287.0000875400494 0.0 0.0 0.0 0.0 0.0 0.0 276.0 273.24209339561605 0.0 0.0 2.450771307916971E-22 1.4753643273660205E-19 5.399476738856267E-22 6.72881985759499E-19 1.8199912538876538E-16 
288.00002433098985 0.0 0.0 0.0 0.0 0.0 0.0 276.0 272.0449234596316 0.0 0.0 9.169399123339225E-23 5.519978272250188E-20 2.0290686560336755E-22 5.69710866224652E-19 1.544935937395138E-16 
289.00021661215646 0.0 0.0 0.0 0.0 0.0 0.0 276.0 269.15915768331774 0.0 0.0 1.8221431165838876E-23 1.0969301561835135E-20 4.07539600593534E-23 2.48364258159274E-19 6.675886424222281E-17 
290.00003421161074 0.0 0.0 0.0 0.0 0.0 0.0 276.0 270.18428804847827 0.0 0.0 6.829278905186534E-24 4.111225900922297E-21 1.521637668354954E-23 3.2017848142123425E-20 8.708110846397788E-18 
291.0001614061434 0.0 0.0 0.0 0.0 0.0 0.0 276.0 271.8600862945864 0.0 0.0 2.090576497547838E-24 1.2585270515237882E-21 4.629318958429425E-24 1.3554583896320608E-21 3.664947686685557E-19 
292.0001619224841 0.0 0.0 0.0 0.0 0.0 0.0 276.0 270.8703375089031 0.0 0.0 1.8304304239556668E-25 1.1019191152213046E-22 4.068068601956411E-25 5.399476738856267E-22 1.4753643273660205E-19 
293.0001481566769 0.0 0.0 0.0 0.0 0.0 0.0 276.0 271.1652897316963 0.0 0.0 2.65296577358144E-26 1.597085395696008E-23 5.889711759481604E-26 1.521637668354954E-23 4.111225900922297E-21 
294.0000919851119 0.0 0.0 0.0 0.0 0.0 0.0 276.0 275.24381420363517 0.0 0.0 3.635785653844468E-27 2.1887429636143595E-24 7.952015088684426E-27 4.629318958429425E-24 1.2585270515237882E-21 
295.0003004044931 0.0 0.0 0.0 0.0 0.0 0.0 276.0 268.7878746096939 0.0 0.0 4.934937920431858E-28 2.9708326281000143E-25 1.1052703297773204E-27 1.521637668354954E-23 4.111225900922297E-21 
296.0006289321987 0.0 0.0 0.0 0.0 0.0 0.0 276.0 269.5900130146817 0.0 0.0 6.66096277332262E-29 4.009899589540246E-26 1.4874065788638355E-28 4.629318958429425E-24 1.2585270515237882E-21 
297.0005680099213 0.0 0.0 0.0 0.0 0.0 0.0 276.0 269.541125504227 0.0 0.0 3.77977421310837E-29 2.2754240762912097E-26 8.441843789271875E-29 4.068068601956411E-25 1.1019191152213046E-22 
298.000265832484 0.0 0.0 0.0 0.0 0.0 0.0 276.0 266.7007777340663 0.0 0.0 3.692662568721975E-29 2.2229828663706507E-26 8.33511954954717E-29 5.889711759481604E-26 1.597085395696008E-23 
299.0000434955533 0.0 0.0 0.0 0.0 0.0 0.0 276.0 270.2706404418162 0.0 0.0 3.6865176307720625E-29 2.2192836137247505E-26 8.211338124247784E-29 1.521637668354954E-23 4.111225900922297E-21 
300.00000672399904 0.0 0.0 0.0 0.0 0.0 0.0 276.0 269.0724269660224 0.0 0.0 1.4658483637032694E-29 8.824407149493752E-27 3.2795657470351167E-29 1.521637668354954E-23 4.111225900922297E-21 
#####################################################################
# End of data export. Simulation finished at: 2021-12-09T08:54+0000 #
#####################################################################
