#####################################################################
# Alchemist log file - simulation started at: 2021-12-09T08:43+0000 #
#####################################################################
# random = 13.0
#
# The columns have the following meaning: 
# time localWarningInSystem[Min] localWarningInSystem[Max] localWarningInSystem[Mean] localWarningInSystem[Sum] meanWarningAtDetector[Sum] dataAtCollector[Sum] inSurveillanceArea[Sum] numDevicesAtDetector[Sum] localWarningInSurveillanceArea[Mean] localWarningInSurveillanceArea[Sum] sumWarningAtDetector[Mean] sumWarningAtDetector[Sum] meanWarningOverallAtDetector[Sum] meanWarningAtCollector[Sum] sumWarningAtCollector[Sum] 
0.0 0.0 0.0 0.0 0.0 0.0 0.0 0.0 0.0 0.0 0.0 0.0 0.0 0.0 0.0 0.0 
1.0002602723432414 0.0 0.0 0.0 0.0 0.0 0.0 181.0 1.0 0.0 0.0 0.0 0.0 0.0 0.0 0.0 
2.0 0.0 0.0 0.0 0.0 0.0 0.0 269.0 13.403161340025992 0.0 0.0 0.0 0.0 0.0 0.0 0.0 
3.0000868632887165 0.0 0.0 0.0 0.0 0.0 0.0 276.0 59.589538178874214 0.0 0.0 0.0 0.0 0.0 0.0 0.0 
4.000066410182338 0.0 0.0 0.0 0.0 0.0 0.0 277.0 123.18366611491024 0.0 0.0 0.0 0.0 0.0 0.0 0.0 
5.000107280005899 0.0 0.0 0.0 0.0 0.0 0.0 277.0 182.0386986072807 0.0 0.0 0.0 0.0 0.0 0.0 0.0 
6.000059382076747 0.0 0.0 0.0 0.0 0.0 0.0 277.0 229.73498255605924 0.0 0.0 0.0 0.0 0.0 0.0 0.0 
7.000260272343241 0.0 0.0 0.0 0.0 0.0 0.0 277.0 260.11580913403236 0.0 0.0 0.0 0.0 0.0 0.0 0.0 
8.000225762700433 0.0 0.0 0.0 0.0 0.0 0.0 277.0 266.0628326055549 0.0 0.0 0.0 0.0 0.0 0.0 0.0 
9.000210728404108 0.0 0.0 0.0 0.0 0.0 0.0 278.0 267.8830053466478 0.0 0.0 0.0 0.0 0.0 0.0 0.0 
10.000175990881464 0.0 0.0 0.0 0.0 0.0 0.0 278.0 274.4604629351901 0.0 0.0 0.0 0.0 0.0 0.0 0.0 
11.00026027234324 0.0 0.0 0.0 0.0 0.0 0.0 278.0 273.3873298826519 0.0 0.0 0.0 0.0 0.0 0.0 0.0 
12.00026027234324 0.0 0.0 0.0 0.0 0.0 0.0 278.0 274.53350533332093 0.0 0.0 0.0 0.0 0.0 0.0 0.0 
13.00026027234324 0.0 0.0 0.0 0.0 0.0 0.0 278.0 277.1675822716236 0.0 0.0 0.0 0.0 0.0 0.0 0.0 
14.00021980113291 0.0 0.0 0.0 0.0 0.0 0.0 278.0 271.3430566102642 0.0 0.0 0.0 0.0 0.0 0.0 0.0 
15.000235673153652 0.0 0.0 0.0 0.0 0.0 0.0 278.0 270.87592114788356 0.0 0.0 0.0 0.0 0.0 0.0 0.0 
16.00026027234324 0.0 0.0 0.0 0.0 0.0 0.0 277.0 277.6609002014061 0.0 0.0 0.0 0.0 0.0 0.0 0.0 
17.00023721871374 0.0 0.0 0.0 0.0 0.0 0.0 278.0 270.97985654211175 0.0 0.0 0.0 0.0 0.0 0.0 0.0 
18.000097202632958 0.0 0.0 0.0 0.0 0.0 0.0 278.0 269.5638802775817 0.0 0.0 0.0 0.0 0.0 0.0 0.0 
19.00026027234324 0.0 0.0 0.0 0.0 0.0 0.0 277.0 274.84105434867604 0.0 0.0 0.0 0.0 0.0 0.0 0.0 
20.00000495932172 0.0 0.0 0.0 0.0 0.0 0.0 277.0 266.9977558516323 0.0 0.0 0.0 0.0 0.0 0.0 0.0 
21.00026027234324 0.0 0.0 0.0 0.0 0.0 0.0 279.0 264.73912965425336 0.0 0.0 0.0 0.0 0.0 0.0 0.0 
22.000082008629715 0.0 0.0 0.0 0.0 0.0 0.0 279.0 271.4901460731027 0.0 0.0 0.0 0.0 0.0 0.0 0.0 
23.000046026820236 0.0 0.0 0.0 0.0 0.0 0.0 279.0 275.3023247151137 0.0 0.0 0.0 0.0 0.0 0.0 0.0 
24.00026027234324 0.0 0.0 0.0 0.0 0.0 0.0 279.0 265.4943967063145 0.0 0.0 0.0 0.0 0.0 0.0 0.0 
25.000187712287932 0.0 0.0 0.0 0.0 0.0 0.0 278.0 271.20179520930776 0.0 0.0 0.0 0.0 0.0 0.0 0.0 
26.000060065789075 0.0 0.0 0.0 0.0 0.0 0.0 277.0 272.3117220628874 0.0 0.0 0.0 0.0 0.0 0.0 0.0 
27.00026027234324 0.0 0.0 0.0 0.0 0.0 0.0 277.0 275.4284863376156 0.0 0.0 0.0 0.0 0.0 0.0 0.0 
28.00026027234324 0.0 0.0 0.0 0.0 0.0 0.0 278.0 271.44900001416426 0.0 0.0 0.0 0.0 0.0 0.0 0.0 
29.000193502939144 0.0 0.0 0.0 0.0 0.0 0.0 279.0 274.86451487842595 0.0 0.0 0.0 0.0 0.0 0.0 0.0 
30.00026027234324 0.0 0.14301831926992792 2.3757195892014723E-4 0.14301831926992792 0.0 0.0 279.0 277.997891825064 5.126104633330742E-4 0.14301831926992792 0.0 0.0 0.0 0.0 0.0 
31.00026027234324 4.4930050181564585E-94 44.10523844407823 1.0174603385641245 612.511123815603 0.0 0.0 279.0 276.2485030264557 2.1950733575141745 612.4254667464547 1.5005720250663984E-4 0.09033443590899613 3.270042549347136E-4 0.0 0.0 
32.00020416834211 4.4930050181564585E-94 44.10523844407823 1.0188378574911954 613.3403902096986 0.0 0.0 279.0 268.32675757675844 2.1980549047197546 613.257318416811 0.06608759015628375 39.78472927408331 0.1482697053151785 0.0 0.0 
33.00026027234324 4.4930050181564585E-94 43.93575973194126 1.0168252285928119 612.1287876128717 0.0 0.0 279.0 269.3933063485311 2.1937144387551197 612.0463284126783 0.37498733666401507 225.74237667173847 0.8379657970405595 0.0 0.0 
34.00026027234324 4.580231417554327E-94 43.93575973194126 1.0185132995291089 613.145006316523 0.0 0.0 279.0 276.44464016980237 2.1973815081785792 613.0694407818232 0.776316746130328 467.3426811704633 1.6905470870529609 0.0 0.0 
35.000210751818464 4.580231417554327E-94 43.75380414802294 1.0180768294502338 612.8822513290412 0.0 0.0 279.0 278.38534214620535 2.196444825749644 612.8081063841504 0.9664398677556011 581.7968003888711 2.089897391520409 0.0 0.0 
36.00009026043832 5.988218580991338E-94 43.46742879563207 1.0188272274917758 613.3339909500495 0.0 0.0 280.0 277.49308508291745 2.190215201785751 613.26025650001 1.0232346153476986 615.9872384393154 2.219829147292996 0.0 0.0 
37.00025202079569 8.369545021034084E-94 43.49085922265293 1.0186129789635907 613.2050133360814 0.0 0.0 280.0 276.3994234808343 2.189768067378737 613.1350588660466 1.0055628882962302 605.3488587543268 2.1901234493577086 0.0 0.0 
38.00026027234324 8.369545021034084E-94 43.29703325207495 1.0172642098081246 612.3930543044919 0.0 0.0 280.0 274.8060882847012 2.186878138746841 612.3258788491155 1.018648339214429 613.226300207092 2.2314873154185175 0.0 0.0 
39.000105616240376 8.369545021034084E-94 43.207405074101274 1.0157009241891313 611.4519563618574 0.0 0.0 280.0 275.655700937764 2.183529356112356 611.3882197114598 1.0130739010901826 609.8704884562882 2.212435608556419 0.0 0.0 
40.00021381088551 1.0230255187766135E-93 42.96993921549054 1.0174151909652054 612.4839449610541 0.0 0.0 280.0 274.9647842160318 2.187220398590316 612.4217116052881 1.008878486111804 607.3448486393098 2.2088095767279667 2.1901234493577086 605.3488587543268 
41.000068492653895 1.0230255187766135E-93 42.828134195503814 1.0207402262916085 614.4856162275482 0.0 0.0 279.0 275.23270369538363 2.202217119413977 614.4185763164994 1.0026759452096232 603.610919016188 2.193093011520317 2.219829147292996 615.9872384393154 
42.0001422410465 1.0035429153096757E-93 42.87265098801056 1.0218349548062697 615.1446427933736 0.0 0.0 279.0 273.86298463912897 2.2045888718631814 615.0802952498274 1.0248491703348797 616.9592005415909 2.252802441901968 2.219829147292996 615.9872384393154 
43.00026027234324 1.4002613196945331E-93 42.41824435107845 1.0204383868741047 614.3039088982109 0.0 0.0 279.0 276.22518751812737 2.201578209079348 614.240320333138 1.024593901454026 616.8055286753248 2.2329807582621215 2.219829147292996 615.9872384393154 
44.00026027234324 1.7109958043814918E-93 42.47082840835412 1.0228225794156376 615.7391928082149 0.0 0.0 279.0 273.42506016449164 2.206725461024379 615.676403625802 1.0172152674606585 612.3635910113122 2.2396030219136325 2.219829147292996 615.9872384393154 
45.00002232250187 1.8813444495399071E-93 42.37820158741651 1.0229436335429871 615.8120673928784 0.0 0.0 280.0 276.23152769255694 2.199110121325631 615.7508339711763 1.0200729177750119 614.0838965005531 2.2230767850077657 2.219829147292996 615.9872384393154 
46.00026027234324 2.27400412543809E-93 42.37820158741651 1.0235625187538129 616.1846362897948 0.0 0.0 281.0 266.65110706062717 2.192631470152655 616.1294431128961 1.008979563612631 607.4056972948056 2.2779042772048297 2.252802441901968 616.9592005415909 
47.00026027234324 2.27400412543809E-93 42.437101093843765 1.023399834297312 616.0867002469812 0.0 0.0 280.0 271.47168142351865 2.200109577387558 616.0306816685164 1.0073984711544215 606.4538796349611 2.2339489572352194 2.2329807582621215 616.8055286753248 
48.00022564031206 2.27400412543809E-93 42.55798290960359 1.0244672722882393 616.7292979175197 0.0 0.0 281.0 275.51103854757525 2.1945920792482743 616.6803742687649 1.016525447372548 611.9483193182762 2.2211390242086613 2.2396030219136325 612.3635910113122 
49.00026027234324 2.27400412543809E-93 42.21653184924702 1.0256922927861112 617.4667602572393 0.0 0.0 281.0 272.75741753975285 2.1972229466283815 617.4196480025751 1.0027128020560818 603.6331068377574 2.21307677819534 2.2230767850077657 614.0838965005531 
50.000194501522635 2.145470501143513E-93 42.0536097788317 1.0236075839530459 616.2117655397348 0.0 0.0 281.0 275.3124389329575 2.1927611476919644 616.1658825014424 1.0019173019343055 603.1542157644575 2.1907989995008332 2.2779042772048297 607.4056972948056 
51.000233174362734 2.8015108924625608E-93 42.255952339009255 1.0209433521709423 614.6078980069083 0.0 0.0 281.0 270.7899572228805 2.1870575393525113 614.563168558056 1.0274442230620324 618.5214222833475 2.2841372280813865 2.2339489572352194 606.4538796349611 
52.000101685960196 2.542033704233475E-93 42.29470472077599 1.025880757895877 617.580216253318 0.0 0.0 280.0 277.623827084828 2.205472904131856 617.5324131569196 1.0318418710306663 621.1688063604641 2.2374477467694653 2.2211390242086613 611.9483193182762 
53.0002401034754 3.1047952309389514E-93 42.32925950424241 1.0252328389776648 617.1901690645549 0.0 0.0 280.0 269.19713037570085 2.204083056327417 617.1432557716769 1.0100649433637283 608.0590959049742 2.2587874360188978 2.2211390242086613 611.9483193182762 
54.00023617788109 2.8719527799972343E-93 41.75214316219023 1.0255308522194648 617.3695730361179 0.0 0.0 281.0 271.1000712317933 2.196895375338321 617.3276004700682 1.0166256258233173 612.0086267456373 2.2575007965319336 2.2211390242086613 611.9483193182762 
55.00026027234324 3.130324439244574E-93 41.76142244721493 1.0240434813586134 616.4741757778858 0.0 0.0 281.0 271.30755939761997 2.19370936987342 616.4323329344309 1.0307178577893612 620.492150389192 2.2870433531850765 2.2211390242086613 611.9483193182762 
56.000013993608135 2.8951813891152217E-93 41.84316913272253 1.0261354477657805 617.7335395550001 0.0 0.0 281.0 274.3897084621589 2.1981967591781713 617.6932893290663 1.02527535760063 617.2157652755782 2.249412956246857 2.2211390242086613 611.9483193182762 
57.00021442145779 3.373096274496516E-93 41.84316913272253 1.026619127125877 618.0247145297774 0.0 0.0 280.0 275.8238917438832 2.207091792667435 617.9857019468819 1.0356242508505051 623.4457990120003 2.2603038303545584 2.2211390242086613 611.9483193182762 
58.00026027234324 3.243789384686636E-93 41.844796398714685 1.0295351808242952 619.7801788562258 0.0 0.0 279.0 273.7724512381301 2.221300164957642 619.7427460231817 1.0095513560135838 607.7499163201763 2.2199089556733713 2.2211390242086613 611.9483193182762 
59.00010129285706 3.961114966664057E-93 41.500305273856526 1.030661593727485 620.458279423946 0.0 0.0 279.0 282.24288584713224 2.2237315886654008 620.4211132376465 1.0456362233378984 629.4730064494138 2.2302528708920146 2.2211390242086613 611.9483193182762 
60.00026027234324 6.140346036993618E-93 41.05314512398765 1.0269697779159987 618.2358063054313 0.0 0.0 279.0 274.4100269247707 2.21576885060969 618.1995093201037 1.0177695083350684 612.6972440177065 2.2327800878270274 2.2211390242086613 611.9483193182762 
61.00026027234324 8.526518227036029E-93 41.13876166237521 1.0294178329191286 619.7095354173149 0.0 0.0 280.0 281.9072948779914 2.2131223605530894 619.6742609548648 1.0522621644114196 633.4618229756815 2.2470572223036718 2.2211390242086613 611.9483193182762 
62.00008248985558 8.867395281620195E-93 41.11317217268019 1.0317471387564192 621.1117775313636 0.0 0.0 280.0 274.5526099138304 2.21813212556386 621.0769951578807 1.0089088135900857 607.3631057812346 2.2121920675671536 2.2211390242086613 611.9483193182762 
63.00026027234324 8.198380657506156E-93 40.926304798735636 1.0324420000717978 621.5300840432224 0.0 0.0 280.0 276.8306402980585 2.219627231632503 621.4956248571011 1.0194875965621084 613.7315331303842 2.216992788332934 2.2327800878270274 612.6972440177065 
64.00013004517966 1.3943978481997397E-92 40.34925799922176 1.0333152908229266 622.0558050754024 0.0 0.0 280.0 276.6678625871475 2.2215146343773617 622.024097625662 1.0133031909465062 610.0085209497968 2.204840545069272 2.2470572223036718 633.4618229756815 
65.00026027234324 2.0757641244765712E-92 40.450706790162215 1.03036758391833 620.2812855188347 0.0 0.0 280.0 274.31643889180333 2.2151830291083834 620.2512481503474 1.0272751404469638 618.4196345490654 2.254402386701237 2.2470572223036718 633.4618229756815 
66.00007702963106 2.1169092339398098E-92 40.23442632661246 1.0287781634742796 619.3244544115154 0.0 0.0 280.0 277.05312842765517 2.2117691042053456 619.2953491774965 1.0182027662866522 612.9580653045676 2.2124206601934286 2.2470572223036718 633.4618229756815 
67.00026027234324 2.672347010913044E-92 40.15247637384522 1.0296630866225005 619.8571781467456 0.0 0.0 280.0 273.06133465897045 2.2136762795543596 619.8293582752206 1.0106868398021713 608.4334775609072 2.2281934508259362 2.2470572223036718 633.4618229756815 
68.00026027234324 2.7795539073087696E-92 40.185727461843015 1.0283169126743266 619.0467814299444 0.0 0.0 280.0 276.1010456507683 2.2107843940639853 619.0196303379155 1.0203818547284678 614.2698765465359 2.2248009785645904 2.2470572223036718 633.4618229756815 
69.00000124904709 2.7795539073087696E-92 40.46531662795603 1.0241878628056893 616.5610934090251 0.0 0.0 281.0 273.64848755433286 2.194071317383053 616.5340401846378 1.00231123386667 603.3913627877364 2.2049870188591236 2.2470572223036718 633.4618229756815 
70.00026027234324 3.3480541913997526E-92 40.861783098489674 1.026977014423334 618.2401626828475 0.0 0.0 281.0 274.07592760469123 2.2000480800947937 618.2135105066369 1.0159854075789163 611.6232153625058 2.231583126281233 2.2470572223036718 633.4618229756815 
71.00007683622083 3.1959693885512035E-92 41.32751748330028 1.03080239687698 620.5430429199416 0.0 0.0 280.0 277.62132653608006 2.216122044230277 620.5141723844775 1.0111479270500874 608.711052084152 2.192594710496937 2.2470572223036718 633.4618229756815 
72.00004366003368 3.1959693885512035E-92 41.36403958527053 1.0300372030450717 620.0823962331324 0.0 0.0 280.0 270.1808157544965 2.214478721753743 620.0540420910477 1.0004352592960146 602.2620260961974 2.2291072902949964 2.2470572223036718 633.4618229756815 
73.00018722253047 3.1959693885512035E-92 41.36403958527053 1.0331731875657264 621.9702589145666 0.0 0.0 280.0 274.867331422707 2.2212233878238803 621.9425485906864 1.037876181029948 624.8014609800347 2.273101927923106 2.2470572223036718 633.4618229756815 
74.00000546747944 3.89777982908403E-92 41.36403958527053 1.0356349110092886 623.4522164275913 0.0 0.0 280.0 278.31847370585535 2.226520439375474 623.425723025133 1.0397300926963686 625.9175158032077 2.2489255113719726 2.192594710496937 608.711052084152 
75.00000087136092 3.305747671769569E-92 41.74379356881784 1.032731681997832 621.7044725626948 0.0 0.0 280.0 279.7526712409354 2.220279494342752 621.6782584159708 1.0355653529425075 623.410342471391 2.228433922385972 2.192594710496937 608.711052084152 
76.00026027234324 4.786616446200949E-92 41.92507583511235 1.033860643622226 622.3841074605793 0.0 0.0 280.0 275.8505756821224 2.222710205817088 622.3588576287843 1.0143280920313433 610.6255114028731 2.2136097047936927 2.192594710496937 608.711052084152 
77.00017724495316 6.660805677346778E-92 42.214890127588134 1.03383844845455 622.3707459696379 0.0 0.0 280.0 274.7099853663203 2.2226638344554406 622.3458736475226 1.025526017472679 617.3666625185489 2.2473397233642696 2.273101927923106 624.8014609800347 
78.00013533526176 1.0573566037877559E-91 42.49915173427209 1.0356881772718542 623.4842827176558 0.0 0.0 279.0 273.2244171174786 2.2346135486118195 623.4571800626976 1.0153751136357292 611.2558184087125 2.2371932379158124 2.2489255113719726 625.9175158032077 
79.00011565319868 1.1597896938464326E-91 42.46799711457347 1.0360313644605181 623.690881405232 0.0 0.0 279.0 274.66245038767636 2.2353581043254023 623.6649111067875 1.0205612731801865 614.3778864544739 2.2368470301903343 2.228433922385972 623.410342471391 
80.0002032799726 1.1597896938464326E-91 42.46799711457347 1.0374777046704684 624.5615782116218 0.0 0.0 279.0 270.96384064255176 2.2384821675400786 624.5365247436824 1.014282272651119 610.5979281359783 2.253429559781974 2.2473397233642696 617.3666625185489 
81.00024279678723 1.0506169668998033E-91 42.88622947755718 1.0396571891694948 625.8736278800354 0.0 0.0 280.0 273.8538519773427 2.23518732957834 625.852452281935 1.0225587626285602 615.5803751023998 2.2478426746881395 2.2371932379158124 611.2558184087125 
82.0000519838939 1.664994838599629E-91 42.69699576587643 1.0388271316798356 625.3739332712612 0.0 0.0 280.0 272.66750590034496 2.2334057335123516 625.3536053834581 1.0000701191944974 602.042211755092 2.2079719758581264 2.2368470301903343 614.3778864544739 
83.00006974234758 1.664994838599629E-91 42.57264429562548 1.0371927125071192 624.3900129292861 0.0 0.0 281.0 274.10698911675524 2.221958962727173 624.3704685263355 1.0217700623666728 615.1055775447393 2.244034635989294 2.2368470301903343 614.3778864544739 
84.00026027234324 2.0004608502464986E-91 42.57264429562548 1.0399537791146427 626.0521750270146 0.0 0.0 281.0 277.63769634588743 2.227868639654637 626.0310877429531 1.0399113885578186 626.0266559118048 2.2548330581589555 2.2478426746881395 615.5803751023998 
85.00002437072395 2.0004608502464986E-91 42.67114818953072 1.0412170550258133 626.8126671255394 0.0 0.0 282.0 278.87759794982315 2.22266633501358 626.7919064738297 1.035074375638902 623.1147741346276 2.2343665418645102 2.2079719758581264 602.042211755092 
86.00026027234324 1.7743678982198923E-91 42.80743893215885 1.0464428818898999 629.9586148977203 0.0 0.0 282.0 272.12153739785174 2.2338238345856434 629.9383213531515 1.0005111915154299 602.3077372922925 2.213377680619584 2.2079719758581264 602.042211755092 
87.00026027234324 2.740297436249843E-91 43.18292781409268 1.047794367972624 630.7722095195203 0.0 0.0 282.0 273.16303389722685 2.2367108322976264 630.7524547079306 1.0370814071623287 624.3230071117155 2.2855325561606072 2.2548330581589555 626.0266559118048 
88.00013069162615 4.0644013709619095E-91 43.18292781409268 1.0487675436124786 631.3580612547124 0.0 0.0 282.0 279.9505427683849 2.2387899889986245 631.3387768976121 1.0460377114055723 629.7147022661552 2.2493783939084744 2.2548330581589555 626.0266559118048 
89.0000904012426 5.508357409970585E-91 43.18292781409268 1.0499398639836903 632.0637981181816 0.0 0.0 283.0 277.80587733985016 2.233375089175012 632.0451502365283 1.0537383827740254 634.3505064299625 2.283430834884527 2.2343665418645102 623.1147741346276 
90.00011160277747 4.976835492348614E-91 42.93772384350262 1.0505989140669294 632.4605462682914 0.0 0.0 283.0 275.8586555944898 2.234780270104827 632.442816439666 1.034221386543325 622.6012746990808 2.256957547180612 2.2855325561606072 624.3230071117155 
91.00026027234324 4.495353221076978E-91 42.93772384350262 1.0545874890068212 634.8616683821065 0.0 0.0 283.0 277.47762548058057 2.243266137125973 634.8443168066507 1.056725520812244 636.1487635289781 2.2926128275286803 2.2493783939084744 629.7147022661552 
92.00018757322103 3.9771981106299516E-91 42.93772384350262 1.0571449790921363 636.4012774134666 0.0 0.0 283.0 279.9033543491285 2.2487091503641943 636.3846895530669 1.0440447998864428 628.5149695316386 2.2454713734787206 2.283430834884527 634.3505064299625 
93.00002775079204 5.891894418730776E-91 43.238141267053926 1.0574989584115155 636.6143729637322 0.0 0.0 282.0 273.11400248845285 2.257440547655925 636.5982344389708 1.059975785292471 638.1054227460698 2.336406837188982 2.256957547180612 622.6012746990808 
94.00013554260778 7.170157199453742E-91 43.58543371470971 1.0578306221207194 636.814034516673 0.0 0.0 281.0 274.62929552740707 2.266185477707372 636.7981192357718 1.0410445383776274 626.7088121033355 2.2820173313986167 2.2926128275286803 636.1487635289781 
95.00026027234324 6.420381753060799E-91 43.26505337148464 1.0620593520382113 639.3597299270027 0.0 0.0 279.0 274.5893521114615 2.2915546273313807 639.3437410254552 1.0455710065316153 629.4337459320308 2.292272956296319 2.2454713734787206 628.5149695316386 
96.00026027234324 6.420381753060799E-91 43.36901420259539 1.0635027697650097 640.2286673985357 0.0 0.0 279.0 275.8942592502332 2.294671942131716 640.2134718547487 1.0413386332893608 626.8858572401905 2.272196090429021 2.2454713734787206 628.5149695316386 
97.00024270222016 6.038330575978259E-91 43.38636527824965 1.0637433156607679 640.3734760277824 0.0 0.0 278.0 278.15821071505815 2.3034480070692505 640.3585459652517 1.0454346425024463 629.3516547864663 2.2625672388695595 2.2454713734787206 628.5149695316386 
98.00020654895239 5.339476310969103E-91 43.494483612278714 1.0642514834008827 640.6793930073311 0.0 0.0 278.0 275.3419239873781 2.304549115867881 640.664654211271 1.029788277386014 619.9325429863794 2.2515007304692096 2.2454713734787206 628.5149695316386 
99.00026027234324 5.339476310969103E-91 43.439666808168184 1.0645958217201705 640.8866846755434 0.0 0.0 277.0 275.5127497207343 2.313619467597778 640.8725925245847 1.060384286450321 638.3513404430934 2.3169575313307282 2.2454713734787206 628.5149695316386 
100.00026027234324 5.339476310969103E-91 44.078538357316674 1.0663430992463179 641.938545746284 0.0 0.0 277.0 277.81332503426836 2.3174182658205806 641.9248596323011 1.0683750636467833 643.1617883153599 2.3150861760717407 2.2454713734787206 628.5149695316386 
101.00026027234324 5.339476310969103E-91 44.33025716435511 1.070334746952022 644.3415176651174 0.0 0.0 277.0 272.87238029937913 2.326095390027182 644.3284230375294 1.0445897173582754 628.8430098496809 2.304531551195296 2.2454713734787206 628.5149695316386 
102.00026027234324 5.339476310969103E-91 44.230871939046864 1.067511977718245 642.6422105863825 0.0 0.0 277.0 271.4481277448173 2.319962562876945 642.6296299169134 1.048105530281687 630.9595292295744 2.3244202657486226 2.2454713734787206 628.5149695316386 
103.00026027234324 5.339476310969103E-91 44.37929382787569 1.066620763081258 642.1056993749177 0.0 0.0 277.0 275.0085276742007 2.318025964351178 642.0931921252763 1.05955989966475 637.8550595981825 2.319401020007066 2.2454713734787206 628.5149695316386 
104.00004659874219 4.719616654703013E-91 44.37929382787569 1.0704228045007131 644.3945283094292 0.0 0.0 277.0 277.7481224574658 2.3262904149066523 644.3824449291426 1.0714955221299485 645.0403043222201 2.322393032273337 2.2454713734787206 628.5149695316386 
105.00026027234324 5.020239185415242E-91 44.977978594711644 1.0730909761136402 646.0007676204111 0.0 0.0 276.0 273.4014995958461 2.3405402022690933 645.9890958262699 1.0535119977645697 634.2142226542627 2.319717425075523 2.2454713734787206 628.5149695316386 
106.00000419808566 9.044235369163959E-91 45.07002763569772 1.072150187185945 645.434412685938 0.0 0.0 277.0 265.7572181675677 2.3300482114142 645.4233545617334 1.026416957126971 617.9030081904328 2.325065759082513 2.3169575313307282 638.3513404430934 
107.00026027234324 1.2538030531500059E-90 45.27078466575276 1.0729494924615919 645.9155944618778 0.0 0.0 278.0 272.4714720446489 2.3233979800688096 645.904638459129 1.071546907561435 645.0712383519909 2.3674817532687804 2.319401020007066 637.8550595981825 
108.00024812584047 1.020159668541154E-90 45.125397598257976 1.0749640187921023 647.1283393128452 0.0 0.0 277.0 271.2656313163156 2.3361659431286785 647.1179662466437 1.059630026825083 637.897276148696 2.351559514020636 2.319401020007066 637.8550595981825 
109.00026027234324 9.587507150436662E-91 45.125397598257976 1.0760171386602781 647.7623174734866 0.0 0.0 279.0 270.3575580835423 2.321697971898866 647.7537341597829 1.0647812950677775 640.9983396307954 2.3709281300459244 2.319401020007066 637.8550595981825 
110.00002529079524 1.2974320054851354E-90 45.125397598257976 1.0758834163094728 647.681816618302 0.0 0.0 280.0 268.0235367522641 2.3131199826209508 647.6735951338661 1.046918225909407 630.2447719974593 2.3514530836894325 2.319401020007066 637.8550595981825 
111.00005782970071 1.1422604530675345E-90 45.125397598257976 1.0779186372547809 648.9070196273778 0.0 0.0 279.0 270.2611314689971 2.325803492877529 648.89917451283 1.0440588128347759 628.5234053265333 2.325615237049483 2.319401020007066 637.8550595981825 
112.00009545720435 1.1422604530675345E-90 45.125397598257976 1.0747426689873207 646.995086730366 0.0 0.0 279.0 272.2898280415442 2.3189512467470883 646.9873978424372 1.051382774609836 632.9324303151228 2.324480627379713 2.319401020007066 637.8550595981825 
113.00020660009923 1.426827712451079E-90 45.35032984611526 1.0776874858484082 648.767866480742 0.0 0.0 279.0 274.3129324979688 2.32530748806646 648.7607891705421 1.0653407409655482 641.3351260612613 2.3379689766030634 2.319401020007066 637.8550595981825 
114.00026027234324 1.2593389374489465E-90 45.811198088449785 1.0792831491320731 649.7284557775077 0.0 0.0 279.0 273.5573057828588 2.328750233684018 649.721315197841 1.0787202268281102 649.389576550513 2.3738703475387273 2.325615237049483 628.5234053265333 
115.00009611205594 1.1829408658475937E-90 46.16761420215006 1.08102496410354 650.7770283903309 0.0 0.0 280.0 270.8309188219895 2.324179914420406 650.7703760377137 1.0681221738035251 643.0095486297272 2.3742102689994624 2.325615237049483 628.5234053265333 
116.00023035177698 1.535351204724275E-90 46.06922827440472 1.0775060484617824 648.6586411739934 0.0 0.0 280.0 269.298167729027 2.316614056721993 648.6519358821579 1.068450755054693 643.2073545429225 2.3884579682329297 2.3379689766030634 641.3351260612613 
117.00026027234324 1.535351204724275E-90 46.21611565609145 1.0772487813762466 648.5037663885 0.0 0.0 280.0 269.63156513001064 2.3160620960044405 648.4973868812431 1.0721855811580594 645.4557198571575 2.3938433155848515 2.3738703475387273 649.389576550513 
118.00026027234324 1.9923939993313493E-90 46.21611565609145 1.0757634606981525 647.6096033402871 0.0 0.0 281.0 270.2023126734918 2.3046383395503796 647.6033734136561 1.0575980188152607 636.6740073267895 2.3562862990596836 2.3738703475387273 649.389576550513 
119.0001646966197 2.3777078384719954E-90 46.362183517980554 1.072689374382376 645.7590033781904 0.0 0.0 280.0 270.9066386686378 2.306260538911554 645.7529508952348 1.0569847651362168 636.3048286120073 2.3487974740637863 2.3738703475387273 649.389576550513 
120.0001355670211 2.0532197128144765E-90 46.362183517980554 1.0735798858546513 646.2950912845009 0.0 0.0 280.0 277.3634738760725 2.3081758283017035 646.2892319244771 1.074330265300737 646.7468197110437 2.3317663666125474 2.325615237049483 628.5234053265333 
121.00026027234324 1.8876265832237905E-90 46.55214142862301 1.0724540673780372 645.6173485615783 0.0 0.0 280.0 275.3751361472383 2.3057565522472134 645.6118346292199 1.0640636284706193 640.566304339319 2.3261588293752826 2.3738703475387273 649.389576550513 
122.00010441041978 1.591816503920718E-90 46.43306876638294 1.0729045095779535 645.888514765928 0.0 0.0 280.0 275.30606269756584 2.3067257559653864 645.8832116703082 1.0743576336493108 646.763295456886 2.349251916647328 2.325615237049483 628.5234053265333 
123.00026027234324 1.6257516520826195E-90 46.99623301461613 1.0744410618276083 646.8135192202201 0.0 0.0 280.0 273.5596863039411 2.310029970869413 646.8083918434354 1.0551963930068207 635.2282285901052 2.3220827497379455 2.3738703475387273 649.389576550513 
124.00026027234324 2.310026861419845E-90 47.449305776558695 1.073827774028325 646.4443199650517 0.0 0.0 280.0 277.67721306749576 2.3087118830658127 646.4393272584273 1.079685715346546 649.9708006386276 2.3407423081584926 0.0 0.0 
125.00000227348995 2.7444213843771463E-90 48.12361463704328 1.0747329599830644 646.9892419098048 0.0 0.0 279.0 279.9472629276448 2.318940223698402 646.984322411854 1.0859922808668823 653.7673530818653 2.335323254261779 2.3738703475387273 649.389576550513 
126.00026027234324 2.7444213843771463E-90 48.316494598303315 1.0734315110862693 646.205769673934 0.0 0.0 277.0 279.0589721218317 2.33285212948261 646.2000398666826 1.0826006955748226 651.7256187360381 2.335440476185469 2.3738703475387273 649.389576550513 
127.00000183962598 4.052106747407564E-90 48.517963777846546 1.076052416076452 647.7835544780237 0.0 0.0 277.0 269.5589584123215 2.3385482267712128 647.7778588156257 1.0449692292238546 629.0714759927598 2.3337064354972115 2.3738703475387273 649.389576550513 
128.00001926397442 3.3480796090770815E-90 48.67022514924308 1.0785284619049507 649.2741340667807 0.0 0.0 277.0 275.1536240445954 2.3439340778019138 649.2697395511306 1.0725010187729023 645.6456133012874 2.3464914029140487 2.3738703475387273 649.389576550513 
129.00026027234324 3.812125587151456E-90 49.01592413447559 1.0809001334915962 650.701880361941 0.0 0.0 278.0 271.37181026725284 2.3406382979373106 650.6974468265726 1.033311013551449 622.0532301579735 2.292254414875893 2.3738703475387273 649.389576550513 
130.00024258203064 4.0676696335447755E-90 48.995505087069326 1.082132050825176 651.4434945967564 0.0 0.0 278.0 272.4837682614226 2.3433066057136887 651.4392363884053 1.0545720941831385 634.8524006982525 2.3298723617517325 2.3738703475387273 649.389576550513 
131.00024569829034 4.631142496208705E-90 49.213747511257175 1.0814703115884596 651.0451275762529 0.0 0.0 276.0 271.7971406641763 2.358841091555823 651.0401412694071 1.0824036782843889 651.6070143272053 2.397402020988549 2.3738703475387273 649.389576550513 
132.00001820057068 4.0676696335447755E-90 49.44065223052473 1.0856490597100017 653.5607339454202 0.0 0.0 276.0 273.9735663901892 2.367955539171285 653.5557288112745 1.0873904380030437 654.6090436778256 2.3893146054300027 2.3738703475387273 649.389576550513 
133.00026027234324 4.0676696335447755E-90 49.40989872685189 1.0849779510900424 653.1567265562053 0.0 0.0 276.0 273.9206286707174 2.366492284932175 653.1518706412804 1.0686684092000995 643.3383823384561 2.348630643337999 2.3738703475387273 649.389576550513 
134.0001802450135 5.272435953404917E-90 49.46730242883281 1.0843421374042792 652.7739667173756 0.0 0.0 276.0 272.34448776854106 2.365106404347986 652.769367600044 1.0746990446883262 646.9688249023737 2.375553220126918 2.3738703475387273 649.389576550513 
135.00026027234324 6.0082037038305945E-90 49.6186836787273 1.0890690073240736 655.6195424090927 0.0 0.0 275.0 273.0973232827716 2.384054786481965 655.6150662825405 1.0955824285598306 659.5406219930234 2.4150387637088593 0.0 0.0 
136.00016737871073 5.2777696684187065E-90 49.609036539317266 1.0884091239545781 655.2222926206558 0.0 0.0 277.0 272.09391315044616 2.3654084982754577 655.2181540223017 1.085067762987514 653.2107933184758 2.4006813888457055 0.0 0.0 
137.00019443977732 5.057658338083406E-90 49.67081065848415 1.0899684844470348 656.161027637115 0.0 0.0 276.0 270.893940827323 2.37738078530616 656.1570967445 1.0835568618335396 652.301230823792 2.4079579957810537 2.375553220126918 646.9688249023737 
138.00026027234324 4.643973065082528E-90 49.698137118413634 1.0932890488534392 658.16000740977 0.0 0.0 275.0 273.93064023587965 2.3932954785818716 658.1562566100146 1.0933523972794286 658.198143162217 2.4027912415911103 2.4150387637088593 659.5406219930234 
139.00026027234324 5.524866878661409E-90 49.79763285520269 1.0918370708707736 657.2859166642053 0.0 0.0 276.0 273.86152625355703 2.381457513102043 657.2822736161638 1.0895246311981055 655.8938279812667 2.3949834683021587 2.4006813888457055 653.2107933184758 
140.0000685468185 4.45667778482848E-90 49.839148178219766 1.0922259456897174 657.5200193052102 0.0 0.0 276.0 270.3903212673315 2.382306160894402 657.516500406855 1.0767982371393974 648.2325387579237 2.3973954974409915 2.4079579957810537 652.301230823792 
141.00026027234324 7.012214781658005E-90 49.81146745238942 1.0924682643157235 657.6658951180651 0.0 0.0 276.0 273.8306256559975 2.3828352114242017 657.6625183530793 1.0826571620243968 651.7596115386865 2.38015601789358 2.4027912415911103 658.198143162217 
142.00026027234324 7.164410760746102E-90 49.79901614199314 1.092397405354267 657.6232380232688 0.0 0.0 276.0 263.60288842587653 2.3826811694077343 657.6200027565349 1.0474865206973027 630.5868854597735 2.392185037217794 2.4006813888457055 653.2107933184758 
143.0002243440901 7.164410760746102E-90 49.79901614199314 1.0955050951841225 659.4940673008417 0.0 0.0 277.0 268.7311803292287 2.3808340388661295 659.4910287659177 1.0918900355416428 657.3178013960692 2.4460049652250033 2.4027912415911103 658.198143162217 
144.0002311631325 7.164410760746102E-90 49.79901614199314 1.0970933797627436 660.4502146171711 0.0 0.0 276.0 269.96465868489906 2.3929248564356085 660.4472603762282 1.0820619732855297 651.4013079178937 2.4129132720227835 2.3949834683021587 655.8938279812667 
145.00026027234324 7.164410760746102E-90 49.852163432708586 1.0988292093085281 661.4951840037342 0.0 0.0 276.0 265.8483423308532 2.396711052989635 661.4922506251393 1.058400338104299 637.1570035387936 2.3966935356920143 2.3973954974409915 648.2325387579237 
146.0002049008143 7.164410760746102E-90 49.8397019496105 1.1000069171410904 662.2041641189361 0.0 0.0 276.0 268.6764344345606 2.399280108702239 662.2013100018181 1.0891103725538263 655.6444442774012 2.440275216757395 2.38015601789358 651.7596115386865 
147.00026027234324 7.164410760746102E-90 49.91534951580028 1.1031187177311246 664.0774680741365 0.0 0.0 276.0 269.4199788482664 2.40606765059777 664.0746715649842 1.089784644548357 656.0503560181131 2.435047166222189 2.38015601789358 651.7596115386865 
148.0001512043305 1.0561258908031136E-89 49.91119007666218 1.1007520606330343 662.6527405010872 0.0 0.0 277.0 270.9816826440574 2.3922383712568194 662.6500288381391 1.1127282560843483 669.8624101627729 2.4719840973260814 2.38015601789358 651.7596115386865 
149.00017824628117 1.3678963649223823E-89 49.91784534567446 1.0970305944567627 660.4124178629712 0.0 0.0 277.0 270.17986999343634 2.384150636965504 660.4097264394445 1.096565246447486 660.1322783613816 2.4433066696546217 2.38015601789358 651.7596115386865 
150.00026027234324 2.781408330326861E-89 49.92533358406204 1.0994027666035575 661.8404654953413 0.0 0.0 277.0 263.6090464264917 2.389306194332162 661.8378158300087 1.0716838265229816 645.153663566836 2.4473881769711547 2.38015601789358 651.7596115386865 
151.00002689979019 3.374590756727936E-89 49.94614014078545 1.0991892087684685 661.7119036786175 0.0 0.0 276.0 270.9211154401339 2.3974976103483847 661.7093404561545 1.088116797141244 655.0463118790273 2.41784886650437 2.38015601789358 651.7596115386865 
152.00026027234324 3.374590756727936E-89 49.95307758644928 1.0951735944988212 659.2945038882904 0.0 0.0 275.0 270.9645124182093 2.397422278042583 659.2911264617103 1.0889347754584267 655.5387348259688 2.419278926881037 2.38015601789358 651.7596115386865 
153.00007526641932 3.374590756727936E-89 49.88984374472555 1.0964903457937325 660.0871881678272 0.0 0.0 276.0 273.1727570629351 2.391611883961302 660.0848799733194 1.1067663779116135 666.2733595027968 2.439018321835427 2.38015601789358 651.7596115386865 
154.00026027234324 3.837575267312542E-89 49.892892661668746 1.0972296866611866 660.5322713700349 0.0 0.0 276.0 273.86684782110717 2.3932246905838204 660.5300146011347 1.0993279764586055 661.7954418280739 2.416486139499316 2.38015601789358 651.7596115386865 
155.00017915509505 5.176099796032427E-89 49.859918816846466 1.0948958181208384 659.1272825087445 0.0 0.0 276.0 273.5020161553042 2.3881341964494367 659.1250382200444 1.114975627552195 671.2153277864259 2.454151297390385 2.38015601789358 651.7596115386865 
156.00006152602876 5.068281662051203E-89 49.859918816846466 1.0939056192384344 658.5311827815374 0.0 0.0 275.0 253.73829842021112 2.394650938224704 658.5290080117938 1.0087876738963444 607.290179685597 2.393372161264656 2.41784886650437 655.0463118790273 
157.00026027234324 5.068281662051203E-89 49.859918816846466 1.096084758484843 659.8430246078758 0.0 0.0 274.0 267.76243670445905 2.408178230479758 659.8408351514537 1.0762835593661937 647.9227027384437 2.4197669796887302 2.41784886650437 655.0463118790273 
158.00026027234324 5.068281662051203E-89 49.80039946714388 1.0988972088956805 661.5361197551994 0.0 0.0 277.0 275.2440458236622 2.388209260858869 661.533965257907 1.1129148377444575 669.9747323221615 2.4341116274369377 2.41784886650437 655.0463118790273 
159.00011298882097 6.1467193724668955E-89 49.75062395958225 1.1035871945203763 664.3594911012657 0.0 0.0 277.0 271.62836269040247 2.398402241037674 664.3574207674353 1.0970911051590388 660.4488453057451 2.4314428683521307 2.41784886650437 655.0463118790273 
160.00026027234324 6.1467193724668955E-89 49.70642083146607 1.1075253304019381 666.7302489019672 0.0 0.0 278.0 273.8597573772034 2.398302713303389 666.7281542983424 1.1004996445124606 662.5007859964987 2.4191242712743546 2.41784886650437 655.0463118790273 
161.00014166826355 7.28929907897588E-89 49.62529994420606 1.1104767017076875 668.5069744280278 0.0 0.0 278.0 271.5597762569354 2.404693969812955 668.5049236080016 1.0977183374990813 660.8264391744445 2.4334474283452265 2.41784886650437 655.0463118790273 
162.00026027234324 7.28929907897588E-89 49.638810892532625 1.1103722174353066 668.444074896055 0.0 0.0 278.0 271.47802005741613 2.404467937170364 668.4420865333612 1.1236028598588108 676.4089216350028 2.4915789554231536 2.41784886650437 655.0463118790273 
163.00016015494305 1.0949953073981437E-88 49.40001773511885 1.1092657588449766 667.7779868246756 0.0 0.0 278.0 272.1413841477608 2.402072227362715 667.7760792068348 1.1158345960584852 671.7324268272001 2.4683214900622352 2.41784886650437 655.0463118790273 
164.00026027234324 1.7155303932504442E-88 49.36928950726758 1.1079843481257285 667.0065775716886 0.0 0.0 278.0 266.07556892740973 2.3992974735160293 667.0046976374565 1.087242002574551 654.5196855498767 2.4599014790735696 2.4191242712743546 662.5007859964987 
165.00004183158003 1.5730417871170072E-88 49.40001773511885 1.1087814662277249 667.4864426690906 0.0 0.0 278.0 272.6605602176333 2.401024012922739 667.4846755925219 1.1134765971549732 670.3129114872993 2.458415368002861 2.4191242712743546 662.5007859964987 
166.00026027234324 2.2145888033795315E-88 49.40001773511885 1.1101181625697694 668.2911338670017 0.0 0.0 278.0 265.86109953636185 2.403918794245298 668.2894248001934 1.0520016820737523 633.3050126083986 2.3820897969384247 2.4191242712743546 662.5007859964987 
167.0002272092712 2.514398000031668E-88 49.24082251725116 1.1085176839958375 667.3276457654943 0.0 0.0 278.0 264.20492921162213 2.400452980505147 667.3259285804307 1.0504859215478288 632.3925247717955 2.393568230005518 2.4683214900622352 671.7324268272001 
168.0001415134763 3.239330732754605E-88 49.194065948749255 1.1135408164599132 670.3515715088676 0.0 0.0 278.0 273.32734342690287 2.411330477391189 670.3498727147504 1.1147686496076616 671.0907270638066 2.455263782429727 2.4683214900622352 671.7324268272001 
169.00008070599233 3.0386603514769925E-88 49.194065948749255 1.1136503308941275 670.4174991982658 0.0 0.0 278.0 273.5111076163522 2.4115679543234934 670.415891301932 1.1033068405241173 664.1907179955217 2.428386634034501 2.458415368002861 670.3129114872993 
170.00026027234324 2.673753822889169E-88 48.98026441175278 1.1171778171979148 672.5410459531445 0.0 0.0 278.0 273.45152281848357 2.4192069268225267 672.5395256566626 1.1093900221607045 667.8527933407457 2.4423078228167876 2.3820897969384247 633.3050126083986 
171.00026027234324 2.673753822889169E-88 48.98026441175278 1.1192974521565169 673.8170661982232 0.0 0.0 278.0 275.20448966001504 2.4237971261744353 673.8156010764932 1.1174470880860805 672.7031470278229 2.444375627224955 2.3820897969384247 633.3050126083986 
172.00026027234324 3.529262644759235E-88 48.887833457988975 1.1184827503370476 673.3266157029028 0.0 0.0 278.0 262.1702803059283 2.4220330818588045 673.3251967567476 1.057638595018654 636.6984342012346 2.4285683085751244 2.3820897969384247 633.3050126083986 
173.00026027234324 5.178362914638511E-88 48.887833457988975 1.1177107161506008 672.8618511226612 0.0 0.0 278.0 274.3449819651472 2.4203614629103924 672.860486689089 1.1123483281322186 669.6336935355988 2.440845422937858 2.3820897969384247 633.3050126083986 
174.00026027234324 5.178362914638511E-88 48.92152334613731 1.122212343289018 675.5718306599896 0.0 0.0 279.0 276.47897419799455 2.4214008827964375 675.5708463002068 1.1233037096690128 676.2288332207469 2.4458598892821413 2.3820897969384247 633.3050126083986 
175.00026027234324 5.178362914638511E-88 48.73272536721265 1.1179397191943778 672.999710955016 0.0 0.0 277.0 275.0744215899173 2.4295984465579283 672.9987696965462 1.120229271603261 674.3780215051737 2.4516202473763293 2.3820897969384247 633.3050126083986 
176.00004137823197 5.178362914638511E-88 48.76549560133569 1.119821471456431 674.1325258167715 0.0 0.0 277.0 257.1040003807725 2.4336882249658283 674.1316383155342 1.0328364337161833 621.7675330971387 2.4183502869511844 2.3820897969384247 633.3050126083986 
177.00026027234324 5.178362914638511E-88 48.665628733880204 1.1185278290145515 673.3537530667602 0.0 0.0 277.0 271.86337988203564 2.43087674227187 673.3528576093078 1.1152322742853775 671.3698291198027 2.469511816601107 2.3820897969384247 633.3050126083986 
178.00026027234324 5.679078403855992E-88 48.51877241722072 1.1178827335302817 672.9654055852292 0.0 0.0 277.0 265.1878205118072 2.4294748538076365 672.9645345047151 1.0768295541637263 648.2513916065662 2.444499111442803 2.4458598892821413 676.2288332207469 
179.00026027234324 6.685003569354854E-88 48.36241707777258 1.1226181899241143 675.8161503343166 0.0 0.0 276.0 274.294302133894 2.448606235217381 675.815320919997 1.1231062722228704 676.1099758781703 2.4649071111514886 2.4516202473763293 674.3780215051737 
180.0001373453767 6.540956517089015E-88 48.35220831170173 1.1215250695244545 675.1580918537219 0.0 0.0 275.0 261.10155194922214 2.4551174729671805 675.1573050659752 1.0572525346250865 636.4660258443073 2.4376187008190757 2.4516202473763293 674.3780215051737 
181.00026027234324 7.594991118166298E-88 48.35220831170173 1.1215328189392766 675.1627570014444 0.0 0.0 276.0 262.805857106715 2.446239225226193 675.1620261624295 1.0566681835808964 636.114246515696 2.420472106363274 2.4516202473763293 674.3780215051737 
182.00026027234324 8.864361984476714E-88 48.17363570401571 1.1195109836680632 673.9456121681745 0.0 0.0 277.0 273.40108458013475 2.4330140747349036 673.944898701569 1.1192518982340511 673.7896427369004 2.4644731888011604 2.4516202473763293 674.3780215051737 
183.0001313049581 8.246684073295361E-88 48.04134019547783 1.1220208651649248 675.4565608292851 0.0 0.0 278.0 271.7908353948491 2.429697353163811 675.4558641795396 1.0942285687885573 658.7255984107125 2.4236490441399052 2.4516202473763293 674.3780215051737 
184.00026027234324 9.786136530568497E-88 47.77863442328571 1.1248797728420343 677.1776232509047 0.0 0.0 279.0 258.08629642797837 2.4271575754880423 677.1769635611638 1.045206423168758 629.2142667475921 2.4379995197582325 2.4516202473763293 674.3780215051737 
185.00026027234324 9.786136530568497E-88 47.750771680697845 1.123917889565238 676.598569518273 0.0 0.0 279.0 267.5892586129485 2.425082168139966 676.597924911051 1.0863064188517937 653.956464148779 2.4438815950183073 2.4516202473763293 674.3780215051737 
186.00007582293617 1.1847893378459252E-87 47.617521069462136 1.1228120790918343 675.9328716132836 0.0 0.0 279.0 276.6161867845684 2.422696226633158 675.932247230651 1.1278028139083265 678.9372939728165 2.454438049576542 2.4516202473763293 674.3780215051737 
187.00026027234324 1.5087837665795594E-87 47.33477506784893 1.1266597785040515 678.249186659439 0.0 0.0 279.0 270.8242303670262 2.4309984206098885 678.2485593501591 1.0984341629804295 661.2573661142172 2.441647725604421 2.4516202473763293 674.3780215051737 
188.00026027234324 1.246143863171117E-87 46.96021637733556 1.1256492017866493 677.6408194755626 0.0 0.0 279.0 276.44036530839685 2.428817922738504 677.6402004440423 1.119579448075126 673.9868277412227 2.4380912208292123 2.4516202473763293 674.3780215051737 
189.00026027234324 1.246143863171117E-87 46.90754613831935 1.127755547599036 678.9088396546198 0.0 0.0 280.0 271.36123160244347 2.4246722557414455 678.9082316076049 1.0984022212148359 661.2381371713244 2.4367450474283974 2.4379995197582325 629.2142667475921 
190.00011089855207 1.246143863171117E-87 46.90754613831935 1.1256093754532281 677.616844022843 0.0 0.0 280.0 277.4234167136878 2.4200580730874117 677.616260464475 1.1228323338547863 675.9450649805734 2.43651048994965 2.4438815950183073 653.956464148779 
191.00018016713256 1.713860311206111E-87 46.63005207773717 1.129273815444871 679.8228368978125 0.0 0.0 280.0 274.2339737245535 2.4279366925906927 679.8222739253941 1.1305747298863946 680.6059873916059 2.4818441644842344 2.454438049576542 678.9372939728165 
192.00013059368206 1.713860311206111E-87 46.63005207773717 1.1287901635579096 679.5316784618618 0.0 0.0 280.0 269.2508207669068 2.4268969368014304 679.531142304401 1.0795476833672841 649.88770538711 2.4136888553804052 2.441647725604421 661.2573661142172 
193.0002197077056 1.713860311206111E-87 46.435648452691055 1.130995322988478 680.8591844390643 0.0 0.0 280.0 276.3522002863353 2.4316381311263 680.8586767153647 1.133197970216974 682.185178070623 2.4685353594572224 2.4380912208292123 673.9868277412227 
194.0002089628778 1.571719967519593E-87 46.31352877314907 1.1302803903733103 680.428795004733 0.0 0.0 280.0 276.88777638345124 2.430101025120939 680.4282870338631 1.1307881283927037 680.7344532924147 2.4585211459450336 2.4367450474283974 661.2381371713244 
195.0000508585279 2.2208684613651265E-87 46.31352877314907 1.1312886914772 681.0357922692747 0.0 0.0 280.0 268.38968552410336 2.432268884202447 681.0352875766854 1.0891489763839401 655.6676837831375 2.4429690079287854 2.43651048994965 675.9450649805734 
196.00002641097484 2.5218359982856176E-87 46.31352877314907 1.1313908778421304 681.0973084609627 0.0 0.0 280.0 277.2670858038746 2.4324886510354506 681.0968222899263 1.147915987001126 691.0454241746808 2.4923456823991477 2.4818441644842344 680.6059873916059 
197.00026027234324 2.3097066852559426E-87 46.2415415109582 1.1324644851815877 681.7436200793157 0.0 0.0 280.0 274.82036014716425 2.434796973906206 681.743152693738 1.1349119812993964 683.2170127422403 2.486049477470966 2.4136888553804052 649.88770538711 
198.00013601770218 2.4134954619438175E-87 46.069228274161944 1.129766854509424 680.1196464146741 0.0 0.0 280.0 264.8676522460057 2.4289971236763677 680.1191946293835 1.0881974808202801 655.0948834538018 2.4732913887323544 2.4685353594572224 682.185178070623 
199.00026027234324 2.125457784218613E-87 45.694274492537645 1.130080495598149 680.3084583500854 0.0 0.0 280.0 272.31916626043517 2.4296714542497475 680.3080071899291 1.1141320322481632 670.7074834133989 2.462946301664133 2.4585211459450336 680.7344532924147 
200.00013178711674 2.125457784218613E-87 45.694274492537645 1.1322817807350514 681.633632002501 0.0 0.0 280.0 275.008404708206 2.434404255115814 681.6331914324281 1.1122215412146117 669.5573678111969 2.434679654687724 2.4429690079287854 655.6676837831375 
201.0001014356236 1.9464975931240885E-87 45.694274492537645 1.1325769202240676 681.8113059748882 0.0 0.0 280.0 274.42555074447586 2.4350388674627963 681.8108828895824 1.1155268039022783 671.5471359491769 2.4471013509032558 2.4923456823991477 691.0454241746808 
202.0002095657987 2.8495611068538314E-87 45.4267338563964 1.136314048578511 684.0610572442641 0.0 0.0 280.0 271.45891367500707 2.443073755027676 684.0606514077496 1.0988488253968582 661.5069928889142 2.436858616773498 2.4923456823991477 691.0454241746808 
203.00026027234324 2.9129623128672544E-87 44.98872461742158 1.1375043845406834 684.777639493492 0.0 0.0 279.0 277.73558960946434 2.454398218194812 684.777102876353 1.1215111108728484 675.1496887454514 2.430908079496789 2.4923456823991477 691.0454241746808 
204.00026027234324 3.5239665182458466E-87 45.084302070839485 1.1369618334693838 684.4510237485694 0.0 0.0 279.0 279.2912005806798 2.4532276421125965 684.4505121494149 1.1333074771394458 682.2511012379437 2.4427948314141728 2.4923456823991477 691.0454241746808 
205.00026027234324 3.5239665182458466E-87 44.84150298721751 1.1369734762724537 684.458032716017 0.0 0.0 279.0 275.5068072833662 2.4532528753818745 684.457552231543 1.1262178234496019 677.9831297166523 2.460857996221227 2.4923456823991477 691.0454241746808 
206.00026027234324 3.103882892647762E-87 44.67217315185582 1.140987603671131 686.8745374100214 0.0 0.0 279.0 274.59004747733104 2.461914319292609 686.8740950826381 1.1471955198598875 690.6117029556572 2.5150645819115898 2.4923456823991477 691.0454241746808 
207.00007383157754 2.6601477106705397E-87 44.77056011862511 1.1427994689711993 687.9652803206623 0.0 0.0 279.0 277.43884713838696 2.4658238086356623 687.96484260935 1.158184129763118 697.2268461174048 2.5130829849852527 2.4923456823991477 691.0454241746808 
208.0001765186886 2.7195158652414993E-87 44.30342085674286 1.1469438335425668 690.4601877926249 0.0 0.0 279.0 272.8328770236356 2.47476620592321 690.4597714525756 1.1423390038978634 687.6880803465126 2.5205469657783874 2.4923456823991477 691.0454241746808 
209.0001468877197 3.289834327245957E-87 43.78955101632431 1.145488028674688 689.5837932621621 0.0 0.0 279.0 272.0795838172382 2.471625094120184 689.5834012595311 1.143254538688197 688.2392322902982 2.5295511799687387 2.4427948314141728 682.2511012379437 
210.00026027234324 2.945754510478035E-87 43.15199113603801 1.1455268807869226 689.6071822337273 0.0 0.0 279.0 265.82099253621067 2.4717089517181194 689.6067975293554 1.1115929488325698 669.1789551972137 2.5174044713795762 2.460857996221227 677.9831297166523 
211.00026027234324 4.096904348394051E-87 43.23549901696451 1.147076013520432 690.5397601393 0.0 0.0 279.0 271.9741339436749 2.475051644234433 690.5394087414066 1.1477627661355756 690.9531852136163 2.540510655166608 2.460857996221227 677.9831297166523 
212.00026027234324 4.634669934146972E-87 43.490859222804865 1.147727036371145 690.9316758954293 0.0 0.0 280.0 276.1108384031629 2.467612290405669 690.9314413135874 1.143570267147628 688.4293008228768 2.4933077774283805 2.460857996221227 677.9831297166523 
213.00026027234324 5.4613625949709705E-87 43.767175409137025 1.1509576633766836 692.8765133527636 0.0 0.0 280.0 272.02907207598304 2.4745581604437104 692.8762849242387 1.1521630476385456 693.6021546783967 2.5497353991806437 2.460857996221227 677.9831297166523 
214.00026027234324 5.584425997035494E-87 43.767175409137025 1.147537583378454 690.8176251938298 0.0 0.0 280.0 264.0794560375449 2.4672050154525267 690.8174043267078 1.0977590950987237 660.8509752494331 2.5024702230357447 2.460857996221227 677.9831297166523 
215.00026027234324 5.447393334887807E-87 43.767175409137025 1.148935064007561 691.6589085325515 0.0 0.0 278.0 272.98989312599446 2.487980940551089 691.6587014732029 1.1425514126095502 687.815950390955 2.5195656238947413 2.460857996221227 677.9831297166523 
216.00026027234324 7.0176338014265E-87 43.767175409137025 1.1487402272664136 691.541616814381 0.0 0.0 278.0 276.4889915628432 2.4875590433084818 691.5414140397579 1.139224787204198 685.8133218969215 2.480436266270091 2.460857996221227 677.9831297166523 
217.00026027234324 9.038897482274786E-87 43.767175409137025 1.152281976120504 693.6737496245435 0.0 0.0 279.0 249.55586384162393 2.486285126849628 693.673550391046 1.017601264581672 612.59596127817 2.454744808829428 2.460857996221227 677.9831297166523 
218.00026027234324 1.0927186668512326E-86 43.767175409137025 1.1499223649991586 692.2532637294934 0.0 0.0 278.0 258.0523216823506 2.4901189435770834 692.2530663144295 1.0734951862426079 646.2441021180543 2.5043142332722286 2.460857996221227 677.9831297166523 
219.0000284035735 1.0257673872390152E-86 44.23259206190631 1.1524941162936844 693.8014580087984 0.0 0.0 278.0 269.3760918127888 2.4956880155471404 693.8012683221053 1.1284850272873377 679.3479864269683 2.521931259211757 2.460857996221227 677.9831297166523 
220.00016316927167 9.183305416892608E-87 44.23259206190631 1.1559742473749772 695.8964969197364 0.0 0.0 278.0 273.36761864594763 2.503224158890773 695.8963161716352 1.131948748410249 681.4331465429754 2.4927354231575403 2.480436266270091 685.8133218969215 
221.00018499817998 8.219180765025253E-87 44.344790019218706 1.1554583372622211 695.585919031857 0.0 0.0 279.0 272.72427189744064 2.4931388511514037 695.5857394712418 1.1264633980380947 678.1309656189363 2.486507566418404 2.480436266270091 685.8133218969215 
222.00026027234324 9.935562977217835E-87 44.28890156003364 1.1564915389012873 696.207906418575 0.0 0.0 278.0 274.36858623141853 2.5043440919023556 696.2076575488549 1.153717305551981 694.5378179423006 2.5314042962501793 2.454744808829428 612.59596127817 
223.00026027234324 8.315124587366928E-87 44.28890156003364 1.1590095144899262 697.723727722935 0.0 0.0 278.0 275.25928061248493 2.5097966989097387 697.7234822969072 1.1594011594536324 697.959497991088 2.535643835288839 2.5043142332722286 646.2441021180543 
224.00026027234324 6.954024386427958E-87 44.38052660295869 1.158295703993985 697.2940138043789 0.0 0.0 277.0 272.60984503723137 2.5173060495199744 697.2937757170328 1.1464250907971134 690.1479046598641 2.5316323574653294 2.4927354231575403 681.4331465429754 
225.00026027234324 6.800023690083822E-87 44.51460999896625 1.1573175770528665 696.7051813858251 0.0 0.0 278.0 254.31315449924458 2.506132934114672 696.7049556838786 1.0571449593026938 636.4012655002264 2.5024315661269374 2.4927354231575403 681.4331465429754 
226.00026027234324 5.943665887984912E-87 44.811618614726484 1.155090497298719 695.364479373829 0.0 0.0 279.0 275.5499701962653 2.4923450172929855 695.3642598247429 1.1670014102280155 702.5348489572692 2.5495733077266403 2.4927354231575403 681.4331465429754 
227.0001792424047 1.2678733925371712E-86 44.770560119119956 1.1557200179316034 695.7434507948245 0.0 0.0 279.0 271.57590107687247 2.4937033744561306 695.7432414732601 1.1412574048822062 687.0369577390904 2.5298156243422247 2.4927354231575403 681.4331465429754 
228.0001218496388 1.087969619956422E-86 44.770560119119956 1.1526489944845455 693.8946946796959 0.0 0.0 279.0 267.07004216461183 2.4870772559208056 693.8945544019047 1.1227018289043567 675.866501000428 2.530671338209658 2.4927354231575403 681.4331465429754 
229.0000000527567 9.941967959624788E-87 44.99397360834362 1.1548237433769433 695.2038935129202 0.0 0.0 279.0 271.4764293395323 2.491769749050092 695.2037599849758 1.1443339988614636 688.8890673146085 2.5375649333188455 2.4927354231575403 681.4331465429754 
230.00026027234324 1.1689325744867863E-86 44.93876490639919 1.1545695454381917 695.0508663537917 0.0 0.0 280.0 273.44862459054167 2.482324057084508 695.0507359836622 1.1497190802659158 692.1308863200788 2.531118550537478 2.4927354231575403 681.4331465429754 
231.00026027234324 1.5040108616826225E-86 44.93876490639919 1.1518575165500207 693.4182249631117 0.0 0.0 279.0 260.11509214839697 2.4853695207341637 693.4180962848312 1.082293387781581 651.5406194445083 2.504816671970733 2.4927354231575403 681.4331465429754 
232.00026027234324 1.437511113940361E-86 44.93876490639919 1.1528689365224907 694.0270997865393 0.0 0.0 280.0 273.74539396590546 2.478667774024105 694.0269767267495 1.1600938635341103 698.3765058475415 2.5511899788696466 2.4927354231575403 681.4331465429754 
233.00026027234324 1.437511113940361E-86 45.29292246057566 1.1531107946450745 694.1726983763347 0.0 0.0 279.0 270.81001537196335 2.4880737667981214 694.1725809366759 1.1285151353958578 679.366111508309 2.5086447064196835 2.5495733077266403 702.5348489572692 
234.00026027234324 1.849249519772426E-86 45.29292246057566 1.1529345466657506 694.0665970927813 0.0 0.0 279.0 275.7959558432768 2.487693486487145 694.0664827299132 1.1401254785061543 686.3555380607086 2.488635251964084 2.5495733077266403 702.5348489572692 
235.00000064851 1.849249519772426E-86 45.29292246057566 1.1506524882370777 692.6927979187209 0.0 0.0 279.0 273.39190942991735 2.4827694893127266 692.6926875182511 1.156541442587401 696.2379484376131 2.5466662487906953 2.5495733077266403 702.5348489572692 
236.00026027234324 2.6972872842267683E-86 45.65874831894672 1.1561464464799305 696.0001607809181 0.0 0.0 279.0 275.78042878822697 2.4946238418351383 696.0000518720035 1.1569718242502178 696.4970381986232 2.5255491887477857 2.5495733077266403 702.5348489572692 
237.00005709828133 2.6972872842267683E-86 45.796947932675735 1.1574338600456102 696.7751837474568 0.0 0.0 279.0 270.83587207745967 2.4974017022015 696.7750749142181 1.139417817310158 685.9295260207062 2.5326391247926305 2.5495733077266403 702.5348489572692 
238.00019507789168 2.378497012206032E-86 46.07946701812952 1.15709481649083 696.571079527479 0.0 0.0 279.0 274.2307728286304 2.4966701789776438 696.5709799347624 1.1510685526840365 692.9432687157866 2.526861816302483 2.5495733077266403 702.5348489572692 
239.00026027234324 2.1725269931642503E-86 45.96900890013107 1.1567959448256568 696.3911587850453 0.0 0.0 279.0 266.65076855138926 2.496025316169242 696.391063211218 1.1266542672979243 678.2458689133463 2.5435736510267506 2.5495733077266403 702.5348489572692 
240.00009383059688 1.9394778371803745E-86 46.295007066524505 1.1569600707396777 696.4899625852856 0.0 0.0 278.0 269.0734455508561 2.505359246150002 696.4898704297003 1.1271782654663034 678.5613158107229 2.521844228892783 2.5495733077266403 702.5348489572692 
241.0001172854903 2.655890203863066E-86 46.347761971022265 1.1593148961336674 697.9075674724676 0.0 0.0 278.0 272.6726968284531 2.5104585556453727 697.9074784694136 1.1396074953389983 686.0437121940697 2.515997091654839 2.5495733077266403 702.5348489572692 
242.00026027234324 3.414628767477814E-86 46.6870792065365 1.1614182926509873 699.1738121758938 0.0 0.0 278.0 275.4046946350209 2.5150134197441254 699.1737306888665 1.1543062589223934 694.8923678712806 2.5231682008623135 2.5495733077266403 702.5348489572692 
243.00008663710716 3.2067668738305573E-86 46.895039127113805 1.1610530531463226 698.9539379940862 0.0 0.0 278.0 274.5387021133947 2.5142225057250456 698.9538565915626 1.156589375793777 696.2668042278574 2.5361335173074186 2.5495733077266403 702.5348489572692 
244.00026027234324 2.8619786614307027E-86 46.99910509453027 1.1645556092199512 701.0624767504107 0.0 0.0 279.0 259.64577282106774 2.5127684518086517 701.0623980546139 1.096608096670886 660.1580741958771 2.5425334948580827 2.5435736510267506 678.2458689133463 
245.00026027234324 2.9953064848451097E-86 46.99910509453027 1.1648274808715167 701.226143484653 0.0 0.0 279.0 259.76769840635745 2.5133550868040975 701.2260692183432 1.0845990452445204 652.9286252372061 2.513509682854497 2.521844228892783 678.5613158107229 
246.00001020952348 2.9953064848451097E-86 47.068872164857694 1.164996081776326 701.3276412293487 0.0 0.0 277.0 265.5957914639648 2.5318684858380776 701.3275705771476 1.122986531151625 676.0378917532686 2.5453637199104158 2.5231682008623135 694.8923678712806 
247.00026027234324 4.099902632080382E-86 47.068872164857694 1.163745603665061 700.5748534063666 0.0 0.0 278.0 275.62495891674763 2.5200531866961873 700.5747859015399 1.1768156339720321 708.4430116511716 2.5703151646188775 2.5361335173074186 696.2668042278574 
248.00006377793898 4.099902632080382E-86 47.55090318345634 1.1657167834043984 701.7615036094478 0.0 0.0 279.0 262.37170245640925 2.5152739716693198 701.7614380957401 1.1122852917156374 669.5957456128181 2.552088275312638 2.5361335173074186 696.2668042278574 
249.0000548201087 5.269294899937142E-86 47.63948310071037 1.168780786201641 703.6060332933878 0.0 0.0 279.0 274.53661938889525 2.5218852025608474 703.605971514476 1.1654992920175873 701.6305737945879 2.555690295001018 2.5361335173074186 696.2668042278574 
250.0000131049034 5.939727311532742E-86 47.77704182890847 1.1717056113154058 705.3667780118734 0.0 0.0 278.0 272.65745978857916 2.5372903476893587 705.3667166576413 1.154146883184469 694.7964236770497 2.548239187058372 2.5361335173074186 696.2668042278574 
251.00002218298175 5.2099133556264616E-86 47.77704182890847 1.1687294307967164 703.5751173396234 0.0 0.0 277.0 272.38010723058306 2.5399820673840905 703.5750326653931 1.1649451257009569 701.2969656719738 2.5746996460291856 2.5361335173074186 696.2668042278574 
252.0000557438152 0.0 0.0 0.0 0.0 0.0 0.0 278.0 273.6806287258241 0.0 0.0 1.1413389149327602 687.0860267895166 2.5105394926501945 2.5361335173074186 696.2668042278574 
253.00010075122006 0.0 0.0 0.0 0.0 0.0 0.0 278.0 269.04470876085634 0.0 0.0 0.6974473662286621 419.8633144696499 1.5605707928746166 2.5361335173074186 696.2668042278574 
254.00026027234324 0.0 0.0 0.0 0.0 0.0 0.0 278.0 276.435781321045 0.0 0.0 0.24459458573512438 147.24594061254498 0.5326587604140057 2.5361335173074186 696.2668042278574 
255.0001137813898 0.0 0.0 0.0 0.0 0.0 0.0 278.0 272.9718188283553 0.0 0.0 0.04686262491323687 28.21130019776829 0.10334876442138356 2.5361335173074186 696.2668042278574 
256.0000377364234 0.0 0.0 0.0 0.0 0.0 0.0 277.0 272.6067083940871 0.0 0.0 0.006292766949128531 3.7882457033753423 0.01389637740645384 2.5361335173074186 696.2668042278574 
257.0001560144161 0.0 0.0 0.0 0.0 0.0 0.0 277.0 274.93642882097896 0.0 0.0 0.001264162521705092 0.7610258380664761 0.0027680065582069793 2.552088275312638 669.5957456128181 
258.0000045551315 0.0 0.0 0.0 0.0 0.0 0.0 277.0 275.42964893449164 0.0 0.0 8.647421291898325E-4 0.5205747617722737 0.001890046201584084 2.5105394926501945 687.0860267895166 
259.0002602723432 0.0 0.0 0.0 0.0 0.0 0.0 278.0 269.62228677003924 0.0 0.0 3.112123305665664E-4 0.18734982300107114 6.948602997379877E-4 2.5105394926501945 687.0860267895166 
260.0002602723432 0.0 0.0 0.0 0.0 0.0 0.0 279.0 276.7970337205899 0.0 0.0 2.9265468118426795E-4 0.17617811807292721 6.364884612555801E-4 2.5105394926501945 687.0860267895166 
261.000039606025 0.0 0.0 0.0 0.0 0.0 0.0 278.0 272.01807735765857 0.0 0.0 2.6761450015380607E-4 0.1611039290925914 5.92254495206826E-4 2.5105394926501945 687.0860267895166 
262.0002602723432 0.0 0.0 0.0 0.0 0.0 0.0 278.0 269.7585769512497 0.0 0.0 7.531711734137419E-5 0.045340904639507004 1.6807956637353159E-4 0.5326587604140057 147.24594061254498 
263.0002602723432 0.0 0.0 0.0 0.0 0.0 0.0 278.0 272.8550901914372 0.0 0.0 4.1228003951900567E-5 0.024819258379044338 9.096131709190749E-5 0.5326587604140057 147.24594061254498 
264.0002602723432 0.0 0.0 0.0 0.0 0.0 0.0 277.0 278.44064341560863 0.0 0.0 5.209180434973948E-6 0.0031359266218543513 1.126246004673095E-5 0.5326587604140057 147.24594061254498 
265.0002602723432 0.0 0.0 0.0 0.0 0.0 0.0 277.0 274.9241133070171 0.0 0.0 4.869967435112503E-7 2.9317203959377256E-4 1.0663744117140332E-6 6.364884612555801E-4 0.17617811807292721 
266.0002333558089 0.0 0.0 0.0 0.0 0.0 0.0 278.0 276.38507717923545 0.0 0.0 4.466521222636393E-8 2.688845776027133E-5 9.728621398337723E-8 5.92254495206826E-4 0.1611039290925914 
267.0002602723432 0.0 0.0 0.0 0.0 0.0 0.0 278.0 275.5376434088223 0.0 0.0 2.024459677813821E-8 1.2187247260439381E-5 4.4230788612635584E-8 5.92254495206826E-4 0.1611039290925914 
268.0002602723432 0.0 0.0 0.0 0.0 0.0 0.0 278.0 277.11609364995354 0.0 0.0 1.23560113978254E-8 7.438318861490818E-6 2.6841886963399263E-8 5.92254495206826E-4 0.1611039290925914 
269.0002602723432 0.0 0.0 0.0 0.0 0.0 0.0 278.0 278.0871553347715 0.0 0.0 6.7845406297678984E-9 4.084293459120316E-6 1.4687098561612792E-8 5.92254495206826E-4 0.1611039290925914 
270.0002602723432 0.0 0.0 0.0 0.0 0.0 0.0 279.0 273.15795901133384 0.0 0.0 2.1219707422643915E-9 1.2774263868431585E-6 4.676511683813524E-9 5.92254495206826E-4 0.1611039290925914 
271.00008645044045 0.0 0.0 0.0 0.0 0.0 0.0 277.0 276.02728212645786 0.0 0.0 3.876395793021343E-10 2.3335902673988122E-7 8.454201517405486E-10 5.92254495206826E-4 0.1611039290925914 
272.00013391673383 0.0 0.0 0.0 0.0 0.0 0.0 277.0 274.0726145857866 0.0 0.0 5.339657707972388E-11 3.214473940199359E-8 1.1728548454421398E-10 5.92254495206826E-4 0.1611039290925914 
273.0002602723432 0.0 0.0 0.0 0.0 0.0 0.0 278.0 272.99624574052814 0.0 0.0 1.1383207379546638E-11 6.852690842486966E-9 2.5101776853738022E-11 5.92254495206826E-4 0.1611039290925914 
274.0001500096401 0.0 0.0 0.0 0.0 0.0 0.0 278.0 273.2258833008368 0.0 0.0 8.190457275147578E-12 4.9306552796389E-9 1.8046076821389487E-11 5.92254495206826E-4 0.1611039290925914 
275.0001005334946 0.0 0.0 0.0 0.0 0.0 0.0 275.0 268.902387248788 0.0 0.0 2.6652104774681312E-12 1.6044567074358241E-9 5.966688224122695E-12 1.1728548454421398E-10 3.214473940199359E-8 
276.00002222684594 0.0 0.0 0.0 0.0 0.0 0.0 276.0 277.1837127081173 0.0 0.0 2.522294259593423E-13 1.5184211442752368E-10 5.478031625451887E-13 4.676511683813524E-9 1.2774263868431585E-6 
277.0002558268225 0.0 0.0 0.0 0.0 0.0 0.0 276.0 268.9035838667085 0.0 0.0 1.1921816921289863E-13 7.176933786616459E-11 2.668961745847894E-13 2.552088275312638 669.5957456128181 
278.00023689483 0.0 0.0 0.0 0.0 0.0 0.0 277.0 268.12379333399 0.0 0.0 1.1376614140859346E-13 6.848721712797383E-11 2.5543132997026603E-13 1.8046076821389487E-11 4.9306552796389E-9 
279.00000603659726 0.0 0.0 0.0 0.0 0.0 0.0 277.0 272.2357759207238 0.0 0.0 1.1388145918590113E-13 6.855663842991304E-11 2.5182817430239963E-13 1.8046076821389487E-11 4.9306552796389E-9 
280.00009727143726 0.0 0.0 0.0 0.0 0.0 0.0 278.0 272.9130107195619 0.0 0.0 5.8490850328584516E-15 3.521149189780824E-12 1.2902093529718385E-14 1.8046076821389487E-11 4.9306552796389E-9 
281.0002602723432 0.0 0.0 0.0 0.0 0.0 0.0 280.0 271.15703051713774 0.0 0.0 1.3181041943748211E-15 7.93498725013649E-13 2.926343910391429E-15 1.8046076821389487E-11 4.9306552796389E-9 
282.0002602723432 0.0 0.0 0.0 0.0 0.0 0.0 279.0 273.7728946056062 0.0 0.0 1.6467997895832239E-16 9.913734733291074E-14 3.621152761515224E-16 1.8046076821389487E-11 4.9306552796389E-9 
283.00003595497145 0.0 0.0 0.0 0.0 0.0 0.0 279.0 268.555258643241 0.0 0.0 2.9163215596711685E-17 1.7556255789220527E-14 6.53729734353961E-17 1.8046076821389487E-11 4.9306552796389E-9 
284.0002602723432 0.0 0.0 0.0 0.0 0.0 0.0 279.0 272.87152711074447 0.0 0.0 6.365409273821319E-19 3.8319763828404474E-16 1.4043152187458702E-18 1.8046076821389487E-11 4.9306552796389E-9 
285.0002602723432 0.0 0.0 0.0 0.0 0.0 0.0 279.0 269.2533370324844 0.0 0.0 8.615114447546596E-20 5.186298897423019E-17 1.92617813193428E-19 1.8046076821389487E-11 4.9306552796389E-9 
286.0001621122522 0.0 0.0 0.0 0.0 0.0 0.0 279.0 273.31705676933535 0.0 0.0 7.247686353816736E-20 4.363107184997731E-17 1.5963537865402797E-19 1.8046076821389487E-11 4.9306552796389E-9 
287.0002602723432 0.0 0.0 0.0 0.0 0.0 0.0 279.0 270.58922722211554 0.0 0.0 7.181286058061458E-20 4.323134206953018E-17 1.5976741762170508E-19 1.4043152187458702E-18 3.8319763828404474E-16 
288.0000777943287 0.0 0.0 0.0 0.0 0.0 0.0 278.0 274.5257841664421 0.0 0.0 2.5516248902298068E-21 1.5360781839183573E-18 5.595387655780446E-21 1.8046076821389487E-11 4.9306552796389E-9 
289.0001440926344 0.0 0.0 0.0 0.0 0.0 0.0 278.0 275.3451594631234 0.0 0.0 2.6062103432681194E-21 1.568938626647406E-18 5.698079565686106E-21 1.8046076821389487E-11 4.9306552796389E-9 
290.0002602723432 0.0 0.0 0.0 0.0 0.0 0.0 278.0 273.2576720677854 0.0 0.0 1.104669355365557E-21 6.650109519300695E-19 2.4336405521492702E-21 1.8046076821389487E-11 4.9306552796389E-9 
291.0002602723432 0.0 0.0 0.0 0.0 0.0 0.0 279.0 269.796556330982 0.0 0.0 8.474058029512695E-23 5.101382933766671E-20 1.8908258145105372E-22 1.4043152187458702E-18 3.8319763828404474E-16 
292.0002602723432 0.0 0.0 0.0 0.0 0.0 0.0 280.0 277.0695468737037 0.0 0.0 2.3896232580153534E-24 1.4385532013252386E-21 5.192029284910812E-24 1.4043152187458702E-18 3.8319763828404474E-16 
293.00006383413904 0.0 0.0 0.0 0.0 0.0 0.0 280.0 277.53191716861267 0.0 0.0 1.9975180479960325E-26 1.2025058648935947E-23 4.332856116736369E-26 1.4043152187458702E-18 3.8319763828404474E-16 
294.0002602723432 0.0 0.0 0.0 0.0 0.0 0.0 280.0 271.989256756372 0.0 0.0 1.6185754321778156E-28 9.743824101710556E-26 3.582429768701621E-28 1.4043152187458702E-18 3.8319763828404474E-16 
295.00008019706326 0.0 0.0 0.0 0.0 0.0 0.0 279.0 272.36096618630506 0.0 0.0 1.4729300519423777E-28 8.867038912693201E-26 3.2556203030311675E-28 1.4043152187458702E-18 3.8319763828404474E-16 
296.00011940993465 0.0 0.0 0.0 0.0 0.0 0.0 279.0 277.02964937304284 0.0 0.0 5.088472929620876E-29 3.0632607036317495E-26 1.1057519332549206E-28 1.4043152187458702E-18 3.8319763828404474E-16 
297.00025172486636 0.0 0.0 0.0 0.0 0.0 0.0 278.0 271.67599459477753 0.0 0.0 7.7732464144402825E-31 4.679494341493077E-28 1.722454112470573E-30 1.4043152187458702E-18 3.8319763828404474E-16 
298.0002602723432 0.0 0.0 0.0 0.0 0.0 0.0 279.0 271.70471082951525 0.0 0.0 1.0052184472605601E-41 6.051415052508535E-39 2.2272028460726895E-41 1.4043152187458702E-18 3.8319763828404474E-16 
299.0002602723432 0.0 0.0 0.0 0.0 0.0 0.0 279.0 272.2611423037338 0.0 0.0 1.8045264756799253E-43 1.0863249383593069E-40 3.9900109474579584E-43 3.2556203030311675E-28 8.867038912693201E-26 
300.0001707383701 0.0 0.0 0.0 0.0 0.0 0.0 279.0 272.3162009931398 0.0 0.0 1.9718587403639056E-45 1.1870589616990837E-42 4.359119866426854E-45 1.1057519332549206E-28 3.0632607036317495E-26 
#####################################################################
# End of data export. Simulation finished at: 2021-12-09T08:55+0000 #
#####################################################################
