#####################################################################
# Alchemist log file - simulation started at: 2021-12-09T08:43+0000 #
#####################################################################
# random = 7.0
#
# The columns have the following meaning: 
# time localWarningInSystem[Min] localWarningInSystem[Max] localWarningInSystem[Mean] localWarningInSystem[Sum] meanWarningAtDetector[Sum] dataAtCollector[Sum] inSurveillanceArea[Sum] numDevicesAtDetector[Sum] localWarningInSurveillanceArea[Mean] localWarningInSurveillanceArea[Sum] sumWarningAtDetector[Mean] sumWarningAtDetector[Sum] meanWarningOverallAtDetector[Sum] meanWarningAtCollector[Sum] sumWarningAtCollector[Sum] 
0.0 0.0 0.0 0.0 0.0 0.0 0.0 0.0 0.0 0.0 0.0 0.0 0.0 0.0 0.0 0.0 
1.001616958347866 0.0 0.0 0.0 0.0 0.0 0.0 100.0 1.0 0.0 0.0 0.0 0.0 0.0 0.0 0.0 
2.0 0.0 0.0 0.0 0.0 0.0 0.0 238.0 9.836894639068726 0.0 0.0 0.0 0.0 0.0 0.0 0.0 
3.0005063748968532 0.0 0.0 0.0 0.0 0.0 0.0 260.0 40.64189981254977 0.0 0.0 0.0 0.0 0.0 0.0 0.0 
4.000360674617274 0.0 0.0 0.0 0.0 0.0 0.0 261.0 99.23370685344494 0.0 0.0 0.0 0.0 0.0 0.0 0.0 
5.000035791321898 0.0 0.0 0.0 0.0 0.0 0.0 261.0 165.82761604947405 0.0 0.0 0.0 0.0 0.0 0.0 0.0 
6.000239889600435 0.0 0.0 0.0 0.0 0.0 0.0 261.0 215.58472971385808 0.0 0.0 0.0 0.0 0.0 0.0 0.0 
7.000048776847865 0.0 0.0 0.0 0.0 0.0 0.0 261.0 232.80876575037874 0.0 0.0 0.0 0.0 0.0 0.0 0.0 
8.00012599784192 0.0 0.0 0.0 0.0 0.0 0.0 262.0 248.59101791525825 0.0 0.0 0.0 0.0 0.0 0.0 0.0 
9.000335009723383 0.0 0.0 0.0 0.0 0.0 0.0 263.0 252.4508276271001 0.0 0.0 0.0 0.0 0.0 0.0 0.0 
10.000266425673345 0.0 0.0 0.0 0.0 0.0 0.0 264.0 256.03566183285375 0.0 0.0 0.0 0.0 0.0 0.0 0.0 
11.00028681122774 0.0 0.0 0.0 0.0 0.0 0.0 263.0 247.82532575475966 0.0 0.0 0.0 0.0 0.0 0.0 0.0 
12.001616958347867 0.0 0.0 0.0 0.0 0.0 0.0 263.0 256.67189540778827 0.0 0.0 0.0 0.0 0.0 0.0 0.0 
13.000000167606174 0.0 0.0 0.0 0.0 0.0 0.0 262.0 257.06279170234205 0.0 0.0 0.0 0.0 0.0 0.0 0.0 
14.000513752024787 0.0 0.0 0.0 0.0 0.0 0.0 263.0 257.91222972691793 0.0 0.0 0.0 0.0 0.0 0.0 0.0 
15.000057528608599 0.0 0.0 0.0 0.0 0.0 0.0 263.0 259.3595979284934 0.0 0.0 0.0 0.0 0.0 0.0 0.0 
16.000751277441672 0.0 0.0 0.0 0.0 0.0 0.0 263.0 252.03854108892142 0.0 0.0 0.0 0.0 0.0 0.0 0.0 
17.000305612637924 0.0 0.0 0.0 0.0 0.0 0.0 264.0 258.3696993463648 0.0 0.0 0.0 0.0 0.0 0.0 0.0 
18.0000975975308 0.0 0.0 0.0 0.0 0.0 0.0 263.0 256.28711956540917 0.0 0.0 0.0 0.0 0.0 0.0 0.0 
19.000034307846423 0.0 0.0 0.0 0.0 0.0 0.0 263.0 254.8997222411267 0.0 0.0 0.0 0.0 0.0 0.0 0.0 
20.000109691604834 0.0 0.0 0.0 0.0 0.0 0.0 261.0 259.37565992470144 0.0 0.0 0.0 0.0 0.0 0.0 0.0 
21.000275615134274 0.0 0.0 0.0 0.0 0.0 0.0 262.0 258.7353688501987 0.0 0.0 0.0 0.0 0.0 0.0 0.0 
22.000096484008004 0.0 0.0 0.0 0.0 0.0 0.0 261.0 259.2445702219618 0.0 0.0 0.0 0.0 0.0 0.0 0.0 
23.00048814998832 0.0 0.0 0.0 0.0 0.0 0.0 260.0 259.8477575615221 0.0 0.0 0.0 0.0 0.0 0.0 0.0 
24.000083591929307 0.0 0.0 0.0 0.0 0.0 0.0 260.0 259.1470765568745 0.0 0.0 0.0 0.0 0.0 0.0 0.0 
25.000012997247687 0.0 0.0 0.0 0.0 0.0 0.0 261.0 250.80671437405857 0.0 0.0 0.0 0.0 0.0 0.0 0.0 
26.000129642842882 0.0 0.0 0.0 0.0 0.0 0.0 260.0 257.6192651181069 0.0 0.0 0.0 0.0 0.0 0.0 0.0 
27.000333332994515 0.0 0.0 0.0 0.0 0.0 0.0 259.0 243.20832073208425 0.0 0.0 0.0 0.0 0.0 0.0 0.0 
28.000087354306174 0.0 0.0 0.0 0.0 0.0 0.0 260.0 260.11258859317957 0.0 0.0 0.0 0.0 0.0 0.0 0.0 
29.000230481488327 0.0 0.0 0.0 0.0 0.0 0.0 259.0 257.26432185459066 0.0 0.0 0.0 0.0 0.0 0.0 0.0 
30.000003121654558 0.0 0.0 0.0 0.0 0.0 0.0 259.0 262.32496985288094 0.0 0.0 0.0 0.0 0.0 0.0 0.0 
31.00002370264951 3.941045349866185E-92 49.94447529722408 1.3792633562633279 830.3165404705239 0.0 0.0 259.0 262.11010445899245 3.2053539192072913 830.1866650746884 2.2917898110671358E-4 0.13796574662624067 5.263656161253624E-4 0.0 0.0 
32.00010718021766 4.628946659252155E-92 49.94447529722408 1.3753250902111698 827.9457043071244 0.0 0.0 260.0 260.80615725086693 3.183916768999865 827.8183599399648 0.06526393339952272 39.28888790651235 0.15064401976031858 0.0 0.0 
33.000125020077306 4.628946659252155E-92 49.985279945007605 1.3778824744770088 829.4852496351597 0.0 0.0 259.0 249.15749302343232 3.20216193854993 829.3599420844321 0.4781125987069929 287.82378442160893 1.1551881540024171 0.0 0.0 
34.00005347004239 4.628946659252155E-92 49.99638901928548 1.3776123691883317 829.3226462513761 0.0 0.0 260.0 255.15456137637926 3.1892234148450713 829.1980878597186 1.0217303966602087 615.0816987894534 2.4106239585587677 0.0 0.0 
35.000065580688755 4.628946659252155E-92 49.98555764178024 1.3745896612332782 827.502976062434 0.0 0.0 261.0 257.1398650940043 3.1700387247916226 827.380107170614 1.2994577114835377 782.2735423130907 3.0422102851578847 0.0 0.0 
36.00005800927789 7.184883742297252E-92 49.99444475307541 1.375354506784411 827.9634130842152 0.0 0.0 261.0 242.76559416199007 3.171808133227501 827.8419227723775 1.3084328504653888 787.6765759801758 3.2445972366849616 0.0 0.0 
37.00021383806515 7.790905691729625E-92 49.98555764178024 1.376535149754761 828.6741601523669 0.0 0.0 261.0 252.5314114186167 3.174540515761869 828.555074613848 1.3624505003376315 820.1952012032639 3.2478937831763086 0.0 0.0 
38.00049255375844 6.899326396831376E-92 49.99444475307541 1.373173961725246 826.6507249585977 0.0 0.0 263.0 257.029232415078 3.142709978591973 826.5327243696889 1.363268388709134 820.6875700028938 3.192973664091097 0.0 0.0 
39.000130283255864 7.040696616431354E-92 49.99444475307541 1.3677799382904268 823.4035228508372 0.0 0.0 262.0 252.9908672018974 3.1423240134143393 823.2888915145573 1.3250116395997573 797.6570070390599 3.152908307960761 0.0 0.0 
40.00161695834787 9.162594112199537E-92 49.977782715315605 1.3682603037738397 823.6927028718505 0.0 0.0 263.0 258.6126091680294 3.1314910418579727 823.5821440086463 1.360100488096398 818.7804938340257 3.1660501646384778 0.0 0.0 
41.000105096177215 1.1503246946752488E-91 49.955575302805705 1.3660562734763704 822.3658766327752 0.0 0.0 263.0 251.62187535935902 3.1264548300779746 822.2576203105074 1.3326115048154692 802.2321258989073 3.188244761124933 0.0 0.0 
42.00005257560489 1.0085024099430385E-91 49.93310035116985 1.363869014405376 821.0491466720359 0.0 0.0 263.0 258.4832044697156 3.1214630368581093 820.9447786936827 1.3774725924224875 829.2385006383324 3.2080943221805645 0.0 0.0 
43.000064979359955 1.0503368396409935E-91 49.95280007012188 1.3641866930724569 821.2403892296192 0.0 0.0 264.0 255.70219492479382 3.110383446381305 821.1412298446647 1.3569790252028024 816.9013731720876 3.1947374304407186 0.0 0.0 
44.00030938709674 1.2037932092580848E-91 49.95307758644928 1.363094534941119 820.5829100345535 0.0 0.0 264.0 253.68887664991743 3.107919178804544 820.4906632043997 1.3479654232973581 811.4751848250164 3.1987022668905833 3.1660501646384778 818.7804938340257 
45.000136608382384 1.3182137218902642E-91 49.92644304824218 1.364020876832488 821.140567853158 0.0 0.0 263.0 252.28704424454367 3.121851273685708 821.0468849793413 1.3504360141578935 812.9624805230411 3.222371100971125 3.188244761124933 802.2321258989073 
46.00043713939222 1.6722533418996853E-91 49.91119007663066 1.3648639417826416 821.6480929531509 0.0 0.0 263.0 251.5326161611332 3.12378853629998 821.556385046895 1.3617548938995605 819.7764461275418 3.259125828844353 3.2080943221805645 829.2385006383324 
47.00028085227456 1.6722533418996853E-91 49.88208370593436 1.3640319811958224 821.147252679885 0.0 0.0 263.0 253.64660406366346 3.121886146324651 821.0560564833833 1.3521905755803074 814.0187264993409 3.2092632562706345 3.1947374304407186 816.9013731720876 
48.000351751634064 2.174780150173347E-91 49.88901225424932 1.364424568295458 821.383590113866 0.0 0.0 264.0 250.28203505222234 3.110961499593121 821.293835892584 1.3452075384803048 809.8149381651384 3.2356095314478615 3.1987022668905833 811.4751848250164 
49.000103160567164 2.6481931546695116E-91 49.87460195452915 1.3609992079638609 819.3215231942438 0.0 0.0 264.0 260.4114292805716 3.1031571731571335 819.2334937134833 1.3963701770883845 840.6148466072005 3.2280259316172644 3.222371100971125 812.9624805230411 
50.00054869077287 3.676294651636223E-91 49.87460195452915 1.3603887407654207 818.9540219407836 0.0 0.0 264.0 252.9838283242002 3.1017679168660326 818.8667300526329 1.3198605218786152 794.5560341709245 3.1407384394258453 3.259125828844353 819.7764461275418 
51.00062783162551 3.676294651636223E-91 49.79929280395318 1.3577422163233566 817.360814226661 0.0 0.0 265.0 257.39587034527864 3.0840669171806256 817.2777330528659 1.3336435516989285 802.853418122744 3.119138691097771 3.2092632562706345 814.0187264993409 
52.00019705890857 3.442927143948733E-91 49.565785300273575 1.3557749487850634 816.1765191686085 0.0 0.0 264.0 259.2407961318147 3.0912754141451115 816.0967093343095 1.3442486641513023 809.2376958190919 3.121567700353857 3.2356095314478615 809.8149381651384 
53.000568280650704 3.442927143948733E-91 49.468401714448326 1.3538796064237135 815.035523067076 0.0 0.0 265.0 255.17017062958547 3.075308958861824 814.9568740983837 1.3072640760055863 786.9729737553654 3.084110387251199 3.2280259316172644 840.6148466072005 
54.00002385934076 3.173564350130001E-91 49.48461901491109 1.3579186571636808 817.4670316125355 0.0 0.0 265.0 245.19153011132528 3.0844946994603526 817.3910953569934 1.2675651981131224 763.0742492641048 3.112155827396008 3.1407384394258453 794.5560341709245 
55.00021979515181 2.807577532854451E-91 49.34817493876382 1.3570068687851764 816.9181350086764 0.0 0.0 267.0 258.9224275993396 3.059347387976833 816.8457525898145 1.325726271709788 798.0872155692906 3.0823410044813215 3.119138691097771 802.853418122744 
56.00041320103856 2.807577532854451E-91 49.280230936594435 1.3569541864642747 816.8864202514926 0.0 0.0 267.0 247.4151319793524 3.059231224109052 816.8147368371167 1.3086167850959538 787.7873046277708 3.1840708299665126 3.121567700353857 809.2376958190919 
57.000392899285764 3.8966904064369057E-91 49.30131643385292 1.3540933442181877 815.1641932193481 0.0 0.0 268.0 256.9969371188812 3.0414785556767057 815.1162529213566 1.3458845314332435 810.2224879228168 3.1526542573074536 3.119138691097771 802.853418122744 
58.00008047686329 3.4459314518340494E-91 49.166743502401765 1.3513436054155543 813.508850460163 0.0 0.0 268.0 253.02107927897248 3.035306621438224 813.4621745454438 1.3218755939323459 795.7691075472683 3.145070402098318 3.119138691097771 802.853418122744 
59.00023129583768 3.3759152337738795E-91 49.0903213562436 1.3537811721524053 814.9762656357476 0.0 0.0 269.0 256.0205379265336 3.0294854675655696 814.9315907751384 1.3274175947257583 799.1053920249171 3.1212550309312466 3.119138691097771 802.853418122744 
60.00000107410364 4.10915112361043E-91 48.872626275421396 1.3506889931033152 813.1147738481956 0.0 0.0 268.0 258.2315928153886 3.033848930884941 813.0715134771646 1.3224605745696871 796.1212658909624 3.0829739196943056 3.119138691097771 802.853418122744 
61.000382889476256 3.632119884087291E-91 48.75330575133784 1.3479251089034368 811.4509155598694 0.0 0.0 269.0 254.86690774260396 3.0163917899060113 811.409391484717 1.3373458952388833 805.0822289338012 3.1588339030144805 3.119138691097771 802.853418122744 
62.00032775565015 3.8634727992263795E-91 48.70971812396965 1.346973484125737 810.8780374436926 0.0 0.0 269.0 260.06405988011744 3.0142691139824374 810.8383916612751 1.3242403030196541 797.1926624178384 3.0653703659987577 3.119138691097771 802.853418122744 
63.000579350460285 2.747736767319265E-91 48.521737543908614 1.34715928271073 810.9898881918589 0.0 0.0 269.0 260.1809831905364 3.014691096694595 810.9519050108461 1.3077812004343683 787.2842826614816 3.025910168403567 3.119138691097771 802.853418122744 
64.00004897003969 2.3285982288121474E-91 48.521737543908614 1.3456528939493397 810.0830421575025 0.0 0.0 268.0 260.05627510106285 3.022499639339995 810.0299033431185 1.3328225547705392 802.3591779718763 3.0853290414163785 3.119138691097771 802.853418122744 
65.00013981204553 2.3773685998839594E-91 48.42909566480064 1.345299116418901 809.8700680841781 0.0 0.0 269.0 262.8712508473923 3.0105399353699593 809.8352426145188 1.3575365544258624 817.2370057643795 3.1088869670225736 3.112155827396008 763.0742492641048 
66.00076311043595 3.2986787961029937E-91 48.222905042782806 1.3369582033806746 804.8488384351663 0.0 0.0 268.0 265.82733669942303 3.002980593795951 804.7987991373149 1.3617003807778008 819.7436292282474 3.083744656988194 3.025910168403567 787.2842826614816 
67.0007736011935 3.2986787961029937E-91 48.258549578474266 1.3349590838101912 803.6453684537348 0.0 0.0 268.0 260.4002831888648 2.9984945605704754 803.5965422328874 1.3578784301592135 817.4428149558413 3.13917790313216 3.112155827396008 763.0742492641048 
68.00031416075316 3.2986787961029937E-91 48.38633551889995 1.3314799438146387 801.550926176413 0.0 0.0 268.0 262.6091404444907 2.9906852048893815 801.5036349103544 1.3619520745768408 819.8951488952562 3.1221120007761587 3.1088869670225736 817.2370057643795 
69.00043404930209 3.0997000750627466E-91 48.549240987156864 1.3329427561867295 802.431539224412 0.0 0.0 268.0 262.3271133968695 2.993977298251544 802.3859159314142 1.3371738477598034 804.9786563514007 3.068606389662682 3.083744656988194 819.7436292282474 
70.00021696650929 2.97359608512068E-91 48.500716012823055 1.3311011907932482 801.3229168575355 0.0 0.0 268.0 258.719207073639 2.989891582548106 801.2909441228924 1.3150630717968013 791.6679692216737 3.0599505084148704 3.13917790313216 817.4428149558413 
71.00057956447473 2.97359608512068E-91 48.61806781953506 1.3302328070540013 800.800149846509 0.0 0.0 267.0 264.14457517602847 2.9990873573867707 800.756324422268 1.3529212967534268 814.4586206455573 3.0833819702819727 3.1221120007761587 819.8951488952562 
72.00046033712688 2.679805576453275E-91 48.73922349731287 1.3284419436046113 799.722050049976 0.0 0.0 267.0 263.4811769583593 2.9950561763778154 799.6799990928768 1.3391754194582757 806.1836025138766 3.059738884653936 3.068606389662682 804.9786563514007 
73.00055467909048 2.793760925682572E-91 49.073960642852846 1.3305001827878042 800.9611100382583 0.0 0.0 267.0 258.93470586656855 2.9997066824427527 800.9216842122154 1.2734771105444274 766.633220547753 2.960720224745794 3.0599505084148704 791.6679692216737 
74.00121758481508 3.6299210991655574E-91 49.073960642852846 1.330896577047727 801.1997393827318 0.0 0.0 266.0 255.1112385823696 3.011880027766319 801.160087385841 1.2604409857673722 758.7854734319548 2.9743318155972194 3.0599505084148704 791.6679692216737 
75.00005369498396 3.6299210991655574E-91 49.14844595356346 1.3280445868994903 799.4828413134925 0.0 0.0 266.0 259.0551658395193 3.0054292502657285 799.4441805706837 1.2874302573829188 775.0330149445141 2.9917682298782458 3.0599505084148704 791.6679692216737 
76.00011771835926 6.12465252039646E-91 49.19406594883664 1.3243969418818746 797.286959012888 0.0 0.0 266.0 257.3814007922483 2.99717504407141 797.2485617229947 1.2906912459538118 776.9961300641876 3.0188511200595998 3.0599505084148704 791.6679692216737 
77.00082623853373 6.979579630769265E-91 49.16018837377315 1.3213147408744252 795.431474006404 0.0 0.0 266.0 257.6973792928907 2.990227828317531 795.4006023324629 1.3185753663620394 793.7823705499547 3.0802888749899426 3.0599505084148704 791.6679692216737 
78.00036041563474 6.694887971226609E-91 49.2763981789014 1.3226821967980928 796.254682472452 0.0 0.0 266.0 261.2273863692022 2.993326330270726 796.2248038520132 1.3215665917859396 795.5830882551286 3.04555773922839 3.0599505084148704 791.6679692216737 
79.00026311861072 6.031759083769237E-91 49.357222933577624 1.3215300401107084 795.5610841466465 0.0 0.0 265.0 255.99451053670532 3.001983976248119 795.5257537057514 1.2795824822579216 770.3086543192752 3.0090827053450657 3.0599505084148704 791.6679692216737 
80.0005947869626 6.159046788809285E-91 49.357222933577624 1.3248165569629893 797.5395672917191 0.0 0.0 266.0 256.1305840879901 2.9981607934933616 797.5107710692341 1.308501291242196 787.7177773277913 3.0754537968694198 3.0599505084148704 791.6679692216737 
81.00067615380067 6.159046788809285E-91 49.37889002466771 1.3230830684140442 796.4960071852541 0.0 0.0 266.0 259.1759239542823 2.9942418046638726 796.4683200405898 1.2923409972353113 777.989280335662 3.0017806764832695 3.04555773922839 795.5830882551286 
82.00099530162652 5.32017052760505E-91 49.47994568822182 1.31867916825866 793.8448592917132 0.0 0.0 266.0 256.67645494988534 2.984275169930305 793.8171952014609 1.3197013307626098 794.460201119102 3.0951814465187932 3.04555773922839 795.5830882551286 
83.00117218369623 5.547760016638985E-91 49.458234254655295 1.3158040889863298 792.1140615697708 0.0 0.0 266.0 256.3755859829244 2.9777725373010178 792.0874949220707 1.2556114905822218 755.8781173305047 2.948323314142904 3.04555773922839 795.5830882551286 
84.00015036138248 9.35224543424183E-91 49.48709330770809 1.3154354838536009 791.8921612798677 0.0 0.0 266.0 260.22042562735646 2.9769412001131315 791.866359230093 1.286187647639666 774.2849638790685 2.9754964930687957 3.04555773922839 795.5830882551286 
85.00038368445607 8.402158946278132E-91 49.550642512819756 1.3146401343898775 791.4133609027065 0.0 0.0 266.0 261.7083266017545 2.975141750208874 791.387705555561 1.310683507682754 789.0314716250282 3.014926891591452 3.04555773922839 795.5830882551286 
86.00029620601646 8.402158946278132E-91 49.70945853896133 1.3115524806926182 789.5545933769563 0.0 0.0 266.0 260.4662398829397 2.9681570777776134 789.5297826888451 1.2866492096883981 774.5628242324202 2.973755157599422 3.04555773922839 795.5830882551286 
87.00017137822428 8.057113427796377E-91 49.79099361344216 1.30764171933576 787.2003150401273 0.0 0.0 266.0 258.3637787886991 2.95930625675929 787.1754642979705 1.2881945968943713 775.4931473304152 3.0015552139940116 3.04555773922839 795.5830882551286 
88.00127285636196 8.057113427796377E-91 49.78158953618673 1.3049412138593743 785.5746107433431 0.0 0.0 265.0 262.35923390327264 2.964325835336061 785.546346364056 1.2830305391157146 772.3843845476537 2.9439954258763334 3.04555773922839 795.5830882551286 
89.00025893985746 7.102797284699841E-91 49.782419236263486 1.3052215983401099 785.7434022007463 0.0 0.0 265.0 265.5177800706462 2.9649813952367197 785.7200697377307 1.3043053522018968 785.1918220255511 2.9572099533847993 3.04555773922839 795.5830882551286 
90.00000028248394 8.47491744674901E-91 49.782419236263486 1.3015463373976233 783.5308951133696 0.0 0.0 264.0 259.4662326859575 2.967819003652276 783.504216964201 1.256862211622364 756.6310513966527 2.9161060518901274 3.04555773922839 795.5830882551286 
91.00000428050483 1.4887335906523237E-90 49.85991881688878 1.301466823206427 783.4830275702686 0.0 0.0 265.0 261.3054999878152 2.9564448342604646 783.4578810790232 1.3061741400484297 786.3168323091604 3.0091859235485923 3.0015552139940116 775.4931473304152 
92.00004564813858 1.9382635327209286E-90 49.83084234569301 1.2979283842055138 781.3528872917193 0.0 0.0 265.0 255.7392380992128 2.948410510284337 781.3287852253495 1.2629734674069577 760.3100273789829 2.9729893348787733 2.9439954258763334 772.3843845476537 
93.00005511160803 3.0551581989954718E-90 49.75559927076458 1.2944828619103996 779.2786828700605 0.0 0.0 264.0 251.5707897048486 2.951724450966993 779.255255055286 1.263026054716735 760.34168493948 3.0223766671462085 2.9572099533847993 785.1918220255511 
94.00032147613234 3.553276955523902E-90 49.728517484128375 1.290929756240568 777.1397132568217 0.0 0.0 266.0 249.42494832156262 2.921502755415945 777.1197329406413 1.2759429407146077 768.1176503101917 3.079554212515751 3.0951814465187932 794.460201119102 
95.00042464574356 3.3298267107254684E-90 49.676053965143886 1.2916819567941482 777.5925379900773 0.0 0.0 266.0 254.0762767003029 2.923206473112421 777.572921847904 1.3085215564373625 787.7299769752863 3.100368075310146 3.0091859235485923 786.3168323091604 
96.00009345778557 3.553276955523902E-90 49.576801143127405 1.2888663526772743 775.8975443117197 0.0 0.0 266.0 254.27492713211404 2.9168413970324796 775.8798116106401 1.255496905842684 755.8091373173012 2.9724092180138713 2.9729893348787733 760.3100273789829 
97.00028205447299 2.999773934199056E-90 49.5980135336686 1.2873380911124748 774.9775308497098 0.0 0.0 266.0 251.75155294641445 2.913385815436756 774.9606269061768 1.2564299404558152 756.3708241544113 3.004433598530395 2.9729893348787733 760.3100273789829 
98.00030549927615 5.612447677208912E-90 49.59608475953728 1.2851286036192235 773.647419378773 0.0 0.0 266.0 253.6515118276634 2.908385718609433 773.6306011501094 1.275427182158319 767.8071636593019 3.027015916944219 2.9729893348787733 760.3100273789829 
99.00008555090561 7.273777947982263E-90 49.574873193906335 1.2797853250468807 770.4307656782221 0.0 0.0 266.0 256.01615524017575 2.896296210733638 770.4147920551478 1.281781799241274 771.6326431432566 3.013999809579856 2.9729893348787733 760.3100273789829 
100.00055753771899 6.825456004135104E-90 49.489017843235715 1.2788759573041146 769.8833262970776 0.0 0.0 267.0 258.1401982095957 2.8834125413057263 769.8711485286292 1.2635558247995264 760.6606065293108 2.946695678569581 2.9729893348787733 760.3100273789829 
101.00029953926928 1.0094181337990587E-89 49.16674350236974 1.2769193251581707 768.7054337452184 0.0 0.0 267.0 261.89868209599695 2.879002341355313 768.6936251418688 1.2758625355307538 768.0692463895224 2.9326961107348852 2.9729893348787733 760.3100273789829 
102.00018928679305 9.461714440859446E-90 49.02899679052607 1.2718876909320112 765.676389941071 0.0 0.0 267.0 263.6168547763985 2.8676655190578275 765.6666935884404 1.263378587161162 760.5539094710117 2.8850731494999375 2.9729893348787733 760.3100273789829 
103.000219901308 7.806085307946501E-90 49.04207293306657 1.2663047448568403 762.3154564038177 0.0 0.0 267.0 264.28413654173943 2.855078960577434 762.3060824741749 1.2617770951812357 759.58981129911 2.874140768487423 2.9729893348787733 760.3100273789829 
104.00009998423577 7.806085307946501E-90 49.22550553311781 1.2632339217384072 760.4668208865218 0.0 0.0 267.0 262.753798664049 2.8481561308854166 760.4576869464066 1.2632600529708264 760.4825518884438 2.894278049470864 2.9729893348787733 760.3100273789829 
105.00002095852025 7.806085307946501E-90 49.36380433540713 1.2622275815533017 759.8610040950878 0.0 0.0 266.0 261.5319783126524 2.85658754248594 759.85228630126 1.2864217389242525 774.425886832392 2.9611135580008985 2.9729893348787733 760.3100273789829 
106.00007212819149 7.806085307946501E-90 49.39013871962249 1.260362233144667 758.7380643530895 0.0 0.0 267.0 265.5707387464663 2.8416843265036613 758.7297151764774 1.2686335696697304 763.7174089411842 2.875758875191013 3.0223766671462085 760.34168493948 
107.00005869230723 7.975068706117733E-90 49.48461901489839 1.260641691154254 758.9062980748611 0.0 0.0 265.0 267.6609721967453 2.863753817379043 758.8947616054463 1.2436595272485318 748.6830354036144 2.7971318689423716 2.874140768487423 759.58981129911 
108.00023990311827 8.508160989814658E-90 49.43625770128293 1.2605808306380133 758.8696600440843 0.0 0.0 265.0 268.1292264266049 2.8636155189716983 758.8581125275003 1.265612652556977 761.8988168393051 2.8415358780287985 2.894278049470864 760.4825518884438 
109.00041199963174 1.0330243132644423E-89 49.51761975992899 1.2580691254817533 757.3576135400158 0.0 0.0 265.0 261.0996893068018 2.8579111990403523 757.3464677456939 1.2655900472158965 761.8852084239792 2.9179858867190602 2.9611135580008985 774.425886832392 
110.00070516218729 1.0330243132644423E-89 49.498916636618304 1.2539117379375317 754.854866238394 0.0 0.0 265.0 254.5982563700535 2.8484686108757162 754.8441818820647 1.2461725916040802 750.1959001456621 2.9465869517003576 2.875758875191013 763.7174089411842 
111.00057034235263 1.0330243132644423E-89 49.627781271282174 1.2497301280648485 752.3375370950389 0.0 0.0 264.0 254.95198344032184 2.8497239502692135 752.3271228710728 1.2459109397236243 750.0383857136134 2.941880959671684 2.7971318689423716 748.6830354036144 
112.00029993043736 1.5224040942842222E-89 49.70283105298865 1.2480964112997799 751.3540396024672 0.0 0.0 264.0 256.31526396171085 2.845999584675879 751.3438903544321 1.259395530685277 758.1561094725381 2.957904643501035 2.8415358780287985 761.8988168393051 
113.00120969246527 1.397321784055025E-89 49.68488604872107 1.2476636072636007 751.0934915726874 0.0 0.0 264.0 254.0376412669304 2.845014203176736 751.0837496386582 1.235376961634656 743.6969309040594 2.9275068340074015 2.9179858867190602 761.8852084239792 
114.00049872442052 1.971908464420752E-89 49.73708257744382 1.2442891472335504 749.0620666345976 0.0 0.0 264.0 258.7295897072433 2.8373214283296946 749.0528570790392 1.2317524578706123 741.514979638109 2.865984445293425 2.9465869517003576 750.1959001456621 
115.00025417252591 1.5227086057274814E-89 49.79901614199707 1.2447337893294685 749.3297411763393 0.0 0.0 264.0 256.6908472271374 2.8383357750224936 749.320644605938 1.2452212615777372 749.6231994697986 2.9203347433984717 2.941880959671684 750.0383857136134 
116.00048581295763 1.5227086057274814E-89 49.80648655466725 1.245208989359939 749.6158115946829 0.0 0.0 265.0 256.41663445258916 2.8287172471254003 749.6100704882308 1.2411573003610414 747.1766948173399 2.9139166279615574 2.957904643501035 758.1561094725381 
117.00080163490061 1.9709884552316406E-89 49.782419236235974 1.2424043055617446 747.9273919481694 0.0 0.0 266.0 252.68499465892808 2.811736862909189 747.9220055338438 1.1760589329317301 707.9874776248962 2.8018580152752297 2.9275068340074015 743.6969309040594 
118.00039276899152 1.769675651322006E-89 49.828904517282965 1.243093193597685 748.3421025458064 0.0 0.0 266.0 256.3686817510704 2.813296229896084 748.3367971523583 1.1824352043984878 711.8259930478805 2.7765715694518853 2.865984445293425 741.514979638109 
119.00051124408148 1.520578305238246E-89 49.79984613250198 1.239384687398902 746.1095818141396 0.0 0.0 266.0 258.24895955050465 2.8049035465859027 746.1043433918504 1.1794624263607962 710.0363806691997 2.7494259101955487 2.9203347433984717 749.6231994697986 
120.00014879395845 1.5880243974859692E-89 49.79984613250198 1.2372586041391036 744.82967969174 0.0 0.0 267.0 261.36494692258486 2.789608309778846 744.8254187109518 1.2183773949986572 733.4631917892007 2.8062798796291886 2.9139166279615574 747.1766948173399 
121.00038008656526 1.2776804454479858E-89 49.82890451727706 1.236271130282187 744.2352204298776 0.0 0.0 267.0 259.75255948687186 2.787382067344228 744.2310119809094 1.2062362205802173 726.1542047892863 2.7955613073602334 2.8018580152752297 707.9874776248962 
122.00038781106883 1.3345899080390905E-89 49.82890451727706 1.2287405935106026 739.7018372933828 0.0 0.0 268.0 262.687399392508 2.7600661236496595 739.6977211381089 1.2271435004631217 738.7403872788045 2.812241428356361 2.7765715694518853 711.8259930478805 
123.00001169831746 1.3345899080390905E-89 49.679917808488796 1.2273390920225364 738.8581333975665 0.0 0.0 268.0 263.979370645269 2.7569181281496618 738.8540583441091 1.2346164694958177 743.2391146364764 2.8155196855712963 2.7494259101955487 710.0363806691997 
124.00002891360147 1.72725798411436E-89 49.72299240020687 1.227997076964089 739.2542403323812 0.0 0.0 266.0 256.43611496973494 2.77912060824625 739.2460817935023 1.1780941830921405 709.212698221472 2.7656506116744692 2.7494259101955487 710.0363806691997 
125.00024694411326 2.2350609627096797E-89 49.728241215314384 1.2201900445858371 734.5544068406745 0.0 0.0 267.0 253.52212516400618 2.7511157501577 734.5479052921063 1.2092440532443502 727.9649200530944 2.8714058766356825 2.865984445293425 741.514979638109 
126.00019011028031 2.6501707177892688E-89 49.73708257740553 1.2176166795557866 733.0052410925834 0.0 0.0 266.0 259.5536373043983 2.755634314913524 732.9987277669969 1.225631885834674 737.8303952724734 2.8426894838971704 2.865984445293425 741.514979638109 
127.00019089290946 2.7086239173222734E-89 49.73708257740553 1.2157687877489134 731.8928102248458 0.0 0.0 267.0 256.8804425983975 2.7411562918750003 731.888729930625 1.2071507982605152 726.7047805528262 2.8289611042478 2.865984445293425 741.514979638109 
128.00102404073272 3.077160920995877E-89 49.60021793881073 1.2139018639199213 730.7689220797926 0.0 0.0 267.0 261.9369888403814 2.7369474395787585 730.7649663675285 1.2288189770721816 739.7490241974624 2.8241487675047265 2.865984445293425 741.514979638109 
129.00045558667637 2.5865046109473563E-89 49.60021793881073 1.2115875492740829 729.3757046629984 0.0 0.0 267.0 260.3978914875245 2.7317295662391077 729.3717941858418 1.1961075324810129 720.0567345535783 2.7652172236889094 2.865984445293425 741.514979638109 
130.00018331310562 2.31791599561736E-89 49.56716214666982 1.210612377388027 728.7886511875922 0.0 0.0 267.0 260.5114976501775 2.72953154305104 728.7849219946277 1.2232812764911445 736.4153284476761 2.8268054772636417 0.0 0.0 
131.0011106528368 2.4756058919526916E-89 49.481320150178796 1.2086519996926945 727.6085038150017 0.0 0.0 267.0 257.5864761313369 2.7251120393115666 727.6049144961881 1.2248878218248207 737.3824687385462 2.862659871796116 0.0 0.0 
132.0003686371872 3.272946751318856E-89 49.481320150178796 1.2077657330023646 727.0749712674232 0.0 0.0 266.0 255.6385617737044 2.7333517275900303 727.0715595389481 1.214193652229991 730.9445786424612 2.8592891994499086 0.0 0.0 
133.0001000378603 2.8779219949422734E-89 49.495616818742974 1.2063433975990732 726.2187253546427 0.0 0.0 266.0 255.92951981184524 2.7301332163631002 726.2154355525853 1.1779372421143899 709.1182197528547 2.770755871671957 0.0 0.0 
134.00010467329673 2.8779219949422734E-89 49.40111552555498 1.2017969470574652 723.4817621285946 0.0 0.0 266.0 258.48326691210247 2.7198447265441783 723.4786972607517 1.2222595828287852 735.8002688629246 2.8466069686171767 0.0 0.0 
135.00004942703612 2.8779219949422734E-89 49.36133620686661 1.200191432949706 722.5152426357233 0.0 0.0 266.0 262.89783508950484 2.7162113903098875 722.5122298224301 1.2046515127280653 725.2002106622981 2.758486810724022 0.0 0.0 
136.00046787717116 2.8779219949422734E-89 49.2583334782852 1.1973057066973392 720.7780354317982 0.0 0.0 266.0 260.5137187720136 2.709680941694487 720.7751304907333 1.1959371993964636 719.9541940366662 2.7635941685924346 0.0 0.0 
137.00017559550594 2.5228818453307326E-89 48.99550508685754 1.1891944794397802 715.895076622747 0.0 0.0 264.0 259.3062035260285 2.711708532655827 715.8910526211378 1.2053362922162454 725.6124479141889 2.7982841831292853 0.0 0.0 
138.00007279021364 3.556746711315137E-89 48.99550508685754 1.1893016066999385 715.9595672333628 0.0 0.0 265.0 261.45087616288686 2.7017193553433434 715.955629165986 1.1900931370743506 716.4360685187573 2.740232042949474 2.758486810724022 725.2002106622981 
139.0000638200689 3.048980867883011E-89 48.99550508685754 1.1863984603400863 714.2118731247323 0.0 0.0 267.0 258.80157241598033 2.674942328303961 714.2096016571579 1.168396978938272 703.3749813208445 2.7178157178669946 2.7635941685924346 719.9541940366662 
140.0002494870533 3.116922952302787E-89 48.93022127895888 1.1837674081111629 712.6279796829206 0.0 0.0 266.0 258.5284050243519 2.6790443481227495 712.6257966006518 1.1646588267216567 701.1246136864293 2.7119829003717686 2.7982841831292853 725.6124479141889 
141.00023891097584 3.116922952302787E-89 48.93022127895888 1.1806044142329641 710.7238573682444 0.0 0.0 266.0 256.48118365926416 2.671886184926112 710.7217251903458 1.1820673686913765 711.604555952209 2.774490299052804 2.740232042949474 716.4360685187573 
142.00055959437842 3.77951722003406E-89 48.79340828694275 1.1772263647430152 708.6902715752948 0.0 0.0 265.0 260.49366677614637 2.674291177505335 708.6871620389136 1.177114054880305 708.6226610379349 2.7203066769638027 2.7178157178669946 703.3749813208445 
143.00050977145872 3.38478614282448E-89 48.79340828694275 1.178075895575888 709.2016891366844 0.0 0.0 267.0 259.2849353709861 2.656181486481507 709.2004568905625 1.1539936930667214 694.7042032261609 2.6793080061985663 2.7119829003717686 701.1246136864293 
144.00087989542786 3.1741879556512645E-89 48.64481511146842 1.1732523395458772 706.2979084066177 0.0 0.0 267.0 258.08033613600503 2.6453059880115926 706.2966987990952 1.1672572776050085 702.6888811182176 2.722752502724228 2.774490299052804 711.604555952209 
145.00008457795025 3.3174864176925226E-89 48.401391387470866 1.1735022126722243 706.4483320286793 0.0 0.0 268.0 257.01674501653844 2.635996969486007 706.4471878222498 1.148934307888714 691.6584533489987 2.691102687898767 2.7203066769638027 708.6226610379349 
146.000097792107 3.3174864176925226E-89 48.21219003233138 1.170389644008237 704.5745656929593 0.0 0.0 268.0 260.2644726479999 2.6290053761387027 704.5734408051725 1.153603965027174 694.4695869463585 2.6683226484223543 2.7203066769638027 708.6226610379349 
147.00049278321524 3.3174864176925226E-89 48.11185252429546 1.1683685368921664 703.3578592090844 0.0 0.0 268.0 257.184834479727 2.6244655886483246 703.356777757751 1.118219579119743 673.1681866300887 2.617448995357276 2.6793080061985663 694.7042032261609 
148.00091300520472 2.9705145020321707E-89 48.1506249088457 1.1672241903566043 702.6689625946761 0.0 0.0 269.0 260.2314974531948 2.612148419704476 702.6679249005042 1.1728383203630308 706.0486688585407 2.7131560774480445 2.6793080061985663 694.7042032261609 
149.0001601322276 3.601745194053692E-89 48.06082757925091 1.16129143042775 699.0974411175059 0.0 0.0 269.0 259.9179809063003 2.5988716094011535 699.0964629289105 1.1681262236211791 703.211986619945 2.7055149634816957 2.6683226484223543 694.4695869463585 
150.0000890770209 3.601745194053692E-89 48.06082757925091 1.1616527613336864 699.3149623228791 0.0 0.0 270.0 263.1213873486926 2.590051895959081 699.3140119089517 1.183171906054851 712.2694874450236 2.7069995891330296 2.617448995357276 673.1681866300887 
151.0001303738451 3.601745194053692E-89 47.883597107449454 1.1529311235254103 694.0645363622973 0.0 0.0 268.0 263.94673016754297 2.5897886778127126 694.063365653807 1.1877603086629012 715.031705815076 2.709000052249945 2.7131560774480445 706.0486688585407 
152.00012916767878 4.444134651335373E-89 47.883597107449454 1.1489514009743866 691.6687433865803 0.0 0.0 268.0 266.437837095096 2.580849378639809 691.6676334754686 1.1879157195620231 715.1252631763386 2.68402292622237 2.617448995357276 673.1681866300887 
153.00017956729488 4.738568902662903E-89 47.91047266518888 1.146483954976068 690.1833408955927 0.0 0.0 268.0 265.1519765831448 2.5753069579075016 690.18226471921 1.169757737685867 704.1941580868877 2.6558133458457194 2.7069995891330296 712.2694874450236 
154.00161082393774 1.022329054590645E-88 47.712586339677614 1.1441906179497252 688.8027520057345 0.0 0.0 268.0 263.91443313634767 2.5701556739426494 688.8017206166301 1.1857542535394854 713.8240606307666 2.7047556745863135 2.709000052249945 715.031705815076 
155.00034247546319 1.4276631786253443E-88 47.58790160578201 1.1450445151746085 689.3167981351141 0.0 0.0 268.0 264.6642341962088 2.5720738601438637 689.3157945185552 1.1642213426044474 700.8612482478876 2.6481146966322027 2.68402292622237 715.1252631763386 
156.00061854341178 1.3962174301403708E-88 47.67151818591216 1.1394841409800103 685.9694528699662 0.0 0.0 269.0 260.84808718801565 2.5500695575042713 685.9687109686491 1.1231144456108282 676.1148962577257 2.5919871736317988 2.6558133458457194 704.1941580868877 
157.0000449895194 1.3962174301403708E-88 47.62995615678551 1.1354072658681043 683.5151740525984 0.0 0.0 268.0 263.12079515480303 2.5504270769571917 683.5144566245272 1.1488177660826413 691.5882951817467 2.628406070203845 2.7047556745863135 713.8240606307666 
158.00016647667508 1.2212807190258791E-88 47.37028946546094 1.1322924709313025 681.6400675006447 0.0 0.0 267.0 263.7224153158791 2.552954921932431 681.6389641559593 1.1258429750152112 677.7574709591529 2.569965355987486 2.7047556745863135 713.8240606307666 
159.00027379168574 1.9268974851851534E-88 47.37028946546094 1.1319030932566991 681.4056621405327 0.0 0.0 268.0 260.49412341949073 2.542555979589228 681.4050025299131 1.0920935267140057 657.4403030818346 2.523820094102912 2.7047556745863135 713.8240606307666 
160.0002191481352 2.4868635548988994E-88 47.14057600860296 1.1309315822238495 680.8208124987583 0.0 0.0 267.0 264.0106351924889 2.5498867891495185 680.8197727029219 1.1160828446503561 671.8818724795126 2.5449045717027525 2.628406070203845 691.5882951817467 
161.0000537226682 2.3332477681525873E-88 47.078548427223744 1.1309705630844986 680.8442789768682 0.0 0.0 268.0 262.4509780004661 2.540461433233184 680.8436641064935 1.1173392835576788 672.6382487017156 2.5629100482929847 2.569965355987486 677.7574709591529 
162.00078589772457 1.9931619555304558E-88 46.961520845855084 1.133257054300397 682.2207466888398 0.0 0.0 268.0 263.67573979671135 2.5455976065379757 682.220158552178 1.1133300275047615 670.2246765578669 2.541851886239502 2.523820094102912 657.4403030818346 
163.00013056190693 1.8627222011550824E-88 46.80394292314979 1.1280133117875784 679.0640136961217 0.0 0.0 268.0 261.64920038184084 2.5338188472931926 679.0634510745751 1.129232950947361 679.7982364703071 2.5981284692566824 2.5449045717027525 671.8818724795126 
164.0000557648839 1.7406448246705627E-88 46.61502925927763 1.1198243354548696 674.1342499438315 0.0 0.0 267.0 261.224055917 2.524843962031704 674.1333378624648 1.1177270631317737 672.8716920053251 2.5758412242826516 2.5629100482929847 672.6382487017156 
165.0006080155093 1.7406448246705627E-88 46.266467279218624 1.113885366905544 670.5589908771373 0.0 0.0 268.0 261.41411287200543 2.5020838801261123 670.5584798737982 1.1271513818106287 678.5451318499917 2.5956713828309015 2.541851886239502 670.2246765578669 
166.00015182603912 2.964294219068627E-88 46.08919593238859 1.112759930686766 669.8814782734332 0.0 0.0 268.0 259.1632778938333 2.4995559501909783 669.8809946511824 1.1019533545631817 663.3759194470385 2.559683319481673 2.5981284692566824 679.7982364703071 
167.00003811687307 2.7078367743416496E-88 45.88990818534296 1.1130562896481218 670.0598863681695 0.0 0.0 267.0 260.5950097594142 2.50958580759754 670.0594106285432 1.100188953692903 662.3137501231244 2.541544255719186 2.541851886239502 670.2246765578669 
168.00003336370705 3.1902702573396276E-88 45.56372494370402 1.1103257454066446 668.4160987348002 0.0 0.0 266.0 257.1044184237319 2.5128402944977513 668.4155183364014 1.0755907978050827 647.5056602786563 2.5184540361010326 2.541851886239502 670.2246765578669 
169.0000121458246 3.1902702573396276E-88 45.078792104214344 1.1068072365863373 666.2979564249748 0.0 0.0 267.0 258.179675103613 2.4954958974572414 666.2974046210832 1.0768850945520756 648.2848269203491 2.5109832005953936 2.541851886239502 670.2246765578669 
170.00005858086678 2.913226381007602E-88 45.19715383187714 1.102844403158094 663.9123307011726 0.0 0.0 267.0 258.0137699758488 2.4865609776061937 663.9117810208534 1.0643714799620387 640.7516309371479 2.4834009091728904 2.541544255719186 662.3137501231244 
171.00001051827567 3.525813497145797E-88 45.19715383187714 1.0968150322489465 660.2826494138661 0.0 0.0 266.0 262.61868871302227 2.4822636420521245 660.2821287858652 1.1001991418074535 662.3198833680923 2.521983056932575 2.541544255719186 662.3137501231244 
172.00028230838305 3.606864973652497E-88 45.19715383187714 1.0913648892668504 657.0016633386444 0.0 0.0 266.0 260.8461335860869 2.469929151560222 657.0011543150197 1.075580004162662 647.4991625059314 2.482303086513788 2.5109832005953936 648.2848269203491 
173.00044930227844 3.0206843488919683E-88 45.19715383187714 1.0907247266400184 656.6162854372916 0.0 0.0 266.0 263.6114719616302 2.4684804421873956 656.6157976218478 1.0779252538990978 648.9110028472584 2.4616189804581428 2.541544255719186 662.3137501231244 
174.00010038545517 3.1614056180219565E-88 45.10434399196571 1.089803652291194 656.0617986792988 0.0 0.0 266.0 264.67418343443137 2.4663960078958995 656.0613381003093 1.0825825057179759 651.714668442213 2.4623280592973456 2.541544255719186 662.3137501231244 
175.0002981275164 3.1614056180219565E-88 44.986725162808646 1.0913168299409672 656.9727316244622 0.0 0.0 266.0 264.1628972136674 2.469820591205171 656.9722772605753 1.1084956029630344 667.3143529837438 2.526147161552322 2.541544255719186 662.3137501231244 
176.00022757741917 3.1614056180219565E-88 44.986725162808646 1.088446796590645 655.2449715475683 0.0 0.0 266.0 261.9983287086073 2.463325284098739 655.2445255702647 1.057261187431963 636.4712348340508 2.42929501867903 2.541544255719186 662.3137501231244 
177.0001492717268 2.8860986253461085E-88 44.639425567018606 1.0849729963134587 653.1537437807025 0.0 0.0 266.0 262.60703594708264 2.4554635679997654 653.1533090879376 1.0792726212925405 649.7221180181067 2.474123039677546 2.541544255719186 662.3137501231244 
178.00059862610183 3.1614056180219565E-88 44.639425567018606 1.079962047299756 650.1371524744532 0.0 0.0 266.0 261.70433644932945 2.4441230641850638 650.1367350732269 1.0952471949431035 659.338811355751 2.519403462324403 2.541544255719186 662.3137501231244 
179.00010817017565 3.1614056180219565E-88 44.444184301474536 1.080438249750867 650.4238263500217 0.0 0.0 266.0 260.23037708076157 2.445200818955368 650.4234178421275 1.0925183159130718 657.6960261796762 2.527360693081433 2.541544255719186 662.3137501231244 
180.00019830058815 3.1614056180219565E-88 44.444184301474536 1.0781350256558024 649.0372854447932 0.0 0.0 266.0 262.70161203110575 2.439988292096038 649.0368856975462 1.0978167473125915 660.8856818821781 2.5157275464450692 2.541544255719186 662.3137501231244 
181.00086059900417 2.8210243899198843E-88 44.26307390098674 1.0757518469520968 647.6026118651621 0.0 0.0 266.0 259.7941075471773 2.4345948169818667 647.6022213171764 1.0646314087920796 640.9081080928361 2.4669847755359515 2.4616189804581428 648.9110028472584 
182.00048828238926 2.459685290769313E-88 43.953093366723486 1.0724966845774109 645.6430041156015 0.0 0.0 265.0 259.16202644397265 2.4363866519275934 645.6424627608121 1.0407692920974077 626.54311384264 2.417572984899044 2.4616189804581428 648.9110028472584 
183.00011210873714 2.9767042867978466E-88 43.812181463064086 1.0680218325212376 642.9491431777857 0.0 0.0 267.0 258.74539262740217 2.4080482882819343 642.9488929712768 1.0236083751897938 616.2122418642575 2.3815389932435003 2.4616189804581428 648.9110028472584 
184.00005935695262 3.6020390135889344E-88 43.812181463064086 1.0669071053978092 642.2780774494813 0.0 0.0 267.0 262.4319775776253 2.4055344787630197 642.2777058297261 1.0578239346034022 636.8100086312489 2.4265716949181075 2.4616189804581428 648.9110028472584 
185.0001604741771 4.4130039856836225E-88 43.812181463064086 1.0653101007452181 641.3166806486217 0.0 0.0 267.0 261.8288584429456 2.4019338079490056 641.3163267223847 1.0541136971276424 634.5764456708326 2.4236306473035762 2.4616189804581428 648.9110028472584 
186.00004134874197 5.189306561972722E-88 43.81461554122135 1.0620412345924055 639.3488232246284 0.0 0.0 267.0 261.1244607332369 2.394563586204767 639.3484775166728 1.053262121587103 634.0637971954363 2.4282052911281715 2.4616189804581428 648.9110028472584 
187.00021644805796 4.7331932380694767E-88 43.750401207123154 1.057968760638241 636.8971939042211 0.0 0.0 267.0 261.57477724881403 2.3853815095464066 636.8968630488907 1.0573096599785234 636.5004153070745 2.433340179055664 2.4616189804581428 648.9110028472584 
188.00040217667788 4.9561156558009253E-88 44.05038606258944 1.0528741856291552 633.8302597487515 0.0 0.0 267.0 261.38354131807955 2.373894907376618 633.8299402695568 1.0434618315711481 628.1640226058224 2.4032271482671703 2.3815389932435003 616.2122418642575 
189.00021360885623 4.0276065850871064E-88 44.407903034455984 1.0496878962536844 631.9121135447181 0.0 0.0 267.0 264.4760417309933 2.366710898808687 631.9118099819194 1.0461641012867255 629.790788974609 2.381277278851551 2.4265716949181075 636.8100086312489 
190.00028396914226 4.8717617793689697E-88 44.2923463859992 1.0425331926794719 627.6049819930421 0.0 0.0 267.0 265.6688427883016 2.3505793896151252 627.6046970272386 1.0452382704455927 629.2334388082492 2.3684878972038668 2.4236306473035762 634.5764456708326 
191.00027640787354 4.5724033632906403E-88 44.444678128422375 1.0411794431464996 626.7900247741924 0.0 0.0 267.0 260.05956234098335 2.347527155738508 626.789750582181 1.0154995677916916 611.3307398105964 2.350733556219076 2.4282052911281715 634.0637971954363 
192.00058913126617 4.5724033632906403E-88 44.75688231539579 1.037401837659921 624.5159062712726 0.0 0.0 267.0 262.1534190199485 2.3390098831860664 624.5156388106799 1.025576374271343 617.3969773113507 2.355097940814459 2.433340179055664 636.5004153070745 
193.00005985185962 3.979829450537053E-88 44.656292536123814 1.0352233885699222 623.2044799190933 0.0 0.0 267.0 264.0252656032111 2.334098172426436 623.2042120378585 1.0238019480552438 616.3287727292641 2.3343552796780833 2.4236306473035762 634.5764456708326 
194.0001578506018 4.0730824755851073E-88 45.05400558545558 1.0346484136414942 622.8583450121791 0.0 0.0 267.0 263.158371940931 2.332801818841282 622.8580856306222 1.012919642751562 609.7776249364454 2.3171507728939638 2.482303086513788 647.4991625059314 
195.00012237285193 4.0730824755851073E-88 44.9639876222793 1.0319705275070012 621.246257559214 0.0 0.0 267.0 263.64745418846974 2.3267640606846673 621.2460042028057 1.047175953772545 630.3999241710794 2.3910715394977218 2.482303086513788 647.4991625059314 
196.00031878772646 3.6272812882658764E-88 45.12213865907201 1.030530885399932 620.379593010759 0.0 0.0 266.0 264.1186487756157 2.3322528268902394 620.3792519528031 1.037944290649581 624.842462971045 2.365764272487572 2.482303086513788 647.4991625059314 
197.0004483152249 4.8038455073082156E-88 44.872404442984795 1.028193964233461 618.972766468543 0.0 0.0 266.0 264.68055676271956 2.326964062790187 618.9724407021894 1.0482646385915606 631.0553124321291 2.3842148443032656 2.482303086513788 647.4991625059314 
198.00026711898957 9.105543565691474E-88 44.55840422765226 1.0208431478181863 614.5475749865483 0.0 0.0 266.0 264.57022643870147 2.310328018888097 614.5472530242339 1.0395787197799078 625.8263893075055 2.3654452646904462 2.482303086513788 647.4991625059314 
199.000412908804 1.1007388669137999E-87 44.20827082519902 1.0163429702493967 611.8384680901366 0.0 0.0 267.0 263.63780588132374 2.2915287112301646 611.8381658984534 1.0299971642807229 620.0582928969943 2.3519323824751934 2.482303086513788 647.4991625059314 
200.0007872058339 1.1007388669137999E-87 44.81659795984742 1.0127378456661849 609.6681830910427 0.0 0.0 267.0 262.1671649061773 2.283400385672404 609.6679029745311 1.0251694216815106 617.1519918522672 2.3540399960961156 2.482303086513788 647.4991625059314 
201.00023558879025 1.0028746644159781E-87 44.700971164048894 1.007303704430983 606.3968300674512 0.0 0.0 267.0 263.64859852078257 2.2711481703234577 606.3965614763629 1.0329636664948663 621.8441272299132 2.3586096444995714 2.482303086513788 647.4991625059314 
202.00009116499555 1.1007388669137999E-87 44.398775681606075 1.0048744905411222 604.934443305755 0.0 0.0 267.0 262.4322683399609 2.265671073520177 604.9341766298868 1.0172489337537864 612.383858119783 2.3334929884707876 2.482303086513788 647.4991625059314 
203.00017515212238 1.5096809213987796E-87 44.481730796801244 1.0020330941678064 603.2239226890196 0.0 0.0 267.0 259.99789245845216 2.259264643206186 603.2236597360514 1.0154845583322984 611.3217041160428 2.351256382640611 2.3842148443032656 631.0553124321291 
204.00161695834788 1.5096809213987796E-87 44.523761164969414 0.9965720530267694 599.9363759221145 0.0 0.0 265.0 262.9653676322649 2.2639095752038436 599.936037429018 1.0244493761952 616.7185244695124 2.3452461821206123 2.482303086513788 647.4991625059314 
205.00120837878492 1.3754586059706842E-87 44.67713700230865 0.9930492642204758 597.8156570607257 0.0 0.0 266.0 260.7038074461429 2.2474263592950363 597.8154115724789 0.983598999239711 592.1265975423105 2.271261794535295 2.3519323824751934 620.0582928969943 
206.0001369534869 1.7706036621322405E-87 44.571030897399154 0.9881231614205814 594.8501431751894 0.0 0.0 267.0 259.2893640954676 2.2279025170865983 594.8499720621211 0.9638984309408885 580.2668554264138 2.237912293281593 2.3540399960961156 617.1519918522672 
207.00034657877603 1.7706036621322405E-87 44.330257164267614 0.9825876173609086 591.5177456512664 0.0 0.0 267.0 261.38429449078177 2.215421635880989 591.5175767802236 0.9908173884708397 596.4720678594521 2.281973632048072 2.3519323824751934 620.0582928969943 
208.0003775238279 1.4018110178814377E-87 44.590844646910895 0.9815943425757147 590.9197942305801 0.0 0.0 267.0 261.1748103748939 2.213182132203478 590.9196292983287 0.9812620945895848 590.7197809429299 2.2617793044245063 2.3519323824751934 620.0582928969943 
209.00057224419663 1.4018110178814377E-87 44.487909244046634 0.9812391931689513 590.705994287709 0.0 0.0 267.0 252.13093254066442 2.2123814082177806 590.7058359941477 0.94084425949836 566.3882442180135 2.2464052248990303 2.3452461821206123 616.7185244695124 
210.00065815628352 1.4018110178814377E-87 44.93726697227528 0.9744957410828572 586.6464361318798 0.0 0.0 267.0 257.0480447570784 2.1971770884383868 586.646282613049 0.9507594622176173 572.3571962550044 2.2266545415504204 2.271261794535295 592.1265975423105 
211.00012100908367 1.4018110178814377E-87 44.52920329054517 0.9722631099631425 585.302392197812 0.0 0.0 266.0 259.5408821510899 2.2003841221506315 585.3021764920678 0.941094812158683 566.5390769195232 2.1828510106924752 2.237912293281593 580.2668554264138 
212.00032045334066 1.6939249946216425E-87 44.76359635097276 0.9691911510140636 583.4530729104666 0.0 0.0 266.0 263.90471889418586 2.193431812023815 583.452861998335 0.9538346003074998 574.208429385117 2.1758172108144427 2.3586096444995714 621.8441272299132 
213.00024163706215 1.6939249946216425E-87 44.736746249004014 0.9684697306789765 583.0187778687435 0.0 0.0 266.0 260.2259626902594 2.1917991512086834 583.0185742215098 0.9443888111447187 568.5220643091119 2.184724607920117 2.3586096444995714 621.8441272299132 
214.00007061634184 2.8047516165150325E-87 45.1151202056116 0.9698897237960952 583.8736137252491 0.0 0.0 267.0 256.81821060197467 2.18679205206823 583.8734779022174 0.9251830802153119 556.9602142896233 2.1686943966478243 2.3586096444995714 621.8441272299132 
215.0003438699445 2.633517856384097E-87 45.02998318904641 0.9660503141930412 581.5622891442106 0.0 0.0 269.0 260.9750820860863 2.161941101643007 581.5621563419686 0.939560114239275 565.6151887720423 2.1673149185387217 2.3586096444995714 621.8441272299132 
216.0000596933881 2.633517856384097E-87 44.99397360824594 0.9657437725441784 581.3777510715956 0.0 0.0 269.0 260.41882580260113 2.1612551192573615 581.3776270802301 0.9409411698193264 566.4465842312342 2.1751368492099865 2.1758172108144427 574.208429385117 
217.00036949084105 2.633517856384097E-87 44.87514672933828 0.9642872407783879 580.5009189485895 0.0 0.0 269.0 259.06015675474157 2.1579955228668384 580.5007956511796 0.9665766107088235 581.8791196467038 2.246115832461194 2.1758172108144427 574.208429385117 
218.00017456203258 2.633517856384097E-87 44.76061221086875 0.9644100189869306 580.5748314301321 0.0 0.0 269.0 257.975077178805 2.158270305314559 580.5747121296159 0.9624111664708499 579.3715222154533 2.245843003717314 2.184724607920117 568.5220643091119 
219.00100351094784 2.633517856384097E-87 44.65257133335486 0.96215216054207 579.2156006463259 0.0 0.0 269.0 261.3483920156309 2.153217414542791 579.2154845120104 0.9550757968767349 574.9556297197993 2.1999585506744266 2.1686943966478243 556.9602142896233 
220.0000438088178 2.633517856384097E-87 44.95874212948021 0.9598831517517741 577.8496573545676 0.0 0.0 269.0 257.2098248138551 2.148139576972671 577.849546205648 0.9033970328031925 543.8450137475206 2.114402177837125 2.184724607920117 568.5220643091119 
221.00007069092732 2.397885259706511E-87 44.45826052196888 0.958404037112257 576.9592303415787 0.0 0.0 269.0 258.15222102713705 2.1448294425769765 576.9591200532066 0.9362100509931642 563.5984506978859 2.183202021099947 2.184724607920117 568.5220643091119 
222.00037927605848 2.034247752846426E-87 44.685328561834645 0.9526684367594164 573.5063989291682 0.0 0.0 269.0 260.2477941636927 2.131993653823843 573.5062928786133 0.9419506638049069 567.0542996105511 2.1789014636330823 2.184724607920117 568.5220643091119 
223.000334355147 1.8513292114669453E-87 44.988224745377536 0.9525241087820835 573.4195134868141 0.0 0.0 269.0 263.5667068232938 2.1316706823201153 573.419413544111 0.9478464740617819 570.6035773851949 2.164930405143133 2.184724607920117 568.5220643091119 
224.00021133394642 2.8766650417500513E-87 44.861436973644985 0.9459917853376081 569.4870547732398 0.0 0.0 269.0 265.28341316392664 2.1170518817844277 569.4869562000108 0.951791308873257 572.9783679417035 2.159872572159809 2.184724607920117 568.5220643091119 
225.00068344668708 3.1120326440038994E-87 44.2033590677142 0.9439455108799657 568.2551975497391 0.0 0.0 269.0 264.25719074945454 2.1124724909525874 568.2551000662456 0.9446090521542136 568.654649396831 2.1518984886809736 2.184724607920117 568.5220643091119 
226.00086585715695 2.637427140166573E-87 44.359820522190944 0.941806652868561 566.9676050268741 0.0 0.0 269.0 264.58403161630395 2.1076859090983686 566.9675095474614 0.9327094897636917 561.4911128377415 2.122165534358506 2.184724607920117 568.5220643091119 
227.00043270224973 3.8458854932602946E-87 44.27118954170016 0.9381033310829545 564.7382053119386 0.0 0.0 268.0 265.99216227447636 2.10723175470334 564.7381102604951 0.9356531869406389 563.2632185382598 2.1175932919295213 2.184724607920117 568.5220643091119 
228.00040503839696 3.581997266288327E-87 44.24733871666877 0.9349992224902077 562.869531939105 0.0 0.0 269.0 262.18289841876907 2.0924514560461223 562.8694416764067 0.9285146390791233 558.9658127256364 2.1319690036870127 2.1789014636330823 567.0542996105511 
229.0000258281154 4.027666625299838E-87 43.898430203646015 0.9281098839418179 558.7221501329741 0.0 0.0 269.0 266.5983661415259 2.0770336938763996 558.7220636527513 0.9412616271284221 566.639499531313 2.12544250638996 2.164930405143133 570.6035773851949 
230.00031421304232 4.527880158853357E-87 43.96799110596921 0.9236706759173824 556.0497469022642 0.0 0.0 268.0 260.73837484587864 2.07481217841279 556.0496638146278 0.912961710836348 549.6029499234776 2.1078713490039416 2.159872572159809 572.9783679417035 
231.00062246052323 6.102905594757495E-87 43.96799110596921 0.9205780879805633 554.1880089642988 0.0 0.0 266.0 262.0314857929529 2.083413255194828 554.1879258818241 0.9231452458243924 555.7334379862851 2.1208651178103235 2.1518984886809736 568.654649396831 
232.00054302501457 5.731843501823296E-87 43.96799110596921 0.9154764354400419 551.116814134905 0.0 0.0 267.0 263.97520764748543 2.06410762722396 551.116736468797 0.9324921077790326 561.3602488829832 2.1265642856605993 2.1518984886809736 568.654649396831 
233.00002582555382 6.196275082137051E-87 43.609170023110316 0.9097172124204399 547.6497618771045 0.0 0.0 267.0 264.61754747316195 2.0511224171906806 547.6496853899114 0.9274861256917023 558.3466476664029 2.1100136895608994 2.1518984886809736 568.654649396831 
234.00100332050337 5.769382090827245E-87 43.345890228584416 0.907585871697248 546.3666947617431 0.0 0.0 266.0 262.8106573233283 2.0540098653069405 546.366624171646 0.9171184980635716 552.105335834274 2.1007722497152574 2.1319690036870127 558.9658127256364 
235.00006102809132 6.142737810894674E-87 43.345890228584416 0.9051174935176486 544.8807310976246 0.0 0.0 266.0 267.34526061107215 2.048423552360012 544.8806649277631 0.9309078121383795 560.4065029073062 2.0961901536102894 2.12544250638996 566.639499531313 
236.00006623266893 6.142737810894674E-87 43.000506483820956 0.9009584859221479 542.3770085251327 0.0 0.0 267.0 271.8865445801839 2.0313743231873467 542.3769442910215 0.9450209156221255 568.9025912045207 2.09242642765921 2.1078713490039416 549.6029499234776 
237.0002422023485 5.769382090827245E-87 43.000506483820956 0.9020887997670193 543.0574574597453 0.0 0.0 267.0 264.9634964102927 2.0339228414426556 543.0573986651889 0.9161653842613217 551.5315613253136 2.0815379053998964 2.1208651178103235 555.7334379862851 
238.00046313689884 5.12110655894919E-87 42.29470472106816 0.8953975978319781 539.0293538948505 0.0 0.0 267.0 270.9518367130111 2.0188363164537897 539.0292964931616 0.9366412405183158 563.8580267920271 2.0810267744715776 2.1208651178103235 555.7334379862851 
239.00018010636748 5.12110655894919E-87 42.29470472106816 0.8943631945057622 538.4066430924681 0.0 0.0 268.0 273.31559316472317 2.008979804189183 538.4065875227005 0.9605367751104431 578.2431386164826 2.1156609907287076 2.1208651178103235 555.7334379862851 
240.00002982521772 7.4591182270519045E-87 41.97261785655324 0.8904255870835517 536.0362034242976 0.0 0.0 268.0 271.07791537207964 2.000134883112152 536.0361486740564 0.9574736301399432 576.3991253442425 2.1263227015490402 2.1007722497152574 552.105335834274 
241.00052160136363 1.374257005069562E-86 41.427743249824026 0.8841432178287417 532.2542171329022 0.0 0.0 268.0 265.88913188425204 1.9860230032499768 532.2541648709936 0.9211760102847252 554.547958191408 2.0856360478577822 2.0961901536102894 560.4065029073062 
242.00087160563746 1.374257005069562E-86 40.80892400905361 0.8788714195007579 529.0805945394563 0.0 0.0 268.0 256.12960344381105 1.974181131204172 529.0805431627182 0.8597868323075056 517.5916730491218 2.0208194058390814 2.09242642765921 568.9025912045207 
243.00015715758556 1.2909304341503594E-86 40.37706373098707 0.8754630125472043 527.0287335534174 0.0 0.0 268.0 258.1762394073603 1.966524933959161 527.0286823010556 0.8614778049801404 518.6096385980479 2.0087427091993773 2.0815379053998964 551.5315613253136 
244.0002099920133 1.1186208678108972E-86 39.938677994410654 0.8712549580673011 524.4954847565157 0.0 0.0 267.0 256.40036848710264 1.9644023199867537 524.4954194364636 0.8451941946972448 508.80690520773726 1.9844234554340396 2.0810267744715776 563.8580267920271 
245.00028478153803 1.0411368334199803E-86 40.11479535150487 0.8724054905934533 525.1881053372591 0.0 0.0 267.0 251.40707004764576 1.9669964045585087 525.1880400171218 0.8167410353647796 491.67810328959496 1.9557051565670525 2.1156609907287076 578.2431386164826 
246.00024224872632 1.0411368334199803E-86 39.4940798398583 0.8674569350104646 522.2090748762996 0.0 0.0 267.0 259.8846751785959 1.9558389891768104 522.2090101102082 0.8544475258451436 514.3774105587804 1.9792525673370083 2.1156609907287076 578.2431386164826 
247.00030931181368 1.1688806231718574E-86 39.4940798398583 0.8649100064804089 520.6758239012058 0.0 0.0 267.0 262.79548383481887 1.9500964822791371 520.6757607685294 0.8634824118580389 519.8164119385442 1.9780264270647696 2.1156609907287076 578.2431386164826 
248.00033294811251 1.0366753157976703E-86 39.4940798398583 0.8619043737306288 518.8664329858386 0.0 0.0 267.0 265.50103311340047 1.9433197413912608 518.8663709514665 0.8684651267353865 522.8160062946994 1.9691675025286808 2.1156609907287076 578.2431386164826 
249.00065748725837 1.0366753157976703E-86 39.53029934444003 0.8632295302708393 519.6641772230452 0.0 0.0 267.0 265.35163486688873 1.9463075535228223 519.6641167905935 0.8651870178876155 520.8425847683504 1.9628391776430036 2.1156609907287076 578.2431386164826 
250.00075944534572 8.759145181997838E-87 39.04358401446878 0.8608222514044913 518.2149953455039 0.0 0.0 267.0 266.31910592379523 1.9408799108313026 518.2149361919578 0.8933721327862765 537.8100239373393 2.019419605934051 1.9844234554340396 508.80690520773726 
251.00033267773756 7.577866165993339E-87 39.11131824612097 0.8547230263514688 514.543261863584 0.0 0.0 267.0 266.6150195211447 1.927128104808825 514.5432039839561 0.8800294601449129 529.7777350072336 1.9870513520158903 1.9557051565670525 491.67810328959496 
252.00089880588854 0.0 0.0 0.0 0.0 0.0 0.0 267.0 258.503397187873 0.0 0.0 0.8103951984969313 487.85790949515786 1.8872398382470634 1.9792525673370083 514.3774105587804 
253.00024951134515 0.0 0.0 0.0 0.0 0.0 0.0 267.0 263.7993755798596 0.0 0.0 0.6733768831959126 405.3728836839363 1.5366711266578355 1.9780264270647696 519.8164119385442 
254.00065834950968 0.0 0.0 0.0 0.0 0.0 0.0 267.0 265.4212236099527 0.0 0.0 0.317458733639755 191.11015765113066 0.7200259084479802 1.9691675025286808 522.8160062946994 
255.0002292439086 0.0 0.0 0.0 0.0 0.0 0.0 267.0 267.4897989153241 0.0 0.0 0.06969560074612345 41.95675164916606 0.1568536513141863 1.9628391776430036 520.8425847683504 
256.00120989282635 0.0 0.0 0.0 0.0 0.0 0.0 267.0 262.7035659495209 0.0 0.0 0.010353506794238593 6.232811090131694 0.02372564326488565 1.9628391776430036 520.8425847683504 
257.0000881442379 0.0 0.0 0.0 0.0 0.0 0.0 267.0 262.2622960361307 0.0 0.0 0.0016374911873753418 0.9857696947999519 0.00375871678734997 1.9628391776430036 520.8425847683504 
258.000000007037 0.0 0.0 0.0 0.0 0.0 0.0 267.0 260.06800039060414 0.0 0.0 2.2563299109314454E-4 0.13583106063807263 5.222905564470206E-4 1.9628391776430036 520.8425847683504 
259.0001629293786 0.0 0.0 0.0 0.0 0.0 0.0 267.0 258.5919444399506 0.0 0.0 1.0861486013157396E-4 0.06538614579920682 2.5285453474128066E-4 1.9628391776430036 520.8425847683504 
260.00009288715364 0.0 0.0 0.0 0.0 0.0 0.0 267.0 260.3500081339952 0.0 0.0 4.414545685450207E-5 0.02657556502641 1.0207629804540767E-4 1.9628391776430036 520.8425847683504 
261.000136530622 0.0 0.0 0.0 0.0 0.0 0.0 267.0 259.1692404536277 0.0 0.0 1.0703451971379057E-5 0.006443478086770135 2.486204796330005E-5 1.9628391776430036 520.8425847683504 
262.0000385284062 0.0 0.0 0.0 0.0 0.0 0.0 267.0 258.9399507876712 0.0 0.0 4.39625678316077E-6 0.00264654658346276 1.0220696247961012E-5 1.9628391776430036 520.8425847683504 
263.0002299949725 0.0 0.0 0.0 0.0 0.0 0.0 267.0 260.1994764214163 0.0 0.0 4.0747161909271705E-6 0.0024529791469381323 9.427302393819245E-6 1.9628391776430036 520.8425847683504 
264.00022339442125 0.0 0.0 0.0 0.0 0.0 0.0 267.0 257.20956619958497 0.0 0.0 2.11976709426618E-6 0.0012760997907482524 4.961323210498504E-6 1.9628391776430036 520.8425847683504 
265.0003536375241 0.0 0.0 0.0 0.0 0.0 0.0 267.0 257.98723153156584 0.0 0.0 3.210471482078944E-7 1.9327038322115327E-4 7.49147087915108E-7 1.9628391776430036 520.8425847683504 
266.00000918830483 0.0 0.0 0.0 0.0 0.0 0.0 267.0 257.93789950759344 0.0 0.0 5.998069427806512E-8 3.610837795539509E-5 1.3998864852480546E-7 2.486204796330005E-5 0.006443478086770135 
267.0003253074222 0.0 0.0 0.0 0.0 0.0 0.0 267.0 260.2006582173108 0.0 0.0 1.3524480688059425E-8 8.141737374211868E-6 3.129022589716958E-8 1.0220696247961012E-5 0.00264654658346276 
268.0001001986471 0.0 0.0 0.0 0.0 0.0 0.0 267.0 260.91800916145075 0.0 0.0 2.5395588891421435E-9 1.528814451263582E-6 5.859367301540242E-9 9.427302393819245E-6 0.0024529791469381323 
269.00054039822453 0.0 0.0 0.0 0.0 0.0 0.0 266.0 257.00994539140606 0.0 0.0 5.69145925642095E-10 3.426258472365384E-7 1.3331229136473532E-9 4.961323210498504E-6 0.0012760997907482524 
270.00029550469264 0.0 0.0 0.0 0.0 0.0 0.0 265.0 259.46109042694474 0.0 0.0 1.0300389000413836E-10 6.200834178249188E-8 2.3898898166371227E-10 4.961323210498504E-6 0.0012760997907482524 
271.0000470040153 0.0 0.0 0.0 0.0 0.0 0.0 264.0 258.8066771468042 0.0 0.0 2.2961575678078227E-11 1.3822868558203078E-8 5.3410015192004746E-11 4.961323210498504E-6 0.0012760997907482524 
272.0016169583479 0.0 0.0 0.0 0.0 0.0 0.0 264.0 259.7168200868089 0.0 0.0 2.981856353641939E-12 1.7950775248924632E-9 6.911672198560218E-12 3.129022589716958E-8 8.141737374211868E-6 
273.0004421493373 0.0 0.0 0.0 0.0 0.0 0.0 264.0 261.3870098990308 0.0 0.0 2.571566912895013E-13 1.5480832815628096E-10 5.922571600481628E-13 5.859367301540242E-9 1.528814451263582E-6 
274.00030201066517 0.0 0.0 0.0 0.0 0.0 0.0 264.0 261.0848490193433 0.0 0.0 2.212794653482147E-14 1.3321023813962594E-11 5.10218186309833E-14 2.3898898166371227E-10 6.200834178249188E-8 
275.0000344813514 0.0 0.0 0.0 0.0 0.0 0.0 264.0 256.6609944972576 0.0 0.0 9.041462416668287E-15 5.442960374834334E-12 2.1206807779639035E-14 5.3410015192004746E-11 1.3822868558203078E-8 
276.0002145803788 0.0 0.0 0.0 0.0 0.0 0.0 265.0 254.84389276347014 0.0 0.0 8.362610087628874E-15 5.034291272752656E-12 1.9754412076200564E-14 6.911672198560218E-12 1.7950775248924632E-9 
277.0000842893072 0.0 0.0 0.0 0.0 0.0 0.0 266.0 258.8725098363187 0.0 0.0 8.646671587868469E-15 5.205296295896832E-12 2.0107566845116402E-14 6.911672198560218E-12 1.7950775248924632E-9 
278.0000269715313 0.0 0.0 0.0 0.0 0.0 0.0 267.0 253.11936472127346 0.0 0.0 2.756760614884617E-15 1.659569890160519E-12 6.556471457598598E-15 5.922571600481628E-13 1.5480832815628096E-10 
279.0004107397571 0.0 0.0 0.0 0.0 0.0 0.0 265.0 257.33355049750327 0.0 0.0 7.290198021003984E-17 4.3886992086444465E-14 1.7054516211196592E-16 5.10218186309833E-14 1.3321023813962594E-11 
280.0005479020735 0.0 0.0 0.0 0.0 0.0 0.0 265.0 258.44813335252456 0.0 0.0 3.070783894256817E-17 1.848611904342609E-14 7.152738463856858E-17 2.1206807779639035E-14 5.442960374834334E-12 
281.00005091143555 0.0 0.0 0.0 0.0 0.0 0.0 264.0 256.27766425976597 0.0 0.0 6.057686636047914E-18 3.646727354900896E-15 1.422959494122957E-17 2.0107566845116402E-14 5.205296295896832E-12 
282.00009725055605 0.0 0.0 0.0 0.0 0.0 0.0 264.0 260.6657154866243 0.0 0.0 5.873602159557277E-20 3.53590850005352E-17 1.356491586725359E-19 2.0107566845116402E-14 5.205296295896832E-12 
283.0001235245607 0.0 0.0 0.0 0.0 0.0 0.0 263.0 258.03931316383307 0.0 0.0 5.545155391328942E-23 3.338183545580006E-20 1.2936724658930335E-22 6.556471457598598E-15 1.659569890160519E-12 
284.0004944569632 0.0 0.0 0.0 0.0 0.0 0.0 263.0 260.7223820388636 0.0 0.0 1.282178641900373E-23 7.718715424240272E-21 2.9605112395335935E-23 6.556471457598598E-15 1.659569890160519E-12 
285.0004849350672 0.0 0.0 0.0 0.0 0.0 0.0 263.0 260.362963774212 0.0 0.0 1.3439482112480948E-23 8.090568231713477E-21 3.107419010151404E-23 1.7054516211196592E-16 4.3886992086444465E-14 
286.0001682094263 0.0 0.0 0.0 0.0 0.0 0.0 263.0 260.7166243401551 0.0 0.0 1.355138243853893E-23 8.157932228000434E-21 3.129041827941451E-23 7.152738463856858E-17 1.848611904342609E-14 
287.00083488951395 0.0 0.0 0.0 0.0 0.0 0.0 262.0 258.5620079123725 0.0 0.0 1.3545064271931847E-23 8.154128691703005E-21 3.1536453315548456E-23 1.422959494122957E-17 3.646727354900896E-15 
288.0000341928281 0.0 0.0 0.0 0.0 0.0 0.0 263.0 261.3014072943846 0.0 0.0 6.569786455108531E-24 3.955011445975375E-21 1.5135821452043013E-23 1.356491586725359E-19 3.53590850005352E-17 
289.0004149865248 0.0 0.0 0.0 0.0 0.0 0.0 263.0 257.8811614232833 0.0 0.0 1.8228202590024765E-25 1.0973377959194902E-22 4.255207281769342E-25 1.2936724658930335E-22 3.338183545580006E-20 
290.0000689700467 0.0 0.0 0.0 0.0 0.0 0.0 263.0 259.9312276608545 0.0 0.0 6.159632198995333E-28 3.7080985837951952E-25 1.4265691033604242E-27 3.107419010151404E-23 8.090568231713477E-21 
291.00075930939676 0.0 0.0 0.0 0.0 0.0 0.0 262.0 255.29607854644007 0.0 0.0 -9.891173402562226E-30 -5.9544863883424685E-27 -2.3323845874347448E-29 3.129041827941451E-23 8.157932228000434E-21 
292.00004529718194 0.0 0.0 0.0 0.0 0.0 0.0 263.0 252.81996804477046 0.0 0.0 -1.3279162357351112E-30 -7.994055739125485E-28 -3.16195583796208E-30 3.1536453315548456E-23 8.154128691703005E-21 
293.00008601583437 0.0 0.0 0.0 0.0 0.0 0.0 264.0 249.8703148137839 0.0 0.0 -5.242708152422882E-31 -3.1561103077585567E-28 -1.2630993441980697E-30 3.1536453315548456E-23 8.154128691703005E-21 
294.00039105134056 0.0 0.0 0.0 0.0 0.0 0.0 264.0 251.96437374971987 0.0 0.0 -3.8533419718891238E-31 -2.319711867077227E-28 -9.206507382593037E-31 3.1536453315548456E-23 8.154128691703005E-21 
295.00007930333646 0.0 0.0 0.0 0.0 0.0 0.0 263.0 254.72361673876995 0.0 0.0 -6.146136999851945E-32 -3.699974473910898E-29 -1.4525447311410395E-31 3.1536453315548456E-23 8.154128691703005E-21 
296.00031282953813 0.0 0.0 0.0 0.0 0.0 0.0 262.0 255.4744957520995 0.0 0.0 -2.1788053733342065E-33 -1.3116408347471846E-30 -5.134136113610102E-33 3.1536453315548456E-23 8.154128691703005E-21 
297.00000266882535 0.0 0.0 0.0 0.0 0.0 0.0 262.0 252.5484477084479 0.0 0.0 -1.6602670501906082E-35 -9.994807642147524E-33 -3.95758031096114E-35 -1.2630993441980697E-30 -3.1561103077585567E-28 
298.00003267638357 0.0 0.0 0.0 0.0 0.0 0.0 262.0 257.4015548401749 0.0 0.0 -7.035097218436612E-36 -4.235128525498816E-33 -1.6453391387353818E-35 -9.206507382593037E-31 -2.319711867077227E-28 
299.00008840596206 0.0 0.0 0.0 0.0 0.0 0.0 262.0 254.9937071211172 0.0 0.0 -1.1126611455694222E-36 -6.698220096327988E-34 -2.6268178034473845E-36 -1.4525447311410395E-31 -3.699974473910898E-29 
300.0000344219757 0.0 0.0 0.0 0.0 0.0 0.0 262.0 253.69279112131045 0.0 0.0 -1.176303311058308E-37 -7.081345932571037E-35 -2.7913075106595713E-37 -5.134136113610102E-33 -1.3116408347471846E-30 
#####################################################################
# End of data export. Simulation finished at: 2021-12-09T08:55+0000 #
#####################################################################
