#####################################################################
# Alchemist log file - simulation started at: 2021-12-09T08:43+0000 #
#####################################################################
# random = 4.0
#
# The columns have the following meaning: 
# time localWarningInSystem[Min] localWarningInSystem[Max] localWarningInSystem[Mean] localWarningInSystem[Sum] meanWarningAtDetector[Sum] dataAtCollector[Sum] inSurveillanceArea[Sum] numDevicesAtDetector[Sum] localWarningInSurveillanceArea[Mean] localWarningInSurveillanceArea[Sum] sumWarningAtDetector[Mean] sumWarningAtDetector[Sum] meanWarningOverallAtDetector[Sum] meanWarningAtCollector[Sum] sumWarningAtCollector[Sum] 
0.0 0.0 0.0 0.0 0.0 0.0 0.0 0.0 0.0 0.0 0.0 0.0 0.0 0.0 0.0 0.0 
1.0022337669741583 0.0 0.0 0.0 0.0 0.0 0.0 103.0 1.0 0.0 0.0 0.0 0.0 0.0 0.0 0.0 
2.0 0.0 0.0 0.0 0.0 0.0 0.0 242.0 12.130839236802323 0.0 0.0 0.0 0.0 0.0 0.0 0.0 
3.0001501332046185 0.0 0.0 0.0 0.0 0.0 0.0 256.0 51.31255381929197 0.0 0.0 0.0 0.0 0.0 0.0 0.0 
4.000034742769375 0.0 0.0 0.0 0.0 0.0 0.0 259.0 104.69939463881062 0.0 0.0 0.0 0.0 0.0 0.0 0.0 
5.000143314300564 0.0 0.0 0.0 0.0 0.0 0.0 259.0 164.72131928918776 0.0 0.0 0.0 0.0 0.0 0.0 0.0 
6.000038380733989 0.0 0.0 0.0 0.0 0.0 0.0 260.0 212.1212256124957 0.0 0.0 0.0 0.0 0.0 0.0 0.0 
7.000031406782434 0.0 0.0 0.0 0.0 0.0 0.0 260.0 243.22040944686546 0.0 0.0 0.0 0.0 0.0 0.0 0.0 
8.000109080786046 0.0 0.0 0.0 0.0 0.0 0.0 260.0 245.42355406902453 0.0 0.0 0.0 0.0 0.0 0.0 0.0 
9.000191981369051 0.0 0.0 0.0 0.0 0.0 0.0 260.0 253.98328951353096 0.0 0.0 0.0 0.0 0.0 0.0 0.0 
10.00007120429288 0.0 0.0 0.0 0.0 0.0 0.0 260.0 246.98258358974988 0.0 0.0 0.0 0.0 0.0 0.0 0.0 
11.000939324995239 0.0 0.0 0.0 0.0 0.0 0.0 261.0 253.39651216295607 0.0 0.0 0.0 0.0 0.0 0.0 0.0 
12.000160799219545 0.0 0.0 0.0 0.0 0.0 0.0 260.0 249.75700742584158 0.0 0.0 0.0 0.0 0.0 0.0 0.0 
13.000548042552074 0.0 0.0 0.0 0.0 0.0 0.0 259.0 246.9954176645649 0.0 0.0 0.0 0.0 0.0 0.0 0.0 
14.000089011714646 0.0 0.0 0.0 0.0 0.0 0.0 260.0 248.81398939596647 0.0 0.0 0.0 0.0 0.0 0.0 0.0 
15.00081770749674 0.0 0.0 0.0 0.0 0.0 0.0 260.0 246.7029081198872 0.0 0.0 0.0 0.0 0.0 0.0 0.0 
16.000191144016643 0.0 0.0 0.0 0.0 0.0 0.0 260.0 257.50392145123806 0.0 0.0 0.0 0.0 0.0 0.0 0.0 
17.001243534542123 0.0 0.0 0.0 0.0 0.0 0.0 260.0 254.5250633226912 0.0 0.0 0.0 0.0 0.0 0.0 0.0 
18.000122852610453 0.0 0.0 0.0 0.0 0.0 0.0 260.0 239.86216465537188 0.0 0.0 0.0 0.0 0.0 0.0 0.0 
19.000517661321428 0.0 0.0 0.0 0.0 0.0 0.0 260.0 251.98749993905588 0.0 0.0 0.0 0.0 0.0 0.0 0.0 
20.000183540452156 0.0 0.0 0.0 0.0 0.0 0.0 261.0 253.57972060046143 0.0 0.0 0.0 0.0 0.0 0.0 0.0 
21.000440026967652 0.0 0.0 0.0 0.0 0.0 0.0 261.0 255.5131413378981 0.0 0.0 0.0 0.0 0.0 0.0 0.0 
22.000001435462398 0.0 0.0 0.0 0.0 0.0 0.0 261.0 249.05815988526808 0.0 0.0 0.0 0.0 0.0 0.0 0.0 
23.000161377262764 0.0 0.0 0.0 0.0 0.0 0.0 261.0 256.95392582346597 0.0 0.0 0.0 0.0 0.0 0.0 0.0 
24.000308597707768 0.0 0.0 0.0 0.0 0.0 0.0 260.0 250.335205930226 0.0 0.0 0.0 0.0 0.0 0.0 0.0 
25.000552852669436 0.0 0.0 0.0 0.0 0.0 0.0 260.0 254.5075632723735 0.0 0.0 0.0 0.0 0.0 0.0 0.0 
26.00183419399332 0.0 0.0 0.0 0.0 0.0 0.0 260.0 258.44943959384744 0.0 0.0 0.0 0.0 0.0 0.0 0.0 
27.000663250185266 0.0 0.0 0.0 0.0 0.0 0.0 260.0 256.17818253322065 0.0 0.0 0.0 0.0 0.0 0.0 0.0 
28.00004260500784 0.0 0.0 0.0 0.0 0.0 0.0 260.0 254.21379168746392 0.0 0.0 0.0 0.0 0.0 0.0 0.0 
29.000461918110883 0.0 0.0 0.0 0.0 0.0 0.0 260.0 257.07192455817886 0.0 0.0 0.0 0.0 0.0 0.0 0.0 
30.000683300958116 0.0 0.0 0.0 0.0 0.0 0.0 259.0 254.52190737325498 0.0 0.0 0.0 0.0 0.0 0.0 0.0 
31.000055992347647 2.6617420692615813E-96 43.098084845597306 1.0705075808821611 644.4455636910604 0.0 0.0 258.0 256.59123364131017 2.497585787582833 644.3771331963704 0.0010155758674025067 0.6113766721763056 0.0023826872941066697 0.0 0.0 
32.00024473723578 2.6617420692615813E-96 43.636070638257785 1.071823604162695 645.2378097059423 0.0 0.0 259.0 255.03083952234803 2.4910091521875994 645.1713704165884 0.11174118690774465 67.26819451846339 0.26376494170058506 0.0 0.0 
33.00006089791594 3.7280954068471126E-96 43.598511306727275 1.0729260903244544 645.901506375321 0.0 0.0 259.0 246.10050084853347 2.493580795646502 645.8374260724439 0.4294571252774129 258.53318941700513 1.0505187454946447 0.0 0.0 
34.00015274476817 3.4300133564885792E-96 43.57018148250482 1.0712056148311642 644.8657801283604 0.0 0.0 258.0 245.6436647230796 2.4992382491212464 644.8034682732814 0.7647398831976049 460.37340968495516 1.874151365572346 0.0 0.0 
35.00001814269217 3.502279895486159E-96 44.01687158025627 1.0683970777815939 643.1750408245201 0.0 0.0 258.0 255.9373207079185 2.492691039316743 643.1142881437196 0.9985014157284735 601.0978522685399 2.348613522271441 0.0023826872941066697 0.6113766721763056 
36.000692831887456 4.847424284650422E-96 43.86941805500382 1.0683564843716433 643.1506035917288 0.0 0.0 258.0 239.33397513230653 2.492598305250012 643.0903627545028 0.9905816863731197 596.3301751966169 2.4916235769157256 0.26376494170058506 67.26819451846339 
37.000012902239746 5.9312253170048E-96 43.785902039219756 1.066277601595287 641.8991161603627 0.0 0.0 258.0 250.50543254136235 2.4877532028145546 641.8403263261548 1.0271472334417961 618.3426345319702 2.4683801395399767 1.0505187454946447 258.53318941700513 
38.00014068868218 5.341362775496412E-96 43.79928310903586 1.0672777222379484 642.5011887872449 0.0 0.0 258.0 242.05954862855938 2.490091325458693 642.443561968343 0.9991588674522773 601.4936382062742 2.4848994456701514 1.874151365572346 460.37340968495516 
39.00026401695718 7.047555518789013E-96 44.148139388525884 1.0752835022546108 647.3206683572752 0.0 0.0 258.0 238.6168980315653 2.5087744318295284 647.2638034120184 0.9687905516601254 583.2119120993948 2.4441350001215962 2.348613522271441 601.0978522685399 
40.000166808951704 6.47801512240024E-96 44.36129920766364 1.0751919161078047 647.2655334968987 0.0 0.0 259.0 251.1854832638572 2.4988783017191327 647.2094801452554 1.025523277863004 617.365013273537 2.4578053048751523 2.4916235769157256 596.3301751966169 
41.000142067628325 8.474285792384385E-96 44.36129920766364 1.074921273867067 647.1026068679743 0.0 0.0 259.0 255.62757022481733 2.4982533392963 647.0476148777412 1.0604067566073534 638.364867477622 2.4972457662379606 2.4683801395399767 618.3426345319702 
42.00015064264609 1.2675061195165579E-95 44.36129920766364 1.0751247016327767 647.225070382931 0.0 0.0 259.0 247.81460024557242 2.4987300069159097 647.1710717912205 1.042510488463287 627.5913140549003 2.532503385325107 2.4848994456701514 601.4936382062742 
43.000979030134914 1.1648669097820455E-95 44.77727620663881 1.0776406374478413 648.7396637436003 0.0 0.0 260.0 240.1420496298372 2.4949449902537806 648.6856974659826 1.0006376152930336 602.3838444064093 2.5084480012348664 2.4441350001215962 583.2119120993948 
44.00041658193354 1.1648669097820455E-95 44.77727620663881 1.0761770241517306 647.8585685393424 0.0 0.0 260.0 256.52771159145 2.491567720995584 647.8076074588523 1.058970970282177 637.500524109874 2.485113675068241 2.4578053048751523 617.365013273537 
45.00049405332451 1.55567944976026E-95 44.77727620663881 1.075647100896158 647.539554739488 0.0 0.0 260.0 250.27642209603394 2.4903432534601277 647.4892458996338 1.0691842525484603 643.6489200341675 2.5717521236866334 2.4972457662379606 638.364867477622 
46.00035937868314 2.8424387412718482E-95 44.77727620663881 1.0781519433483213 649.0474698956895 0.0 0.0 260.0 251.94508281742856 2.4961482650758593 648.9985489197235 1.07950313809615 649.8608891338786 2.5793751632961968 2.532503385325107 627.5913140549003 
47.0000233270248 2.658427061641308E-95 44.77727620663881 1.0739486577764528 646.5170919814249 0.0 0.0 261.0 249.52746243887478 2.4768929866265026 646.4690695095172 1.059506234030034 637.8227528860854 2.556122467050411 2.5084480012348664 602.3838444064093 
48.00007303228632 4.011377175376924E-95 44.77727620663881 1.0743751457933932 646.773837767623 0.0 0.0 259.0 252.8148179397566 2.497015903348483 646.7271189672571 1.0679511023074177 642.9065635890751 2.542993993897437 2.485113675068241 637.500524109874 
49.00024214089736 3.60702963400332E-95 44.976729223808064 1.0720687081409144 645.385362300831 0.0 0.0 260.0 256.05041585297624 2.4820715921864696 645.3386139684822 1.0742468879729195 646.696626559699 2.525661301526771 2.5717521236866334 643.6489200341675 
50.00000880804722 3.60702963400332E-95 45.239357534401734 1.0751830506808961 647.2601965098985 0.0 0.0 260.0 246.4884331482394 2.48928831767354 647.2149625951203 1.041543411428226 627.0091336797947 2.54376696574118 2.5793751632961968 649.8608891338786 
51.001186189302416 5.037512432931128E-95 45.27556350079491 1.079923417459215 650.1138973104471 0.0 0.0 260.0 243.97408791942547 2.5002700236659527 650.070206153148 1.033447509822191 622.1354009129624 2.550006052767489 2.556122467050411 637.8227528860854 
52.000667790925206 4.407618926434276E-95 45.719667253633936 1.0777898526393763 648.8294912889043 0.0 0.0 259.0 253.44945217565154 2.50496904737363 648.7869832697702 1.0634147265425098 640.1756653785952 2.52585144644513 2.542993993897437 642.9065635890751 
53.00031328535018 6.154575129657423E-95 45.657480038041655 1.0758771335258033 647.6780343825328 0.0 0.0 259.0 250.46509543828438 2.500527358544696 647.6365858630758 1.0598546108327123 638.0324757212954 2.5473907835533485 2.525661301526771 646.696626559699 
54.000325702391116 6.154575129657423E-95 45.828253208393114 1.075121407656454 647.2230874091853 0.0 0.0 261.0 249.40500315730102 2.47963220396792 647.1840052356271 1.0651692013984857 641.2318592418856 2.571046495155742 2.54376696574118 627.0091336797947 
55.00008596576447 9.183995920402377E-95 45.74736143659274 1.0788411361271963 649.462363948572 0.0 0.0 261.0 251.57174387185214 2.4882149154636806 649.4240929360207 1.0624818617249379 639.6140807584054 2.5424718647425593 2.550006052767489 622.1354009129624 
56.000215665523605 8.591549140788053E-95 45.86849789112648 1.0795942394178404 649.9157321295396 0.0 0.0 261.0 257.2584474456141 2.489954918964174 649.8782338496493 1.0687780179809647 643.4043668245491 2.5010038473491467 2.52585144644513 640.1756653785952 
57.00118903427737 1.1990139667408615E-94 46.0548978547462 1.0783532498882316 649.1686564327157 0.0 0.0 261.0 252.18311708452032 2.4870991597599934 649.1328806973585 1.0853707184263726 653.3931724926731 2.590947324493913 2.5473907835533485 638.0324757212954 
58.00000069451981 1.0109816069906798E-94 46.077675073643746 1.0780825200947795 649.0056770970575 0.0 0.0 260.0 254.3418250589643 2.4960447953998126 648.9716468039512 1.0906060195231762 656.5448237529564 2.581348245027136 2.571046495155742 641.2318592418856 
59.00067344480649 8.318383549223447E-95 46.52628631043774 1.0812947675341817 650.9394500555773 0.0 0.0 259.0 252.0990828005594 2.5131532115880617 650.9066818013082 1.064343256671073 640.734640515988 2.5415984596139363 2.5424718647425593 639.6140807584054 
60.00037138324744 7.47199771838414E-95 46.47177911726148 1.0809750761321768 650.7469958315701 0.0 0.0 258.0 220.88453779766428 2.5221512548581586 650.7150237534047 0.9345513669740495 562.5999229183794 2.5470317140701577 2.5010038473491467 643.4043668245491 
61.000942828011006 6.15529320634911E-95 46.59172757066774 1.0820949263476265 651.421145661271 0.0 0.0 258.0 247.9506023697914 2.5247655839704874 651.3895206643854 1.063694374557766 640.3440134837798 2.5825467144007024 2.590947324493913 653.3931724926731 
62.000708743695455 9.811461904873056E-95 46.61632413923636 1.0795973491658226 649.9176041978252 0.0 0.0 259.0 240.23218969195366 2.509215533845879 649.8868232660825 1.0075688045806583 606.5564203575567 2.524875709351588 2.581348245027136 656.5448237529564 
63.00027189477521 1.0244150295819378E-94 46.61632413923636 1.082761974110301 651.8227084144003 0.0 0.0 257.0 252.9139484013712 2.5361603024412327 651.7931977273963 1.0763282329251431 647.9495962209361 2.561936976258219 2.5415984596139363 640.734640515988 
64.00007629655978 8.404785822469906E-95 46.46119508418774 1.0810939654933334 650.8185672269867 0.0 0.0 256.0 251.71367240759554 2.542147483366785 650.7897557418969 1.0648120566330144 641.0168580930753 2.54661120296671 2.5470317140701577 562.5999229183794 
65.00007013089238 8.404785822469906E-95 46.488305354313034 1.0798839606164674 650.0901442911136 0.0 0.0 256.0 254.9041387168832 2.539308220293509 650.0629043951382 1.1005898712517972 662.5551024935883 2.599232424505569 2.5825467144007024 640.3440134837798 
66.00090410287397 8.404785822469906E-95 46.84582517789799 1.0795923736653157 649.9146089465202 0.0 0.0 257.0 251.3301908232734 2.5287471565037793 649.8880192214714 1.0771446667272129 648.4410893697865 2.580036593477731 2.524875709351588 606.5564203575567 
67.00045950539275 8.404785822469906E-95 46.84582517789799 1.0838152359677735 652.4567720525998 0.0 0.0 257.0 252.86480297052876 2.5386402424394006 652.4305423069256 1.118972558540945 673.6214802416505 2.6639590497700096 2.561936976258219 647.9495962209361 
68.00134919760025 1.1723634417064377E-94 47.180400418460934 1.0857001142217813 653.5914687615119 0.0 0.0 258.0 254.21697097438047 2.5332001638575976 653.5656422752602 1.1043741205607696 664.8332205775911 2.6152196607070413 2.54661120296671 641.0168580930753 
69.00016874732732 1.1723634417064377E-94 47.08718028577746 1.0830464934449529 651.9939890538617 0.0 0.0 258.0 245.68977317357948 2.5270105541595647 651.9687229731677 1.079865444489376 650.0789975825992 2.6459342983043874 2.599232424505569 662.5551024935883 
70.00048490079872 2.602888388117744E-94 47.08718028577746 1.0836291310895363 652.3447369159007 0.0 0.0 257.0 252.71075879493387 2.5382111027188548 652.3202533987452 1.1108868808276546 668.7539022582513 2.6463214524274457 2.580036593477731 648.4410893697865 
71.00020418999443 2.3360999666606644E-94 47.08718028577746 1.081511580893835 651.069971698088 0.0 0.0 257.0 254.36708135159884 2.5332565077148854 651.0469224827254 1.1069593104818614 666.3895049100884 2.6197945951542825 2.6639590497700096 673.6214802416505 
72.00037833689919 2.1890467855596765E-94 47.533999200961055 1.0805802127404667 650.5092880697613 0.0 0.0 256.0 255.78473696985867 2.5409645991830967 650.486937390873 1.1237212061424218 676.4801660977422 2.6447245215317823 2.6152196607070413 664.8332205775911 
73.00104627420104 2.1890467855596765E-94 47.533999200961055 1.0794135950809185 649.8069842387129 0.0 0.0 258.0 215.98766805526097 2.5185487490857614 649.7855772641266 0.9348160992817035 562.7592917675873 2.6055158465047366 2.6459342983043874 650.0789975825992 
74.00037314041336 2.8614625005700973E-94 47.47804766885665 1.0796371281368435 649.9415511383793 0.0 0.0 259.0 225.16384304898688 2.5093455590724965 649.9204997997763 0.9753862695110944 587.1825342456779 2.6078011740007914 2.6463214524274457 668.7539022582513 
75.00002670338434 2.622745702077206E-94 47.520005139420235 1.075647023220291 647.5395079786148 0.0 0.0 259.0 215.4067536602211 2.500073218081713 647.5189634831635 0.9331649458594437 561.7652974073875 2.6079279681894576 2.6197945951542825 666.3895049100884 
76.00058192885344 2.100924114475583E-94 47.47804766885665 1.0736679064472279 646.3480796812311 0.0 0.0 259.0 253.29842697764298 2.4954770820106997 646.3285642407714 1.0935565352154408 658.3210341996911 2.5989937721081735 2.6447245215317823 676.4801660977422 
77.00012269567564 2.100924114475583E-94 47.39029447741549 1.0741562824775674 646.6420820514953 0.0 0.0 258.0 234.64990879220431 2.5062916038399887 646.6232337907173 0.9901446695483881 596.0670910681289 2.5402400287995843 2.6055158465047366 562.7592917675873 
78.00070141670274 1.9679531040883247E-94 47.4377084748826 1.0727524829076864 645.7969947104274 0.0 0.0 259.0 207.65246130207981 2.4933538516883305 645.7786475872773 0.8646627742581642 520.5269901034097 2.506721985568857 2.6078011740007914 587.1825342456779 
79.00005412546152 1.764380301554568E-94 47.45352368009225 1.0711007625068554 644.8026590291271 0.0 0.0 259.0 233.3437567840697 2.4895167409759207 644.7848359127631 0.9789503721132731 589.3281240121931 2.5255791375534518 2.6079279681894576 561.7652974073875 
80.00044341099853 2.1530444377729757E-94 47.23888791476459 1.0709052647635908 644.6849693876812 0.0 0.0 258.0 254.54734085995602 2.4987112873083097 644.6675121255435 1.0672478080461363 642.4831804437731 2.5240223617077473 2.5989937721081735 658.3210341996911 
81.00021639392561 2.9325808104971355E-94 47.35002984196237 1.0714142338489379 644.9913687770603 0.0 0.0 258.0 254.48638654048662 2.4999020004378294 644.9747161129593 1.0678808598373366 642.8642776220845 2.5261244279556396 2.5402400287995843 596.0670910681289 
82.0000239141925 4.364409318731042E-94 47.35002984196237 1.068537984759535 643.2598668252396 0.0 0.0 258.0 236.40441786510226 2.4931920714629903 643.2435544374512 1.00187629910922 603.1295320637449 2.5512616790770144 2.506721985568857 520.5269901034097 
83.00010736787986 4.087360980026289E-94 47.27643149803919 1.06743181948549 642.5939553302649 0.0 0.0 259.0 224.55847261670436 2.4809966057812125 642.578120897334 0.951481117827237 572.7916329319911 2.5507460317904855 2.5255791375534518 589.3281240121931 
84.00054394909978 3.8253908145700956E-94 47.27643149803919 1.0675967602370164 642.6932496626843 0.0 0.0 258.0 255.61910028677954 2.490998373964879 642.6775804829388 1.0814671575071362 651.043228819305 2.5469271587643427 2.5240223617077473 642.4831804437731 
85.00000716101442 3.8253908145700956E-94 47.27643149803919 1.067745968094905 642.7830727931321 0.0 0.0 258.0 216.55610925951896 2.4913482363733572 642.767844984326 0.9214696154202229 554.7247084829725 2.561574967244148 2.5261244279556396 642.8642776220845 
86.00007490631315 3.8253908145700956E-94 47.350029841833404 1.0670342808583337 642.3546370767166 0.0 0.0 258.0 237.49434427740476 2.489689493693469 642.3398893729149 1.0054118484411794 605.2579327615886 2.5485151429737556 2.5512616790770144 603.1295320637449 
87.00048805435868 3.8253908145700956E-94 47.162318064542994 1.064357216341712 640.7430442377103 0.0 0.0 258.0 250.24707113221567 2.483444733501024 640.7287412432642 1.036770548722911 624.1358703311837 2.4940786220088365 2.5507460317904855 572.7916329319911 
88.0016464991403 3.8253908145700956E-94 46.87888917298301 1.0646191969957832 640.9007565914613 0.0 0.0 258.0 237.67253128947672 2.484056882671545 640.8866757292586 0.9849112807542977 592.9165910140822 2.494678656373339 2.5469271587643427 651.043228819305 
89.00046762674337 3.50454478397692E-94 47.00328297827049 1.0670259404833158 642.3496161709568 0.0 0.0 258.0 255.39520636201144 2.489673810183034 642.3358430272232 1.048749791282113 631.3473743518316 2.4720408160555865 2.561574967244148 554.7247084829725 
90.00003995901982 3.0719953528979246E-94 47.00328297827049 1.066554867041154 642.0660299587746 0.0 0.0 258.0 243.3437998727893 2.4885756579054044 642.0525197395945 0.9939456764881008 598.3552972458428 2.4588886076351226 2.5485151429737556 605.2579327615886 
91.0001236352016 2.8130881284876673E-94 46.98030921182625 1.0678406902963735 642.8400955584171 0.0 0.0 258.0 225.85072471484312 2.4915785914564017 642.827276595752 0.9217044134045032 554.8660568695184 2.456782273203182 2.4940786220088365 624.1358703311837 
92.00001428262232 2.575543644383338E-94 46.98761782827859 1.0651704252514542 641.2325960013751 0.0 0.0 257.0 249.3924080613532 2.49501926186305 641.219950298804 0.9920639652535915 597.2225070826584 2.394710054428502 2.494678656373339 592.9165910140822 
93.00007248123624 2.3060425142801175E-94 46.61710108443894 1.0632219758247992 640.0596294465296 0.0 0.0 258.0 266.939588002785 2.4808039893025717 640.0474292400636 1.0540790213840003 634.555570873177 2.37715048420078 2.4720408160555865 631.3473743518316 
94.00050244841188 2.3576388614243173E-94 46.38588580165884 1.0633397621968956 640.1305368425309 0.0 0.0 258.0 259.3685749385251 2.481079267854073 640.1184511063509 0.998981050780997 601.386592570166 2.3186563472953696 2.4720408160555865 631.3473743518316 
95.00023830534609 2.3576388614243173E-94 46.38588580165884 1.063460620264183 640.2032933990376 0.0 0.0 260.0 260.5293912486986 2.462274548981149 640.1913827350988 1.0711031207956239 644.8040787189759 2.4749763380955847 2.4720408160555865 631.3473743518316 
96.00014344162031 2.3576388614243173E-94 46.38588580165884 1.0636163723154768 640.2970561339173 0.0 0.0 258.0 260.83093442382716 2.4817264470296125 640.2854233336402 1.0546310969503285 634.887920364089 2.434097480678624 2.4720408160555865 631.3473743518316 
97.00027282112218 3.747539625051599E-94 46.14299803937391 1.0624133991796552 639.5728663061528 0.0 0.0 259.0 253.4751293938887 2.4693498643908685 639.5616148772353 1.0411769482213087 626.7885228292213 2.472781153433088 2.4720408160555865 631.3473743518316 
98.00045856116047 3.747539625051599E-94 46.14299803937391 1.0628222131813978 639.8189723352023 0.0 0.0 259.0 253.25089686876683 2.4703005717404034 639.8078480807648 1.0680769199302513 642.9823057980146 2.5389142299117085 2.4720408160555865 631.3473743518316 
99.00020738012505 3.4298678987654195E-94 46.14299803937391 1.0596286550783365 637.896450357159 0.0 0.0 258.0 254.22557675038712 2.4724253476902347 637.8857397040806 1.0854428478842768 653.4365944263396 2.570302338493346 2.4720408160555865 631.3473743518316 
100.00016570676209 3.4298678987654195E-94 45.99174364101379 1.0602037559368704 638.242661073996 0.0 0.0 259.0 237.99294724835423 2.464217055516085 638.2322173786665 0.9853870698774542 593.2030160662255 2.4925235093088567 2.4720408160555865 631.3473743518316 
101.00039177792794 4.089177988975679E-94 46.09841469335751 1.0606095123417374 638.4869264297267 0.0 0.0 257.0 255.22578047890886 2.484344699333517 638.4765877287142 1.0873662645013131 654.5944912297883 2.564766341399756 2.4720408160555865 631.3473743518316 
102.00003809165474 3.1385665767404507E-94 46.09841469335751 1.0588688286386447 637.4390348404645 0.0 0.0 257.0 249.04841710097762 2.4802675547189317 637.4287615627654 1.031699046089706 621.0828257459957 2.493823622633889 2.4720408160555865 631.3473743518316 
103.00029462264708 3.4285343204386197E-94 45.99174364101379 1.0569257707737216 636.2693140057793 0.0 0.0 257.0 239.43855179511 2.4757171519810877 636.2593080591392 1.0003435649164858 602.2068260797251 2.515078802326869 2.4720408160555865 631.3473743518316 
104.00048687974976 4.661220400629397E-94 46.20071285114749 1.057313618874216 636.5027985622781 0.0 0.0 257.0 252.83497963038894 2.476627435473422 636.4932509166691 1.0636035822653582 640.2893565237439 2.532439765493531 2.4925235093088567 593.2030160662255 
105.00037830065628 6.485230121823344E-94 46.330256123092624 1.0560311687024786 635.7307635588912 0.0 0.0 258.0 251.87292007035322 2.4640362245986234 635.7213459464446 1.0877304413525264 654.813725694217 2.5997781957318566 2.564766341399756 654.5944912297883 
106.00019671262307 7.393939185957278E-94 46.330256123092624 1.0584325735996643 637.176409306997 0.0 0.0 257.0 223.446571712131 2.479251592043357 637.1676591551427 0.9472357095640532 570.2358971575588 2.5520011015975705 2.493823622633889 621.0828257459957 
107.00043278467875 6.762058140911295E-94 46.330256123092624 1.0570202068845762 636.3261645445139 0.0 0.0 259.0 253.14577518887444 2.4568247365288305 636.3176067609669 1.0709775062975015 644.7284587910924 2.546866359156318 2.515078802326869 602.2068260797251 
108.00049507148836 6.914891692989273E-94 46.330256123092624 1.0563342922289316 635.9132439218174 0.0 0.0 260.0 231.97747158707313 2.445787311227993 635.9047009192778 0.9647559139671661 580.7830602082321 2.5036183739516025 2.532439765493531 640.2893565237439 
109.00074639974324 6.466234653773579E-94 46.330256123092624 1.056484780619325 636.0038379328334 0.0 0.0 258.0 245.3408229849042 2.465098600315974 635.995438881521 1.0313551482180383 620.8757992272596 2.5306664894715136 2.5997781957318566 654.813725694217 
110.00040985266507 5.666626511464625E-94 46.12070097936261 1.0524348646972197 633.5657885477257 0.0 0.0 258.0 238.7658333082445 2.4556496365267004 633.5576062238885 0.993153791794123 597.8785826600688 2.5040374260257456 2.5520011015975705 570.2358971575588 
111.00022019472256 4.427194958784085E-94 46.02446051253366 1.0490940924511207 631.5546436555736 0.0 0.0 258.0 245.74225795213735 2.4478552314202884 631.546649706434 1.0083985300974199 607.0559151186535 2.470295179093245 2.5520011015975705 570.2358971575588 
112.00014708183167 4.045791894450767E-94 46.42533056617115 1.0479282139510013 630.8527847985023 0.0 0.0 261.0 254.1175737793247 2.4170305884225107 630.8449835782749 1.052492548463818 633.6005141752148 2.4933360757073517 2.546866359156318 644.7284587910924 
113.00023215143534 4.045791894450767E-94 46.401350340822106 1.044224100354889 628.6229084136423 0.0 0.0 261.0 251.74947401786076 2.4084873221878857 628.615191091038 1.0201532735262029 614.1322706627717 2.4394580090332227 2.5036183739516025 580.7830602082321 
114.00014366132011 4.045791894450767E-94 46.401350340822106 1.041721551895482 627.1163742410798 0.0 0.0 262.0 248.25169038051735 2.393545852956921 627.1090134747132 0.9972754348187615 600.3598117608998 2.41835135479108 2.5306664894715136 620.8757992272596 
115.00072014249852 5.755367271928698E-94 46.5162067069994 1.038098751413079 624.9354483506731 0.0 0.0 262.0 250.4089056208389 2.3852233607096287 624.928520505923 1.0244526211227785 616.7204779159177 2.4628536129211636 2.5040374260257456 597.8785826600688 
116.00023587581798 6.147729692504149E-94 46.5162067069994 1.0388322041791431 625.3769869158442 0.0 0.0 263.0 245.2122017695813 2.3778331477633015 625.3701178617483 0.9984148148437957 601.0457185359649 2.4511248388069604 2.470295179093245 607.0559151186535 
117.00027305736559 5.02654494304382E-94 46.5162067069994 1.037984678331823 624.8667763557577 0.0 0.0 263.0 257.66660675670533 2.3758939990220016 624.8601217427865 1.0479965234584125 630.893907121969 2.448489212720038 2.4933360757073517 633.6005141752148 
118.00017378869335 6.989239464190822E-94 46.72418423406787 1.0375074341032196 624.5794753301376 0.0 0.0 262.0 251.3136991479377 2.3838668757134576 624.5731214369255 1.0037530222064563 604.2593193682848 2.4044026307240136 2.4394580090332227 614.1322706627717 
119.0000135660696 6.989239464190822E-94 46.72418423406787 1.0374919416531567 624.5701488752007 0.0 0.0 262.0 251.54452814014803 2.3838319360139617 624.5639672356582 0.9885090269752062 595.0824342390773 2.3657140890281148 2.41835135479108 600.3598117608998 
120.00094086261461 6.241576895042865E-94 46.690969958447035 1.0363806842421726 623.9011719137885 0.0 0.0 262.0 258.03339470562946 2.38127909574179 623.8951230843494 1.0119329020665793 609.1836070440831 2.3608711877741797 2.4628536129211636 616.7204779159177 
121.0001089302017 5.964943149205795E-94 46.690969958447035 1.0351135870333814 623.1383793940952 0.0 0.0 263.0 259.4211563156669 2.369325611200559 623.1326357457472 1.0323706677352567 621.4871419766254 2.395668691031475 2.4511248388069604 601.0457185359649 
122.00037744580422 7.763324332366006E-94 46.690969958447035 1.0329930398187919 621.8618099709125 0.0 0.0 263.0 260.2665165865092 2.3644718599307306 621.8560991617821 1.0312299300477126 620.8004178887294 2.385248882686695 2.448489212720038 630.893907121969 
123.00029419580031 6.805133831636825E-94 46.48830535443599 1.0313550516391032 620.8757410867407 0.0 0.0 261.0 259.54572295036564 2.378812630741711 620.8700966235866 1.0263013068787774 617.833386741015 2.3804414101601927 2.448489212720038 630.893907121969 
124.0003679938442 7.120732759519133E-94 46.405732897759826 1.0305694881455654 620.4028318636299 0.0 0.0 262.0 252.81814936101034 2.3679284024807212 620.3972414499491 1.0074882428150842 606.5079221746819 2.398988853085156 2.448489212720038 630.893907121969 
125.00027297241913 6.214450478559084E-94 46.33849334548325 1.0300540924985515 620.0925636841291 0.0 0.0 263.0 249.37082348264835 2.3577453090103755 620.0870162697294 0.990465095780429 596.2599876598239 2.3910575396616625 2.448489212720038 630.893907121969 
126.00008169095592 6.214450478559084E-94 46.33849334548325 1.031665001219398 621.062330734077 0.0 0.0 264.0 249.67385683372135 2.3524884415382314 621.0569485660932 0.9801894141750033 590.0740273333554 2.3633793093777333 2.448489212720038 630.893907121969 
127.00020061386807 6.214450478559084E-94 46.55731417609301 1.0316189448987787 621.0346048290653 0.0 0.0 263.0 260.1449706845282 2.3613168305837458 621.0263264435252 1.0398674915778847 626.0002299298817 2.406351459659844 0.0 0.0 
128.00041546274724 6.214450478559084E-94 46.76885312643291 1.0302136417116199 620.1886123103941 0.0 0.0 263.0 259.5098249731395 2.3581131877445496 620.1837683768164 1.0491126632248298 631.5658232613483 2.4336875234944126 0.0 0.0 
129.00001967485127 7.572025763276346E-94 46.76885312643291 1.028602303523417 619.2185867210967 0.0 0.0 264.0 247.83460718617505 2.3455065950012046 619.2137410803182 0.9910677774282448 596.6228020118 2.407342577316544 0.0 0.0 
130.00030864269743 7.572025763276346E-94 46.91640728955533 1.0265116902681697 617.960037541438 0.0 0.0 264.0 263.9823722507284 2.3407396523628945 617.9552682238044 1.073480830192773 646.2354597760564 2.448025049044816 0.0 0.0 
131.00087696635308 7.572025763276346E-94 47.05972077373152 1.024270222112382 616.6106737116535 0.0 0.0 265.0 253.71819079208268 2.3268157485566636 616.606173367516 1.0061374516180268 605.69474587405 2.387273628205892 0.0 0.0 
132.00006971396306 8.087337158160622E-94 47.01242339424132 1.0251748356739512 617.1552510757186 0.0 0.0 265.0 251.8335681889216 2.328871252922706 617.1508820245174 0.9872417938481972 594.3195598966096 2.3599695789989377 0.0 0.0 
133.00053028411602 7.217795145427312E-94 46.806283179024696 1.024520259623268 616.7611962932086 0.0 0.0 265.0 264.0636368550364 2.327385287397142 616.757101160243 1.0337080710562498 622.2922587758634 2.356599591626031 0.0 0.0 
134.00039895613634 6.439956252046421E-94 47.036980738153474 1.0241558370780781 616.5418139210034 0.0 0.0 266.0 260.04855028264274 2.317811298679139 616.537805448651 1.012306283018764 609.4083823773038 2.3434407987083463 0.0 0.0 
135.000162797241 5.241311466921989E-94 46.87394110709123 1.0222358831438865 615.3860016526202 0.0 0.0 266.0 253.52801503376634 2.313466830894434 615.3821770179193 0.972362534543348 585.3622457950906 2.3088661255724685 0.0 0.0 
136.00041740222034 4.907343997751109E-94 47.216848243191535 1.0230891466675214 615.8996662938475 0.0 0.0 266.0 251.53156008112072 2.3153982364953705 615.8959309077684 0.9601355066859523 578.001575024947 2.2979286370208865 0.0 0.0 
137.0004484651052 6.080036114555462E-94 47.1340291611723 1.021961135452538 615.2206035424281 0.0 0.0 269.0 256.01008079167417 2.2870519208695232 615.2169667139016 0.9883067980697517 594.9606924379882 2.3239736911849653 2.356599591626031 622.2922587758634 
138.00006982673995 5.692879545878595E-94 46.92083849296293 1.0221588426829624 615.3396232951428 0.0 0.0 270.0 256.56026762803225 2.2790185433693364 615.3350067097208 0.995332286476072 599.1900364585924 2.335474787262515 0.0 0.0 
139.00006735658155 6.798823106148606E-94 46.92813785762841 1.021871471296131 615.1666257202716 0.0 0.0 271.0 254.3668945520621 2.269975244662743 615.1632913036037 0.9878851437101572 594.7068565135187 2.337988430297867 2.3088661255724685 585.3622457950906 
140.00059438457447 4.958398760877494E-94 46.97013124743888 1.021429751599129 614.9007104626755 0.0 0.0 270.0 254.6615205648258 2.277393702779356 614.896299750426 0.9896804226852605 595.7876144565258 2.339527436791787 2.2979286370208865 578.001575024947 
141.0005809235116 4.958398760877494E-94 46.97013124743888 1.0234959435555078 616.1445580204147 0.0 0.0 271.0 261.9393673154149 2.2735841475279055 616.1413039800622 1.017084373675746 612.2847929527983 2.3375058099438486 2.2979286370208865 578.001575024947 
142.00074144810998 8.227642524173068E-94 46.94508718977744 1.0239558202484116 616.4214037895426 0.0 0.0 270.0 267.36554189522246 2.283026665255411 616.4171996189608 1.048794406872538 631.3742329372606 2.36146448963378 2.2979286370208865 578.001575024947 
143.00171780652383 6.428410471213821E-94 46.90937035636024 1.02323062103664 615.9848338640576 0.0 0.0 270.0 268.3999549286965 2.2814105109851224 615.9808379659833 1.0285320096318626 619.176269798381 2.306916444761968 2.2979286370208865 578.001575024947 
144.00000760783195 5.467562245069564E-94 47.082994944587064 1.0238668222475176 616.3678269930048 0.0 0.0 270.0 271.3254058070516 2.2828295736033377 616.363984872901 1.040843977893609 626.5880746919469 2.3093601309769505 2.2979286370208865 578.001575024947 
145.0000600359119 5.59567495073399E-94 47.082994944587064 1.0240292830152895 616.4656283752033 0.0 0.0 269.0 270.1415785839793 2.2916742786928697 616.4603809683819 1.0628032811671468 639.8075752626189 2.3684157715237495 2.2979286370208865 578.001575024947 
146.00013601344057 5.59567495073399E-94 47.057629277148926 1.0210901546260893 614.696273084906 0.0 0.0 269.0 272.12060272884435 2.2850979700128073 614.691353933445 1.0706711856685265 644.54405377245 2.3685970386252175 2.2979286370208865 578.001575024947 
147.0001434099586 5.219895081998098E-94 47.19167263828087 1.0212718385812067 614.8056468258859 0.0 0.0 267.0 264.95509116016376 2.30262539322755 614.8009799917561 1.0342735717389 622.6326901868174 2.3499555621312433 2.2979286370208865 578.001575024947 
148.00065897940613 4.3345189530950834E-94 46.98526850622068 1.0193037540671563 613.6208599484281 0.0 0.0 266.0 260.5322086819081 2.3068282471847144 613.6163137511342 1.061641363994699 639.1081011248042 2.4530867195200083 2.2979286370208865 578.001575024947 
149.00011620735833 3.948795658479518E-94 47.073056250438036 1.022789067460046 615.7190186109482 0.0 0.0 267.0 268.45126336660513 2.30604705256793 615.714563035637 1.0631831544421184 640.0362589741542 2.3841804689147668 2.2979286370208865 578.001575024947 
150.00001949845708 3.948795658479518E-94 47.073056250438036 1.026106619826294 617.716185135429 0.0 0.0 267.0 266.5392743824761 2.3135277877362737 617.711919325585 1.038435987760738 625.1384646319675 2.3453896844294397 2.3684157715237495 639.8075752626189 
151.0004924274582 4.041950216858159E-94 47.02940316825977 1.0267591214605354 618.1089911192418 0.0 0.0 267.0 258.113189488447 2.3149995730966624 618.1048860168088 0.9838367021306512 592.2696946826533 2.294612281753091 2.3499555621312433 622.6326901868174 
152.0002457144727 6.402356920104626E-94 46.99179469112242 1.0242644391039266 616.6071923405644 0.0 0.0 266.0 260.81634955838274 2.318057308990482 616.6032441914682 1.0033893192138916 604.0403701667544 2.315960526207512 2.4530867195200083 639.1081011248042 
153.00027091101893 5.969617517998427E-94 47.15838803490043 1.0251050811689661 617.113258863718 0.0 0.0 266.0 260.5679434579272 2.3199600861256346 617.1093829094186 1.0037185045457737 604.2385397365521 2.318928920103773 2.3841804689147668 640.0362589741542 
154.0010093919103 8.369126554697077E-94 47.376869129169165 1.0252566669006569 617.2045134741961 0.0 0.0 264.0 256.84685444789244 2.3378745863869463 617.1988908061538 0.9969209662748865 600.1464216974822 2.3365924530690965 2.3453896844294397 625.1384646319675 
155.00009398016815 9.541806786344513E-94 47.51921314580161 1.0236446802526202 616.2340975120774 0.0 0.0 265.0 253.1123653403825 2.3253911638730957 616.2286584263708 0.9753724461568918 587.1742125864489 2.31981638588389 2.294612281753091 592.2696946826533 
156.00024643324878 8.68728650662158E-94 47.36107947121837 1.024225395803666 616.5836882738072 0.0 0.0 266.0 263.2411234093154 2.3179634529423088 616.5782784826542 1.0148603647145247 610.9459395581472 2.320860554177864 2.294612281753091 592.2696946826533 
157.00004193276115 1.0277879548356863E-93 47.2680275459051 1.0233395145522581 616.0503877604599 0.0 0.0 266.0 261.71235365479544 2.3159616726880086 616.0458049350101 0.9970434983269797 600.2201859928477 2.2934346721154473 2.294612281753091 592.2696946826533 
158.0000773439181 1.5956764692348318E-93 47.28509963820585 1.0225499883170526 615.5750929668653 0.0 0.0 265.0 259.90503846320763 2.3229127759548183 615.5718856280267 1.0045282676245073 604.7260171099529 2.3267190997359535 2.3365924530690965 600.1464216974822 
159.00025594896826 1.5586065882829788E-93 47.28509963820585 1.0232617088631035 616.0035487355876 0.0 0.0 265.0 253.85947988437775 2.324530225627172 616.0005097911999 0.9940200843373015 598.4000907710573 2.357209945610868 2.3365924530690965 600.1464216974822 
160.00002161457655 1.360372931092663E-93 46.97717729555677 1.0222456376932842 615.3918738913574 0.0 0.0 267.0 263.0199512135532 2.304827922192745 615.3890552254627 1.0557262783683068 635.547219577718 2.4163460476870804 2.3365924530690965 600.1464216974822 
161.00006088733994 1.7673693700723977E-93 47.024961712091894 1.0246011588968615 616.8098976559097 0.0 0.0 268.0 263.82586624431485 2.3015207844169923 616.8075702237536 1.0632241426540947 640.0609338777627 2.4260734665229413 2.3365924530690965 600.1464216974822 
162.00020625437554 1.4984164883095603E-93 46.879149611957956 1.0218796832246642 615.1715693012475 0.0 0.0 266.0 257.1449311681052 2.312664731711424 615.1688186352384 1.009905818012344 607.9633024434316 2.3642826622391535 2.3267190997359535 604.7260171099529 
163.00049635364678 1.276873397671705E-93 46.879149611957956 1.0199133817813737 613.9878558323854 0.0 0.0 267.0 261.47638223771116 2.2995700058372948 613.9851915585572 1.0123368668633677 609.4267938517442 2.33071449373851 2.357209945610868 598.4000907710573 
164.00003573746847 1.276873397671705E-93 46.90311619041282 1.0197501520930046 613.8895915599887 0.0 0.0 267.0 258.5497267289788 2.2992021364928936 613.8869704436023 1.0004467907339796 602.268968021857 2.3294125104729937 2.4163460476870804 635.547219577718 
165.0001215402754 1.1342166193826289E-93 46.935177606209805 1.0203339076205493 614.2410123875708 0.0 0.0 267.0 260.6462913569767 2.300518485542595 614.2384356398725 1.001489931167247 602.8969385626871 2.3130846613005125 2.4260734665229413 640.0609338777627 
166.00009915955528 1.0314488163940004E-93 46.914322162213566 1.02203819176367 615.2669914417291 0.0 0.0 267.0 264.1511680894171 2.3043614632336413 615.2645106833821 1.0153553554481334 611.2439239797807 2.3139928867279136 2.4260734665229413 640.0609338777627 
167.00006981153732 8.941912788600771E-94 46.97065314061794 1.0223308397743842 615.443165544179 0.0 0.0 267.0 262.65239914426763 2.3050214066979855 615.4407155883619 0.9922661145272887 597.3442009454301 2.2742765833915937 2.4260734665229413 640.0609338777627 
168.00001361357926 1.1005731597032552E-93 46.97065314061794 1.0206599201983715 614.4372719594189 0.0 0.0 268.0 255.5243889655791 2.2926675556490914 614.4349049139563 1.0109421181407816 608.5871551207516 2.381718463683451 2.4260734665229413 640.0609338777627 
169.0003860156587 1.738678849324821E-93 46.97065314061794 1.0174185590312703 612.4859725368243 0.0 0.0 268.0 251.98806401762522 2.2853866516677717 612.4836226469622 0.9865578353140825 593.9078168590826 2.356888685082885 2.4260734665229413 640.0609338777627 
170.00074714998217 1.6287797232911277E-93 46.80420294589599 1.0157675842159408 611.4920856979962 0.0 0.0 270.0 263.51398893662804 2.2647784393600148 611.490178627204 1.0223153815731183 615.4338597070206 2.335488382193725 2.4260734665229413 640.0609338777627 
171.00038172761055 1.4802139735669693E-93 46.86014136705775 1.011679698602646 609.0311785587932 0.0 0.0 270.0 265.38850403523713 2.255664226757792 609.0293412246035 1.02627859490994 617.8197141357895 2.327982202476103 2.4260734665229413 640.0609338777627 
172.00096511939228 1.5527555059473468E-93 46.86014136705775 1.0110911328593803 608.6768619813466 0.0 0.0 269.0 261.92928801175583 2.262731503272266 608.6747743802397 0.9982640177677394 600.9549386961752 2.2943403666611095 2.4260734665229413 640.0609338777627 
173.00054160058767 1.5527555059473468E-93 46.86014136705775 1.0075081954032565 606.5199336327612 0.0 0.0 269.0 269.03239287861845 2.2547135298562986 606.5179395313444 1.0138331418987403 610.3275514230402 2.2686024715931015 2.4260734665229413 640.0609338777627 
174.0002213944965 1.2819555094926709E-93 46.86014136705775 1.0032263479564316 603.9422614697712 0.0 0.0 268.0 262.4748612761692 2.2535050934674317 603.9393650492718 1.0056970093595863 605.4295996344638 2.306619371816513 2.4260734665229413 640.0609338777627 
175.00129858490172 1.5119631051849769E-93 46.86014136705775 1.0034459255271526 604.0744471673462 0.0 0.0 270.0 272.4225589311703 2.23730586716528 604.0725841346255 1.041804929999777 627.1665678598679 2.302182940797963 2.4260734665229413 640.0609338777627 
176.00023787854104 2.609442648557785E-93 46.57594082684034 0.9993493323387267 601.6082980679128 0.0 0.0 270.0 269.29477686755286 2.228172319607802 601.6065262941063 1.0216243372508467 615.0178510250082 2.2838090592729623 2.4260734665229413 640.0609338777627 
177.00042495589167 2.609442648557785E-93 46.31275688758632 0.9983909740856071 601.0313663995356 0.0 0.0 269.0 264.9216507354227 2.234310787598511 601.0296018639996 0.986273584855061 593.7366980827461 2.2411784632721887 2.381718463683451 608.5871551207516 
178.00041590446523 2.609442648557785E-93 46.33437455118231 1.0002858095268428 602.1720573351596 0.0 0.0 268.0 264.0236607733022 2.2469041234994327 602.1703050978481 0.9828434993498175 591.6717866085897 2.2409801639581652 2.381718463683451 608.5871551207516 
179.0002030633775 2.609442648557785E-93 46.33437455118231 0.998870713123421 601.3201693003 0.0 0.0 267.0 259.89820040151767 2.2521261449137566 601.3176806919736 0.9821424238814102 591.249739176607 2.274928176736827 2.381718463683451 608.5871551207516 
180.00010566282774 2.609442648557785E-93 46.33437455118231 0.9982716315131317 600.9595221709061 0.0 0.0 269.0 259.9105209386067 2.2340443719263487 600.9579360481883 0.9937700661246001 598.249579807014 2.301752070853362 2.381718463683451 608.5871551207516 
181.00034704915873 2.609442648557785E-93 46.02778462112403 0.9964721352335248 599.876225410581 0.0 0.0 265.0 252.00452113273266 2.263675139094104 599.8739118599372 0.9549340263563032 574.8702838664935 2.2811903583416466 2.381718463683451 608.5871551207516 
182.00100595225342 2.2585808056671485E-93 46.08996409201609 0.993816450619373 598.2775032728631 0.0 0.0 265.0 264.277835564252 2.2576451852750288 598.2759740978826 1.0059836964395983 605.6021852566375 2.291536041846392 2.2409801639581652 591.6717866085897 
183.00004266004692 2.0019020728010763E-93 46.08996409201609 0.9958685672001772 599.5128774545065 0.0 0.0 265.0 270.21714614965924 2.2623071371785577 599.5113913523178 1.0325706514382005 621.6075321657889 2.300400033910183 2.274928176736827 591.249739176607 
184.00015356080272 2.0019020728010763E-93 45.58068793137786 0.9952265944275853 599.1264098454058 0.0 0.0 265.0 261.80404259443026 2.2608489328592736 599.1249672077075 0.9880958351584896 594.8336927654016 2.2720569433180184 2.274928176736827 591.249739176607 
185.00086494205908 2.0019020728010763E-93 45.18133759625411 0.9922022109889721 597.3057310153616 0.0 0.0 263.0 251.40912859977928 2.2711191199833363 597.3043285556172 0.9454489839349906 569.160288328858 2.263880756831666 2.274928176736827 591.249739176607 
186.00019019816202 2.5593784387289176E-93 45.184349785824324 0.9906943391051943 596.3979921413263 0.0 0.0 263.0 266.1217602014612 2.267667913150279 596.3966611585233 1.0138467213595332 610.3357262584374 2.293445398062891 2.274928176736827 591.249739176607 
187.00007441121372 2.3980571199077823E-93 45.113365762883376 0.9863239156941215 593.7669972478606 0.0 0.0 264.0 248.23442747944182 2.249112444249848 593.7656852819597 0.9341702839557047 562.370510941328 2.2654815315168246 2.274928176736827 591.249739176607 
188.00037164769327 2.3980571199077823E-93 45.11637342084699 0.983457333795438 592.0413149448544 0.0 0.0 263.0 257.8527699279898 2.2511028517237364 592.0400500033428 0.9910080294601417 596.5868337350038 2.313672387159586 2.274928176736827 591.249739176607 
189.00035734691392 2.0732668316927622E-93 45.11637342084699 0.9807482216429554 590.4104294290588 0.0 0.0 264.0 250.22707354065915 2.236398413468396 590.4091811556563 0.939324150475252 565.4731385861069 2.2598399549048946 2.274928176736827 591.249739176607 
190.0007021156658 2.8706606917895783E-93 44.550483437413526 0.9807560746031574 590.4151569111012 0.0 0.0 264.0 255.29934668037674 2.2364165172205657 590.4139605462293 0.9669394910487003 582.0975736113226 2.280059002031378 2.274928176736827 591.249739176607 
191.0009737881679 2.8706606917895783E-93 44.62950679690852 0.976852319436407 588.0650963007164 0.0 0.0 264.0 260.13859079679935 2.2275128390314407 588.0633895043006 0.9759469865392111 587.5200858966034 2.258488769763229 2.274928176736827 591.249739176607 
192.00072500511502 2.668790951819903E-93 44.46320060288869 0.976541083066579 587.8777320060802 0.0 0.0 264.0 257.7508943170628 2.2268033566490057 587.8760861553371 0.9587160306430508 577.1470504471102 2.2391660443170145 2.274928176736827 591.249739176607 
193.0000578886846 3.546905533614054E-93 44.46320060288869 0.9754204670328692 587.2031211537877 0.0 0.0 263.0 263.8580429825895 2.23270549042036 587.2015439805544 0.9759017283533669 587.4928404687336 2.2265489193653227 2.2654815315168246 562.370510941328 
194.00026775441432 3.546905533614054E-93 44.46320060288869 0.9750831133622399 587.0000342440684 0.0 0.0 263.0 253.44854990875916 2.231933497224195 586.9985097699629 0.9391589514357687 565.3736887643247 2.230723706913525 2.313672387159586 596.5868337350038 
195.00019525864627 3.217942594127097E-93 44.40790303446913 0.9759058117452131 587.4952986706177 0.0 0.0 263.0 255.43948715869894 2.233816845034077 587.493830243962 0.9511693950515355 572.6039758210251 2.2416423638733614 2.2598399549048946 565.4731385861069 
196.00117255140273 2.8255351070140035E-93 43.98851429018104 0.971279180025963 584.7100663756291 0.0 0.0 263.0 264.3084694966395 2.2232285540171506 584.7091097065107 0.9857735769265252 593.4356933097675 2.2452390361910544 2.280059002031378 582.0975736113226 
197.00054516106937 3.4618698983345298E-93 44.06213439868026 0.971871207626116 585.0664669909208 0.0 0.0 263.0 257.2570197568991 2.2245838310487773 585.0655475658281 0.9559692350641178 575.4934795085987 2.237037030330307 2.258488769763229 587.5200858966034 
198.00091050116933 5.454173515975175E-93 43.89794244596287 0.9707328444670082 584.381172369139 0.0 0.0 264.0 253.01843110083172 2.21356170211332 584.3802893579165 0.927418569130667 558.3059786166632 2.2065822485246924 2.2391660443170145 577.1470504471102 
199.0007419492903 5.454173515975175E-93 43.89794244596287 0.9668872656012494 582.0661338919518 0.0 0.0 263.0 257.071650281329 2.2131760630200734 582.0653045742794 0.9453630644125594 569.108564776363 2.213813013428564 2.2265489193653227 587.4928404687336 
200.00001761041702 5.454173515975175E-93 43.91452924593191 0.9664865935663226 581.8249293269259 0.0 0.0 265.0 259.8082647890168 2.1955627416540917 581.8241265383347 0.9592322319758645 577.4578036494734 2.222630616152304 2.230723706913525 565.3736887643247 
201.00072991490194 6.95120086968752E-93 43.86941805474059 0.9645602639740175 580.6652789123584 0.0 0.0 265.0 243.45575653328254 2.191186833204643 580.6645107992301 0.8877156024004839 534.4047926450892 2.1950797149133394 2.2416423638733614 572.6039758210251 
202.0001572768051 6.149597631091883E-93 43.799283108773054 0.9612451108658382 578.6695567412341 0.0 0.0 266.0 256.1748356088804 2.175447135401809 578.6689380168813 0.9469215658659876 570.0467826513218 2.2252255234064093 2.2452390361910544 593.4356933097675 
203.00028333535965 6.149597631091883E-93 43.799283108773054 0.9604854632139669 578.2122488548088 0.0 0.0 267.0 257.32976419435323 2.1655866711114062 578.2116411867457 0.9410565905937619 566.5160675374444 2.2015178434997216 2.237037030330307 575.4934795085987 
204.00007838858969 4.973619103877294E-93 43.04185461510839 0.9598559855051273 577.8333032740868 0.0 0.0 267.0 251.51546510413627 2.164167531711814 577.8327309670542 0.9214819617752894 554.7321409887195 2.205558774523232 2.2065822485246924 558.3059786166632 
205.00044792668604 4.185706650631794E-93 42.964210272125314 0.9607856940857827 578.3929878396417 0.0 0.0 267.0 254.39894059403383 2.166263835824923 578.3924441652546 0.9366910117954979 563.8879891008822 2.216550068110254 2.213813013428564 569.108564776363 
206.00001357489245 5.7878383285813765E-93 42.4913609372201 0.9549695489951039 574.8916684950527 0.0 0.0 269.0 262.2883516359343 2.137141815255491 574.8911483037269 0.9457600539630425 569.3475524857424 2.1706932425120327 2.222630616152304 577.4578036494734 
207.0008332705882 4.868287387571382E-93 42.374434803711324 0.952800166288455 573.58570010565 0.0 0.0 266.0 258.5030287445735 2.1563348589161704 573.5850724717013 0.9326606538674284 561.4617136281956 2.1719734440054674 2.1950797149133394 534.4047926450892 
208.00025996868277 7.551637534248867E-93 42.294704720951295 0.948896854930623 571.235906668235 0.0 0.0 266.0 263.710240446787 2.147501677496476 571.2354462140623 0.9519612830945404 573.0806924229114 2.173145386587864 2.2252255234064093 570.0467826513218 
209.0003624427994 1.5370122732774858E-92 42.374434803711324 0.948383872450117 570.9270912149707 0.0 0.0 267.0 261.7216031493019 2.1383020605032237 570.9266501543607 0.9557535432690105 575.3636330479411 2.1983803634265477 2.2015178434997216 566.5160675374444 
210.00015729973632 1.3043312402758512E-92 42.374434803711324 0.9469832822172175 570.0839358947652 0.0 0.0 267.0 267.4094132620376 2.135144215160277 570.0835054477943 0.9733543269975052 585.9593048525047 2.191244121531041 2.205558774523232 554.7321409887195 
211.000181654096 1.9694226913775972E-92 42.227791092458176 0.9452194980086135 569.0221378011854 0.0 0.0 267.0 265.8873993996025 2.131167537899979 569.021732619295 0.9553376848743391 575.1132862943535 2.1629956424900567 2.216550068110254 563.8879891008822 
212.00030071400315 1.9694226913775972E-92 41.70392410630483 0.9453133131996554 569.0786145461931 0.0 0.0 266.0 261.9297254188151 2.1393918195547648 569.0782240015676 0.9484323636469585 570.9562829154635 2.1798071295746495 2.1706932425120327 569.3475524857424 
213.000167331167 1.8464151553362918E-92 41.00368309740526 0.9442493928143745 568.4381344742527 0.0 0.0 266.0 261.94938659991584 2.136984018590578 568.437748945094 0.9477635012260966 570.5536277381125 2.178106370638456 2.1719734440054674 561.4617136281956 
214.00041026280732 2.249960526165694E-92 40.658887625583965 0.9402233552910383 566.0144598852053 0.0 0.0 265.0 263.97829433850535 2.135902300001953 566.0141095005176 0.9487792769613541 571.1651247307366 2.1636821548605 2.173145386587864 573.0806924229114 
215.00023736773838 1.9856383510551304E-92 40.658887625583965 0.9386608583510444 565.0738367273285 0.0 0.0 264.0 256.0762024547064 2.140429876279296 565.0734873377342 0.9146623392522687 550.6267282298585 2.150245602487216 2.1983803634265477 575.3636330479411 
216.00034523256292 1.5621493665745318E-92 40.831828775073404 0.9383465127645598 564.8846006842658 0.0 0.0 264.0 254.29240426640143 2.139713111355151 564.8842613977598 0.9074405076013172 546.2791855759978 2.148232414381145 2.191244121531041 585.9593048525047 
217.00023706495867 1.5621493665745318E-92 40.36158882277845 0.9351569286478475 562.9644710460032 0.0 0.0 264.0 254.80734526950752 2.132439984782008 562.9641559824502 0.9125191456322808 549.3365256706352 2.1558896784926147 2.1629956424900567 575.1132862943535 
218.00008368941684 1.5621493665745318E-92 40.55601547010671 0.9357533188609503 563.3234979542914 0.0 0.0 264.0 255.41145952010712 2.133800314499871 563.3232830279659 0.913008310189907 549.6310027343268 2.1519433927006606 2.1798071295746495 570.9562829154635 
219.00050908046526 1.3100829422694173E-92 40.47948196769863 0.9334750562886509 561.9519838857684 0.0 0.0 264.0 258.0563726596726 2.128605221004089 561.9517783450799 0.9403315340916258 566.0795835231606 2.1936276081416994 2.178106370638456 570.5536277381125 
220.00012068600884 1.3100829422694173E-92 40.47948196769863 0.9304760116122752 560.1465589905895 0.0 0.0 264.0 255.69796000449517 2.121766503014922 560.1463567959395 0.9317545005060849 560.9162093046655 2.19366712700721 2.1636821548605 571.1651247307366 
221.00001294683517 1.0439801229444166E-92 41.3268286970856 0.9271669484582895 558.1545029718907 0.0 0.0 262.0 257.34742236647077 2.130359334370575 558.1541456050907 0.9270327015418335 558.0736863281802 2.1685613992024595 2.150245602487216 550.6267282298585 
222.00042691915522 1.0179157114368806E-92 42.11533365954034 0.9277322324226132 558.494803918413 0.0 0.0 263.0 264.51386455554945 2.1235533714587227 558.4945366936438 0.9632523553670168 579.877917930939 2.1922401644438616 2.148232414381145 546.2791855759978 
223.00000243589452 1.0179157114368806E-92 42.07814820756166 0.9265016679784875 557.7540041230493 0.0 0.0 263.0 257.51309760988215 2.120736922922239 557.753810728549 0.9254869297941211 557.1431317360655 2.163552599487992 2.1558896784926147 549.3365256706352 
224.0007155413333 1.9381949784440623E-92 42.29681950940323 0.9288011002263619 559.1382623362698 0.0 0.0 263.0 254.33300780259185 2.1260003047123135 559.1380801393383 0.9110508077401684 548.4525862595848 2.1564349472298248 2.1519433927006606 549.6310027343268 
225.00010654768462 1.9381949784440623E-92 42.29681950940323 0.9272401871061355 558.1985926378937 0.0 0.0 264.0 261.6024174670897 2.1143879323748 558.1984141469471 0.9274408372508007 558.319384024983 2.134228687298813 2.1936276081416994 566.0795835231606 
226.00021497077046 1.9381949784440623E-92 42.29681950940323 0.928901419398806 559.1986544780815 0.0 0.0 263.0 257.7807511634536 2.1262299806444758 559.198484909497 0.9163375435755005 551.6352012324585 2.1399394591828065 2.19366712700721 560.9162093046655 
227.0000728506545 1.9381949784440623E-92 42.29681950940323 0.9276502790005738 558.4454679583457 0.0 0.0 262.0 248.25513867362284 2.131470381729406 558.4452400131047 0.8918269829000984 536.8798437058507 2.1626132154778004 2.1685613992024595 558.0736863281802 
228.00090695042405 1.5826338451998216E-92 42.7948363755311 0.9252761546267796 557.0162450853217 0.0 0.0 264.0 245.09444287085128 2.1099095186832093 557.0161129323672 0.8920575265931863 537.0186310090987 2.1910681642507592 2.1922401644438616 579.877917930939 
229.00086161497163 1.3246837917298246E-92 42.7948363755311 0.9261585604019811 557.5474533619927 0.0 0.0 264.0 257.6839369868798 2.111921669502392 557.5473207486314 0.9208663777005651 554.3615593757435 2.1513236946700687 2.163552599487992 557.1431317360655 
230.00013871218957 1.3588296572718934E-92 42.7948363755311 0.9223943194264828 555.2813802947435 0.0 0.0 264.0 255.5231429930619 2.103338091305203 555.2812561045738 0.9099692376160332 547.8014810448539 2.1438429201684017 2.1564349472298248 548.4525862595848 
231.0001812032122 1.1368263196075073E-92 42.979489151971414 0.925599038938007 557.2106214406795 0.0 0.0 262.0 256.30847219610024 2.126757637298207 557.21050097213 0.9218774589022498 554.9702302591569 2.1652434096464517 2.1399394591828065 551.6352012324585 
232.00017311578378 2.0010312485527958E-92 43.15295007986786 0.9265426335820922 557.7786654164189 0.0 0.0 261.0 242.73836286957865 2.1370825519934913 557.7785460703011 0.8759779242836818 527.3387104187784 2.172457225898459 2.1626132154778004 536.8798437058507 
233.00081053761562 2.0010312485527958E-92 43.01508134733661 0.928823140189461 559.1515303940553 0.0 0.0 261.0 252.35885216586615 2.1423425858073646 559.1514148957219 0.8990985607283977 541.2573335584977 2.144792341989055 2.1910681642507592 537.0186310090987 
234.0004913281674 2.3361566376452146E-92 43.534371834990395 0.9247193604553242 556.6810549941049 0.0 0.0 264.0 256.63000335325995 2.1086400824902207 556.6809817774183 0.9085937200378791 546.9734194627974 2.1313697241778464 2.1910681642507592 537.0186310090987 
235.00001208502871 2.1090559913561794E-92 43.534371834990395 0.9249655611406851 556.8292678066919 0.0 0.0 263.0 254.9142488977231 2.117221165521776 556.8291665322272 0.9100340870468596 547.8405204022118 2.149116900177741 2.1910681642507592 537.0186310090987 
236.0001462895435 3.0997055295789126E-92 43.93966530676839 0.9268309000038851 557.9522018023395 0.0 0.0 263.0 257.7017843646706 2.121490887498003 557.9521034119746 0.9300056086238113 559.8633763915302 2.1725242522933974 2.1652434096464517 554.9702302591569 
237.00005002836411 4.216647790344303E-92 44.066540832730745 0.9238341016971178 556.1481292216642 0.0 0.0 264.0 257.611173089165 2.106621352600656 556.1480370865729 0.9188559886688625 553.15130517866 2.147233361602689 2.1564349472298248 548.4525862595848 
238.00048170732975 4.4387543403264255E-92 44.133425794551435 0.9215353110557308 554.7642572555503 0.0 0.0 264.0 250.07482354970398 2.1013794183387255 554.7641664414233 0.8896984736300849 535.5984811253176 2.1417529102799264 2.1313697241778464 546.9734194627974 
239.00048847637643 5.378935271905095E-92 44.39704909617617 0.9209753965273352 554.427188709456 0.0 0.0 263.0 261.4870742260797 2.108087831640272 554.4270997213918 0.9279577549276418 558.6305684664452 2.1363601628104094 2.1313697241778464 546.9734194627974 
240.00000431976275 6.768574136176973E-92 44.775534902020965 0.9216728605747663 554.84706206601 0.0 0.0 263.0 253.57218028756438 2.10968431022046 554.8469735879811 0.8833043472766868 531.7492170605663 2.0970329491884097 2.1313697241778464 546.9734194627974 
241.0000482432577 1.0587849990373408E-91 44.775534902020965 0.9186563802243349 553.0311408950497 0.0 0.0 264.0 259.4504019315808 2.0948146007792996 553.0310546057353 0.9090140072568331 547.2264323686089 2.1091755044300027 2.1313697241778464 546.9734194627974 
242.00018841478197 9.317825990742896E-92 44.74594308128505 0.9181988022684228 552.75567896559 0.0 0.0 263.0 257.8647986666403 2.101732309564737 552.7555974155257 0.9069122422118847 545.9611698115556 2.117238074504917 2.1313697241778464 546.9734194627974 
243.00009376913724 8.625411500972547E-92 44.74594308128505 0.9179464414420465 552.6037577481118 0.0 0.0 263.0 249.0475693034749 2.101154779739663 552.6037070715312 0.8738365809887001 526.0496217552032 2.1122455570493432 2.1313697241778464 546.9734194627974 
244.0001803390123 8.625411500972547E-92 45.18133759643692 0.9196465233352824 553.6272070478402 0.0 0.0 265.0 254.7222020280824 2.089159099352933 553.6271613285273 0.9024258454417332 543.260358955918 2.132756212966568 2.1313697241778464 546.9734194627974 
245.00011075812955 1.1136453015883777E-91 45.53816580280186 0.9187376132066535 553.0800431504056 0.0 0.0 266.0 262.73333148449774 2.0792481241586214 553.0800010261931 0.9308339361652929 560.3620295715083 2.1328166715861547 2.1313697241778464 546.9734194627974 
246.00046396993716 9.67017112074269E-92 45.72449347335423 0.9192609783971565 553.3951089950884 0.0 0.0 267.0 258.6496051733584 2.0726407073555766 553.3950688639388 0.921140376740644 554.5265067978681 2.143929454004772 2.1313697241778464 546.9734194627974 
247.00005246780842 9.67017112074269E-92 46.29346392527432 0.919524071619408 553.5534911148832 0.0 0.0 266.0 263.53126062134476 2.081028012976703 553.553451451803 0.940568762608332 566.2223950902171 2.1485966930647917 2.1313697241778464 546.9734194627974 
248.0001540950846 7.663708503157604E-92 46.271608283686675 0.9158132755269032 551.3195918671955 0.0 0.0 266.0 259.0066335314693 2.0726298989926217 551.3195531320373 0.9274684665657517 558.3360168725837 2.155682305352021 2.1417529102799264 535.5984811253176 
249.00042450794845 7.86466025621895E-92 46.214831892864645 0.9136054308225455 549.9904693551719 0.0 0.0 265.0 263.46687306493004 2.0754355948967484 549.9904326476382 0.9255531816979956 557.183015382189 2.1148124198706153 2.1417529102799264 535.5984811253176 
250.0009617754042 7.86466025621895E-92 46.214831892864645 0.911539114884282 548.746547160337 0.0 0.0 265.0 258.3759272215383 2.070741554413761 548.7465119196465 0.9046845858448669 544.6201206786071 2.107859375814201 2.1417529102799264 535.5984811253176 
251.00040004385679 7.86466025621895E-92 46.278806649308386 0.9108939059035042 548.3581313539099 0.0 0.0 265.0 260.92019388463456 2.069275840800539 548.3580978121431 0.9141242494332241 550.3027981588071 2.109084735703219 2.1417529102799264 535.5984811253176 
252.00030472717103 0.0 0.0 0.0 0.0 0.0 0.0 265.0 252.74435559082247 0.0 0.0 0.8556663841821635 515.1111632776692 2.038071877306738 2.1417529102799264 535.5984811253176 
253.00007181189343 0.0 0.0 0.0 0.0 0.0 0.0 264.0 253.9037551277912 0.0 0.0 0.6017036759078682 362.2256128965335 1.4266256626028366 2.143929454004772 554.5265067978681 
254.0002182751958 0.0 0.0 0.0 0.0 0.0 0.0 264.0 257.5947124064294 0.0 0.0 0.26499316634629105 159.52588614046738 0.6192902200910461 2.155682305352021 558.3360168725837 
255.00081701286126 0.0 0.0 0.0 0.0 0.0 0.0 264.0 249.6382193754373 0.0 0.0 0.06063571971512149 36.502703268503424 0.14622241482024864 2.1417529102799264 535.5984811253176 
256.00004613324495 0.0 0.0 0.0 0.0 0.0 0.0 264.0 255.72986923761482 0.0 0.0 0.011837257554116092 7.126029047577826 0.027865454547104863 2.1417529102799264 535.5984811253176 
257.0004331870072 0.0 0.0 0.0 0.0 0.0 0.0 265.0 259.33965164380584 0.0 0.0 0.002936089147993632 1.7675256670921737 0.006815485622382997 2.038071877306738 515.1111632776692 
258.00018466866453 0.0 0.0 0.0 0.0 0.0 0.0 265.0 256.3066440816991 0.0 0.0 0.0015248135078553269 0.9179377317289161 0.003581404356557837 1.4266256626028366 362.2256128965335 
259.00054192584264 0.0 0.0 0.0 0.0 0.0 0.0 265.0 263.42686125865464 0.0 0.0 0.0011798579564119337 0.7102744897599901 0.0026962872592654202 1.4266256626028366 362.2256128965335 
260.00035624766986 0.0 0.0 0.0 0.0 0.0 0.0 265.0 264.1462901860048 0.0 0.0 0.00107897764822287 0.6495445442301627 0.0024590333779542038 1.4266256626028366 362.2256128965335 
261.0001573183614 0.0 0.0 0.0 0.0 0.0 0.0 264.0 263.91535776638807 0.0 0.0 8.062985187586401E-4 0.4853917082926986 0.0018391946281593678 1.4266256626028366 362.2256128965335 
262.0003362505407 0.0 0.0 0.0 0.0 0.0 0.0 265.0 260.6014706802132 0.0 0.0 4.100886502712487E-4 0.2468733674632936 9.473214668317605E-4 1.4266256626028366 362.2256128965335 
263.0002682458606 0.0 0.0 0.0 0.0 0.0 0.0 265.0 257.8606425446742 0.0 0.0 6.758917352498875E-5 0.04068868246204312 1.5779330284959573E-4 1.4266256626028366 362.2256128965335 
264.00129403822314 0.0 0.0 0.0 0.0 0.0 0.0 264.0 256.87689329016825 0.0 0.0 6.379456710791567E-6 0.003840432939896509 1.4950480328171652E-5 1.4266256626028366 362.2256128965335 
265.0005642574049 0.0 0.0 0.0 0.0 0.0 0.0 264.0 260.3703827452105 0.0 0.0 2.425229329340047E-6 0.0014599880562627186 5.60735073194332E-6 1.4266256626028366 362.2256128965335 
266.0000409324372 0.0 0.0 0.0 0.0 0.0 0.0 265.0 257.21256576600314 0.0 0.0 1.6863555513130603E-6 0.0010151860418904485 3.946875763503736E-6 1.4266256626028366 362.2256128965335 
267.00090053484934 0.0 0.0 0.0 0.0 0.0 0.0 264.0 255.3075243332074 0.0 0.0 1.153626473304012E-6 6.944831369290066E-4 2.7201828020650952E-6 1.5779330284959573E-4 0.04068868246204312 
268.0002499061132 0.0 0.0 0.0 0.0 0.0 0.0 264.0 256.0769798704652 0.0 0.0 9.08066220653774E-7 5.466558648335722E-4 2.134732552336779E-6 1.4950480328171652E-5 0.003840432939896509 
269.0001095516189 0.0 0.0 0.0 0.0 0.0 0.0 263.0 253.1129507249577 0.0 0.0 9.819418355233726E-9 5.911289849850722E-6 2.335435556702967E-8 5.60735073194332E-6 0.0014599880562627186 
270.00031641068796 0.0 0.0 0.0 0.0 0.0 0.0 265.0 262.20224722297934 0.0 0.0 7.227958593769539E-9 4.351231073449307E-6 1.659494195619528E-8 3.946875763503736E-6 0.0010151860418904485 
271.00018001553156 0.0 0.0 0.0 0.0 0.0 0.0 266.0 252.77550785274383 0.0 0.0 1.4248234951609811E-9 8.577437440869166E-7 3.39330242622478E-9 2.7201828020650952E-6 6.944831369290066E-4 
272.0000476564704 0.0 0.0 0.0 0.0 0.0 0.0 266.0 252.53165644537324 0.0 0.0 -3.1047382378589464E-10 -1.8690524191910795E-7 -7.401259887571309E-10 2.134732552336779E-6 5.466558648335722E-4 
273.0002252671394 0.0 0.0 0.0 0.0 0.0 0.0 265.0 256.2423027251898 0.0 0.0 -5.2747419246140576E-11 -3.175394638617643E-8 -1.2392156192973078E-10 2.134732552336779E-6 5.466558648335722E-4 
274.00049057572005 0.0 0.0 0.0 0.0 0.0 0.0 267.0 254.82631679768028 0.0 0.0 -9.667275545162014E-13 -5.819699878187521E-10 -2.2837907604370705E-12 2.134732552336779E-6 5.466558648335722E-4 
275.00093515450436 0.0 0.0 0.0 0.0 0.0 0.0 265.0 260.5158156035796 0.0 0.0 1.7527880344694778E-15 1.0551783967506284E-12 4.050342948684033E-15 1.659494195619528E-8 4.351231073449307E-6 
276.0002878634612 0.0 0.0 0.0 0.0 0.0 0.0 265.0 262.3893253825124 0.0 0.0 8.158454956148171E-16 4.911389883601189E-13 1.8717948515784096E-15 3.39330242622478E-9 8.577437440869166E-7 
277.00033230903335 0.0 0.0 0.0 0.0 0.0 0.0 264.0 253.5592208096669 0.0 0.0 5.715682471918545E-16 3.440840848094947E-13 1.3570166516159943E-15 -7.401259887571309E-10 -1.8690524191910795E-7 
278.0002398876912 0.0 0.0 0.0 0.0 0.0 0.0 263.0 260.71136588475844 0.0 0.0 3.6733259594805547E-16 2.211342227607311E-13 8.481955591398286E-16 -1.2392156192973078E-10 -3.175394638617643E-8 
279.0001537806877 0.0 0.0 0.0 0.0 0.0 0.0 265.0 258.3311002204789 0.0 0.0 3.805941850770109E-17 2.2911769941635912E-14 8.869148903125218E-17 4.050342948684033E-15 1.0551783967506284E-12 
280.00073314339 0.0 0.0 0.0 0.0 0.0 0.0 263.0 261.92432008835874 0.0 0.0 2.239027297698035E-18 1.347894433214208E-15 5.146121722333776E-18 4.050342948684033E-15 1.0551783967506284E-12 
281.0007651923508 0.0 0.0 0.0 0.0 0.0 0.0 264.0 258.9706606549067 0.0 0.0 4.525416704896304E-19 2.724300856347566E-16 1.0519727792554283E-18 1.8717948515784096E-15 4.911389883601189E-13 
282.00038358112386 0.0 0.0 0.0 0.0 0.0 0.0 265.0 256.1150465973684 0.0 0.0 4.146185749465003E-19 2.4960038211779426E-16 9.74563523049016E-19 1.3570166516159943E-15 3.440840848094947E-13 
283.0007489116328 0.0 0.0 0.0 0.0 0.0 0.0 262.0 253.69792091320178 0.0 0.0 1.2797257964945426E-19 7.703949294897164E-17 3.0366623688386205E-19 8.481955591398286E-16 2.211342227607311E-13 
284.0006136693485 0.0 0.0 0.0 0.0 0.0 0.0 262.0 252.16493812981503 0.0 0.0 1.9803588304097328E-20 1.1921760159066506E-17 4.727762807741796E-20 8.869148903125218E-17 2.2911769941635912E-14 
285.00131183739495 0.0 0.0 0.0 0.0 0.0 0.0 262.0 254.52343379753248 0.0 0.0 7.432369331365366E-22 4.474286337481902E-19 1.75790742358171E-21 8.869148903125218E-17 2.2911769941635912E-14 
286.00025273863554 0.0 0.0 0.0 0.0 0.0 0.0 261.0 254.78659174524213 0.0 0.0 5.8011224888310196E-24 3.4922757382763236E-21 1.3706670018837592E-23 8.869148903125218E-17 2.2911769941635912E-14 
287.0004188510802 0.0 0.0 0.0 0.0 0.0 0.0 261.0 253.49396566829975 0.0 0.0 3.6675544342639087E-26 2.2078677694268675E-23 8.709744879355007E-26 8.869148903125218E-17 2.2911769941635912E-14 
288.00082471041617 0.0 0.0 0.0 0.0 0.0 0.0 261.0 258.363491479192 0.0 0.0 3.0562995122003017E-32 1.8398923063445614E-29 7.121332413533907E-32 8.869148903125218E-17 2.2911769941635912E-14 
289.00046096132553 0.0 0.0 0.0 0.0 0.0 0.0 261.0 251.83517898732853 0.0 0.0 2.759540900457264E-32 1.661243622075266E-29 6.596551080573432E-32 4.727762807741796E-20 1.1921760159066506E-17 
290.0000366937666 0.0 0.0 0.0 0.0 0.0 0.0 261.0 254.21168340806335 0.0 0.0 2.9684162186451397E-32 1.786986563624356E-29 7.029521773615203E-32 4.727762807741796E-20 1.1921760159066506E-17 
291.0001192771029 0.0 0.0 0.0 0.0 0.0 0.0 261.0 252.92845332727913 0.0 0.0 2.9091545457226423E-32 1.7513110365250162E-29 6.924136108399362E-32 1.3706670018837592E-23 3.4922757382763236E-21 
292.0002041301903 0.0 0.0 0.0 0.0 0.0 0.0 261.0 259.6295286728711 0.0 0.0 3.098053290423365E-32 1.8650280808348555E-29 7.183420508322687E-32 1.3706670018837592E-23 3.4922757382763236E-21 
293.00055403792317 0.0 0.0 0.0 0.0 0.0 0.0 261.0 250.911141280227 0.0 0.0 8.285693181096842E-33 4.987987295020305E-30 1.9879497058480687E-32 8.709744879355007E-26 2.2078677694268675E-23 
294.0000982526087 0.0 0.0 0.0 0.0 0.0 0.0 263.0 255.27057474889352 0.0 0.0 -2.7195285736008485E-36 -1.6371562013077367E-33 -6.413415266989495E-36 6.596551080573432E-32 1.661243622075266E-29 
295.0001950391875 0.0 0.0 0.0 0.0 0.0 0.0 263.0 252.3671746293536 0.0 0.0 -1.568466770736604E-36 -9.442169959834488E-34 -3.7414414032657004E-36 6.596551080573432E-32 1.661243622075266E-29 
296.00006888771856 0.0 0.0 0.0 0.0 0.0 0.0 262.0 255.81148212378673 0.0 0.0 -1.1766574399066346E-37 -7.083477788237937E-35 -2.769022613617576E-37 6.924136108399362E-32 1.7513110365250162E-29 
297.00000944215316 0.0 0.0 0.0 0.0 0.0 0.0 264.0 249.6965775874211 0.0 0.0 -3.473121483575829E-39 -2.090819133112639E-36 -8.373439289053225E-39 7.183420508322687E-32 1.8650280808348555E-29 
298.0001283749072 0.0 0.0 0.0 0.0 0.0 0.0 262.0 252.76989756101233 0.0 0.0 0.0 0.0 0.0 7.183420508322687E-32 1.8650280808348555E-29 
299.00008453109274 0.0 0.0 0.0 0.0 0.0 0.0 261.0 253.0912921977415 0.0 0.0 0.0 0.0 0.0 1.9879497058480687E-32 4.987987295020305E-30 
300.000124145187 0.0 0.0 0.0 0.0 0.0 0.0 263.0 257.89668178360205 0.0 0.0 0.0 0.0 0.0 -3.7414414032657004E-36 -9.442169959834488E-34 
#####################################################################
# End of data export. Simulation finished at: 2021-12-09T08:55+0000 #
#####################################################################
