#####################################################################
# Alchemist log file - simulation started at: 2021-12-09T08:43+0000 #
#####################################################################
# random = 11.0
#
# The columns have the following meaning: 
# time localWarningInSystem[Min] localWarningInSystem[Max] localWarningInSystem[Mean] localWarningInSystem[Sum] meanWarningAtDetector[Sum] dataAtCollector[Sum] inSurveillanceArea[Sum] numDevicesAtDetector[Sum] localWarningInSurveillanceArea[Mean] localWarningInSurveillanceArea[Sum] sumWarningAtDetector[Mean] sumWarningAtDetector[Sum] meanWarningOverallAtDetector[Sum] meanWarningAtCollector[Sum] sumWarningAtCollector[Sum] 
0.0 0.0 0.0 0.0 0.0 0.0 0.0 0.0 0.0 0.0 0.0 0.0 0.0 0.0 0.0 0.0 
1.0028758930102715 0.0 0.0 0.0 0.0 0.0 0.0 119.0 1.0 0.0 0.0 0.0 0.0 0.0 0.0 0.0 
2.0 0.0 0.0 0.0 0.0 0.0 0.0 259.0 13.545356966726292 0.0 0.0 0.0 0.0 0.0 0.0 0.0 
3.0002568926525046 0.0 0.0 0.0 0.0 0.0 0.0 270.0 51.68068876023686 0.0 0.0 0.0 0.0 0.0 0.0 0.0 
4.0003319396634005 0.0 0.0 0.0 0.0 0.0 0.0 273.0 105.42418068334912 0.0 0.0 0.0 0.0 0.0 0.0 0.0 
5.000069579423731 0.0 0.0 0.0 0.0 0.0 0.0 273.0 167.84921697435206 0.0 0.0 0.0 0.0 0.0 0.0 0.0 
6.000546818505243 0.0 0.0 0.0 0.0 0.0 0.0 274.0 225.36775501798283 0.0 0.0 0.0 0.0 0.0 0.0 0.0 
7.000160506415965 0.0 0.0 0.0 0.0 0.0 0.0 273.0 252.67328498323283 0.0 0.0 0.0 0.0 0.0 0.0 0.0 
8.000105896712718 0.0 0.0 0.0 0.0 0.0 0.0 273.0 265.12206036134756 0.0 0.0 0.0 0.0 0.0 0.0 0.0 
9.000019806113587 0.0 0.0 0.0 0.0 0.0 0.0 274.0 265.0881564061639 0.0 0.0 0.0 0.0 0.0 0.0 0.0 
10.000005602122972 0.0 0.0 0.0 0.0 0.0 0.0 274.0 268.2945142927034 0.0 0.0 0.0 0.0 0.0 0.0 0.0 
11.000471749648279 0.0 0.0 0.0 0.0 0.0 0.0 274.0 264.6659286589073 0.0 0.0 0.0 0.0 0.0 0.0 0.0 
12.001328387932336 0.0 0.0 0.0 0.0 0.0 0.0 273.0 268.89109635320676 0.0 0.0 0.0 0.0 0.0 0.0 0.0 
13.000296733419487 0.0 0.0 0.0 0.0 0.0 0.0 273.0 269.2604152172893 0.0 0.0 0.0 0.0 0.0 0.0 0.0 
14.000024923870468 0.0 0.0 0.0 0.0 0.0 0.0 273.0 269.0538931002454 0.0 0.0 0.0 0.0 0.0 0.0 0.0 
15.000071208947364 0.0 0.0 0.0 0.0 0.0 0.0 273.0 269.00765223333104 0.0 0.0 0.0 0.0 0.0 0.0 0.0 
16.000151451656787 0.0 0.0 0.0 0.0 0.0 0.0 273.0 262.9853536510397 0.0 0.0 0.0 0.0 0.0 0.0 0.0 
17.001346502150586 0.0 0.0 0.0 0.0 0.0 0.0 274.0 260.1794517248334 0.0 0.0 0.0 0.0 0.0 0.0 0.0 
18.00012940413601 0.0 0.0 0.0 0.0 0.0 0.0 274.0 265.8786218693638 0.0 0.0 0.0 0.0 0.0 0.0 0.0 
19.00035081498855 0.0 0.0 0.0 0.0 0.0 0.0 273.0 263.9090798201234 0.0 0.0 0.0 0.0 0.0 0.0 0.0 
20.00007420124751 0.0 0.0 0.0 0.0 0.0 0.0 273.0 266.78959940700923 0.0 0.0 0.0 0.0 0.0 0.0 0.0 
21.000293258228492 0.0 0.0 0.0 0.0 0.0 0.0 273.0 266.7944906160076 0.0 0.0 0.0 0.0 0.0 0.0 0.0 
22.000131379067586 0.0 0.0 0.0 0.0 0.0 0.0 273.0 263.68205999976135 0.0 0.0 0.0 0.0 0.0 0.0 0.0 
23.000050935458585 0.0 0.0 0.0 0.0 0.0 0.0 273.0 264.9551669898847 0.0 0.0 0.0 0.0 0.0 0.0 0.0 
24.000198587502425 0.0 0.0 0.0 0.0 0.0 0.0 272.0 265.5307707378487 0.0 0.0 0.0 0.0 0.0 0.0 0.0 
25.000467309713834 0.0 0.0 0.0 0.0 0.0 0.0 272.0 266.02163223572506 0.0 0.0 0.0 0.0 0.0 0.0 0.0 
26.000285252836896 0.0 0.0 0.0 0.0 0.0 0.0 271.0 264.7310143241463 0.0 0.0 0.0 0.0 0.0 0.0 0.0 
27.000911106477396 0.0 0.0 0.0 0.0 0.0 0.0 271.0 269.7536326893125 0.0 0.0 0.0 0.0 0.0 0.0 0.0 
28.00023501195252 0.0 0.0 0.0 0.0 0.0 0.0 271.0 267.7855090249536 0.0 0.0 0.0 0.0 0.0 0.0 0.0 
29.000091772460163 0.0 0.0 0.0 0.0 0.0 0.0 271.0 269.90759760948396 0.0 0.0 0.0 0.0 0.0 0.0 0.0 
30.00106447633758 0.0 0.0 0.0 0.0 0.0 0.0 271.0 269.63152867450646 0.0 0.0 0.0 0.0 0.0 0.0 0.0 
31.00034962239512 8.411325420973437E-95 49.70283105298473 1.2219029130321837 735.5855536453748 0.0 0.0 271.0 267.86153602424463 2.714266830431377 735.5663110469034 1.1573353381505959E-4 0.06967158735666586 2.6010299347480693E-4 0.0 0.0 
32.00047376921179 7.625907138109688E-95 49.60021793884989 1.2201355715463758 734.5216140709177 0.0 0.0 271.0 266.55130011824224 2.7103432495477207 734.503020627432 0.05649461542404432 34.0097584852745 0.12759179366293755 0.0 0.0 
33.00033244740466 6.59104820345037E-95 49.44037756099013 1.2150064525754272 731.4338844504067 0.0 0.0 271.0 264.1233423463373 2.698952384840647 731.4160962918154 0.36056364404109426 217.05931371273846 0.8218104154842734 0.0 0.0 
34.000025734131725 6.59104820345037E-95 49.31008189149137 1.212163357392868 729.7223411505065 0.0 0.0 271.0 262.1307703319844 2.6926367476671373 729.7045586177942 0.8241647372143653 496.1471718030432 1.8927467812141274 0.0 0.0 
35.00031426967313 6.855462150816299E-95 49.31008189149137 1.209213465517751 727.9465062416863 0.0 0.0 271.0 267.5698160736641 2.686087918479766 727.9298259080169 1.1350902000176688 683.3243004106334 2.5538168334447295 2.6010299347480693E-4 0.06967158735666586 
36.00063427304092 9.558855010365165E-95 49.31008189149137 1.2086486902489062 727.6065115298414 0.0 0.0 271.0 270.81621116926556 2.6848343892498745 727.5901194867156 1.2168190047509089 732.5250408600527 2.704878846422565 0.12759179366293755 34.0097584852745 
37.000267021289275 9.00894480599184E-95 49.31008189149137 1.2062601902982808 726.1686345595651 0.0 0.0 271.0 270.51174058459816 2.6795308025197384 726.1528474828489 1.2184140655622526 733.4852674684711 2.711472950798176 0.12759179366293755 34.0097584852745 
38.000681905071495 7.999811277812588E-95 49.31008189149137 1.2045666829375028 725.1491431283767 0.0 0.0 270.0 272.1423874953749 2.6856817416060945 725.1340702336458 1.2335784311665503 742.6142155622596 2.728770855568688 0.12759179366293755 34.0097584852745 
39.00070819289858 8.323329836276777E-95 49.31008189149137 1.2034325009931253 724.4663655978616 0.0 0.0 272.0 268.93173603666554 2.6634239047272303 724.4513020858067 1.2341122582894477 742.9355794902425 2.7625433518525027 0.12759179366293755 34.0097584852745 
40.000126492870166 8.323329836276777E-95 49.31008189149137 1.200544911191451 722.7280365372533 0.0 0.0 271.0 270.96539218960885 2.66683984389827 722.7135976964307 1.2482437866331477 751.4427595531466 2.773205660992022 0.12759179366293755 34.0097584852745 
41.00012041470546 1.2450105068053015E-94 49.31008189149137 1.1977543518286153 721.0481198008262 0.0 0.0 271.0 271.12003554787526 2.660640413502893 721.0335520592837 1.2479683580871443 751.2769515684682 2.7710122936886576 0.12759179366293755 34.0097584852745 
42.00031876715542 1.628022668041434E-94 49.31008189149137 1.1972483082132488 720.7434815443752 0.0 0.0 272.0 263.52322329382963 2.6497403350870954 720.7293711436897 1.215874555037734 731.9564821327243 2.7775786626463255 0.12759179366293755 34.0097584852745 
43.000170369963655 2.2759418554127559E-94 49.31008189149137 1.1947964654573824 719.2674722053448 0.0 0.0 270.0 268.13538858278775 2.6638302870398274 719.2341775007534 1.215634821967971 731.812162824712 2.7292636257103466 0.12759179366293755 34.0097584852745 
44.00022289176418 2.2759418554127559E-94 49.31008189149137 1.1915500615522283 717.3131370544412 0.0 0.0 270.0 265.52112005735603 2.656591952439244 717.2798271585957 1.1892636339117508 715.9367076148775 2.696345614466472 2.7625433518525027 742.9355794902425 
45.00008298845541 2.2759418554127559E-94 49.06087599795219 1.1925236935602932 717.8992635232961 0.0 0.0 270.0 267.91506652062185 2.6587686101254318 717.8675247338664 1.1956861207432123 719.8030446874056 2.6866837092642615 2.773205660992022 751.4427595531466 
46.000003310776755 2.1023602366853879E-94 49.02817964727615 1.1880190032329794 715.187439946254 0.0 0.0 270.0 266.7331899803113 2.6487322393857418 715.1577046341503 1.1862451231093887 714.1195641118577 2.677280484534264 2.7710122936886576 751.2769515684682 
47.00045192412345 1.829055154766108E-94 48.995505086930066 1.1856199866383907 713.7432319563113 0.0 0.0 270.0 261.64654200142564 2.643382918727084 713.7133880563129 1.1672053062028318 702.6575943341086 2.685522189436312 2.7292636257103466 731.812162824712 
48.00005152079494 2.5562709199942287E-94 49.02681777231121 1.18454893009223 713.0984559155225 0.0 0.0 270.0 266.2901769815297 2.6409965940564404 713.0690803952391 1.17346614288358 706.426618015919 2.652845200763518 2.696345614466472 715.9367076148775 
49.00088362049104 3.124474756905809E-94 49.02681777231121 1.1862577257497435 714.1271509013454 0.0 0.0 270.0 265.58464831051975 2.6448158749201265 714.1002862284344 1.170764196715653 704.8000464228176 2.653768020502338 2.6866837092642615 719.8030446874056 
50.000292829547384 2.9223022484603386E-94 48.79666128930211 1.1851371174991028 713.45254473446 0.0 0.0 270.0 266.8239436832413 2.6423205060873878 713.4265366435951 1.1793401793647287 709.9627879775766 2.660791150064124 2.677280484534264 714.1195641118577 
51.000213355595 2.6981045952019807E-94 48.7554726129448 1.1828222206352335 712.0589768224099 0.0 0.0 270.0 266.96713025242826 2.637159169673742 712.0329758119101 1.188907218653436 715.7221456293636 2.680937330946395 2.685522189436312 702.6575943341086 
52.00005555264595 2.3453458103290523E-94 48.71891971753417 1.1811311761443908 711.040968038923 0.0 0.0 270.0 262.858785145399 2.633393748269366 711.0163120327284 1.17359155105433 706.5021137347004 2.6877629878107454 2.652845200763518 706.426618015919 
53.000283666336074 3.410581682080492E-94 48.4638156232642 1.1798110540486366 710.2462545372789 0.0 0.0 270.0 260.9320234841512 2.630449389249738 710.2213350974287 1.1651080319501599 701.3950352339956 2.688037389464378 2.653768020502338 704.8000464228176 
54.000035549573056 3.410581682080492E-94 48.30683226548339 1.176869902138478 708.4756810873637 0.0 0.0 270.0 263.9758131559972 2.6238953934810016 708.4517562398704 1.175056241865309 707.3838576029242 2.679729817462079 2.660791150064124 709.9627879775766 
55.000503072261886 3.190038092836347E-94 48.08619971093753 1.1724501665459097 705.815000260638 0.0 0.0 270.0 265.33658030780174 2.614059988272423 705.7961968335545 1.1635839424461172 700.4775333525656 2.6399583975190373 2.6866837092642615 719.8030446874056 
56.00036328811592 2.77188419169557E-94 48.100894961361895 1.1684803599696878 703.4251767017525 0.0 0.0 272.0 265.2154917506463 2.5861004781279506 703.4193300508023 1.1730789396339374 706.1935216596315 2.6627159559879314 2.6866837092642615 719.8030446874056 
57.00010470722282 4.424883582707931E-94 48.100894961361895 1.167774154617077 703.000041079481 0.0 0.0 273.0 265.81771291407074 2.575070482392244 702.9942416930833 1.1725426330050668 705.8706650690436 2.6554688825316397 2.688037389464378 701.3950352339956 
58.00044772399504 3.8715935466314375E-94 48.100894961361895 1.1649630666171722 701.3077661035375 0.0 0.0 274.0 264.86279936869613 2.559496391417082 701.3020112482802 1.1702140846045532 704.4688789319505 2.659750182400326 2.679729817462079 707.3838576029242 
59.00119762891554 3.8715935466314375E-94 48.100894961361895 1.1656509457600104 701.7218693475256 0.0 0.0 273.0 267.1352473260941 2.5703888505159007 701.7161561908405 1.1871973675059049 714.6928152385632 2.6753969099634842 2.679729817462079 707.3838576029242 
60.000907988173985 3.8715935466314375E-94 47.97199724168289 1.1619593121237801 699.499505898516 0.0 0.0 274.0 264.57912147838863 2.5528974172536216 699.4938923274922 1.1517939436973206 693.3799541057938 2.6206903637422143 2.679729817462079 707.3838576029242 
61.00080099502345 3.5720257006790314E-94 48.01545822546201 1.1585807442081586 697.4656080133115 0.0 0.0 274.0 266.1153269530375 2.545475310986633 697.4602352103377 1.153846378663116 694.6155199552062 2.610204860833844 2.679729817462079 707.3838576029242 
62.00151430245056 3.0390132020937355E-94 48.01545822546201 1.154417511773706 694.9593420877716 0.0 0.0 273.0 268.26563461711334 2.5456200437231176 694.9542719364117 1.15086105260334 692.8183536672049 2.582583321400975 2.679729817462079 707.3838576029242 
63.00017487267981 3.1645141120542785E-94 48.01545822546201 1.1492972070322156 691.8769186333934 0.0 0.0 273.0 268.8485623806879 2.534329379879822 691.8719207071912 1.1469089926210487 690.4392135578744 2.5681342962891383 2.679729817462079 707.3838576029242 
64.0000342568938 3.1645141120542785E-94 47.969865200266646 1.1493324811834686 691.8981536724475 0.0 0.0 273.0 262.82323967969785 2.5344075976297677 691.8932741529263 1.1178396129822339 672.9394470153045 2.5604259647488345 2.610204860833844 694.6155199552062 
65.00043993833499 2.69087438600699E-94 47.65563032798612 1.14865441163386 691.4899558035831 0.0 0.0 273.0 270.58686789684845 2.5329124287691878 691.485093053988 1.1493878292838067 691.9314732288486 2.557150975606927 2.610204860833844 694.6155199552062 
66.0005258510994 2.69087438600699E-94 47.65563032798612 1.1497526692007354 692.151106858843 0.0 0.0 274.0 265.37667504146754 2.526081590299264 692.1463557419984 1.1181116885746545 673.1032365219415 2.5364069258037203 2.610204860833844 694.6155199552062 
67.0005826483846 3.7574002765589956E-94 47.26330097954022 1.1503149787380567 692.4896172003097 0.0 0.0 274.0 271.6987714626334 2.527317140590738 692.4848965218617 1.138425070179647 685.3318922481521 2.522395992292536 2.582583321400975 692.8183536672049 
68.00105109161213 3.7574002765589956E-94 46.92474872552591 1.1468691161354296 690.4152079135287 0.0 0.0 272.0 265.53983261999224 2.538242851042609 690.4020554835898 1.118865929881772 673.5572897888189 2.5365583880318656 2.582583321400975 692.8183536672049 
69.00037267561514 3.7574002765589956E-94 46.633679000597816 1.1467825589224565 690.3631004713184 0.0 0.0 272.0 267.9180594041068 2.5380515138827042 690.3500117760956 1.1303398067762518 680.4645636792982 2.5398234265833426 2.582583321400975 692.8183536672049 
70.0001105193891 3.7574002765589956E-94 46.633679000597816 1.1454021329473052 689.5320840342775 0.0 0.0 273.0 269.9725762586303 2.5257112948328255 689.5191834893615 1.1391114360814625 685.7450845210458 2.5400546011907177 2.582583321400975 692.8183536672049 
71.00013470651294 3.7574002765589956E-94 46.24179840904669 1.1456074112853454 689.655661593778 0.0 0.0 273.0 269.43483338220346 2.5261957258460996 689.6514331559853 1.1298826879341055 680.1893781363358 2.5245042357662104 2.582583321400975 692.8183536672049 
72.00026141166886 3.6077447643611076E-94 46.26158385434696 1.145939916351384 689.8558296435335 0.0 0.0 272.0 263.1760752509558 2.5361886480822755 689.8433122783791 1.119208860673473 673.7637341254234 2.5601253209773915 2.582583321400975 692.8183536672049 
73.00038894909649 4.40731733990656E-94 46.13530818052788 1.1444253717826207 688.9440738131375 0.0 0.0 272.0 267.02401268201277 2.5328670738823558 688.9398440960009 1.1302847325315022 680.4314089839681 2.5482030703892695 2.582583321400975 692.8183536672049 
74.00034591614504 4.0626845288445156E-94 45.80839860081349 1.1389313497124143 685.6366725268732 0.0 0.0 271.0 271.53123941949536 2.5299822840472532 685.6251989768051 1.1562700226590437 696.0745536407392 2.563515546604773 2.582583321400975 692.8183536672049 
75.00054494352345 4.0626845288445156E-94 45.92561421998229 1.1394588812218107 685.95424649553 0.0 0.0 272.0 270.90280667654366 2.5218491634101583 685.942972447563 1.1511609819476016 692.9989111324525 2.558109011989267 2.582583321400975 692.8183536672049 
76.00003657645252 4.0626845288445156E-94 45.94985913593877 1.1362105300650536 683.9987390991623 0.0 0.0 273.0 266.44263946107264 2.5054487233315252 683.987501469506 1.123821789847085 676.5407174879464 2.5391608447370495 2.582583321400975 692.8183536672049 
77.00083308760887 4.4569567561159303E-94 45.94985913593877 1.134740647455796 683.1138697683896 0.0 0.0 271.0 265.6722886661413 2.5206739898210353 683.1026512415006 1.1201280854698388 674.3171074528397 2.538153718772771 2.582583321400975 692.8183536672049 
78.00130471741043 4.0242047050171834E-94 45.849899438404705 1.1324495516703903 681.734630105575 0.0 0.0 271.0 266.3611675439376 2.515585708126587 681.7237269023049 1.1293013779093497 679.8394295014209 2.552321855960021 2.582583321400975 692.8183536672049 
79.00047127533863 4.1921603231654795E-94 45.849899438404705 1.131982139319467 681.4532478703186 0.0 0.0 271.0 267.806451797964 2.514548736285673 681.442707533417 1.1312549671508432 681.0154902248157 2.542939072799415 2.582583321400975 692.8183536672049 
80.00033440847602 5.850468519616994E-94 45.94985913593877 1.1307622638837098 680.7188828579929 0.0 0.0 271.0 266.87300301686713 2.511839286761387 680.7084467123353 1.1181564688569428 673.1301942518795 2.5222865806674934 2.582583321400975 692.8183536672049 
81.00015925493024 5.473306200254033E-94 45.94985913593877 1.129378007731406 679.8855606543062 0.0 0.0 271.0 267.5300519982105 2.50876520454005 679.8753704303538 1.1175228257726968 672.7487411151715 2.514666057477802 2.582583321400975 692.8183536672049 
82.00023047644025 6.684331404880165E-94 45.40856679648954 1.125953263333971 677.8238645270503 0.0 0.0 271.0 262.554611414797 2.5011579893077234 677.813815102393 1.0988370194119823 661.4998856860069 2.5194754040748344 2.582583321400975 692.8183536672049 
83.00058114651347 6.03430469539015E-94 45.40856679648954 1.1254861501050792 677.5426623632583 0.0 0.0 270.0 265.1570775408603 2.5093793227965246 677.5324171550621 1.111562571368129 669.1606679636186 2.5236387207522375 2.582583321400975 692.8183536672049 
84.00044696723506 6.03430469539015E-94 45.3097846307161 1.1212262290330461 674.978189877893 0.0 0.0 270.0 265.35065447024596 2.4998818824750817 674.9681082682717 1.1156867557015608 671.6434269323298 2.5311542128027495 2.582583321400975 692.8183536672049 
85.0001966921108 6.286573642263199E-94 45.319854590387905 1.1208394549650191 674.7453518889416 0.0 0.0 270.0 263.35791003863034 2.4990219220775867 674.7359189609482 1.1096249241640341 667.9942043467399 2.536450126934695 2.582583321400975 692.8183536672049 
86.00006420456235 6.286573642263199E-94 45.20920801374805 1.1178443734852073 672.9423128380945 0.0 0.0 269.0 264.2357996991784 2.501610686147028 672.9332745735503 1.1123441018986098 669.6311493429649 2.53421811164616 2.582583321400975 692.8183536672049 
87.00031380049627 6.286573642263199E-94 45.34201638063002 1.1159699316778406 671.8138988700596 0.0 0.0 269.0 267.9684470776316 2.4974165076159696 671.8050405486955 1.1248347980725255 677.1505484396652 2.5269786641838907 2.582583321400975 692.8183536672049 
88.00031801386332 6.286573642263199E-94 45.38032136538864 1.1124933854176948 669.7210180214527 0.0 0.0 269.0 264.19348647719687 2.48963638903191 669.7121886495845 1.114758583457205 671.0846672412345 2.5401257093412757 2.582583321400975 692.8183536672049 
89.00036988204378 6.894063203134098E-94 45.38032136538864 1.111499050840637 669.1224286060635 0.0 0.0 269.0 267.07593813792187 2.487411150467224 669.1135994756834 1.1203665426584344 674.4606586803728 2.5253516411204053 2.5601253209773915 673.7637341254234 
90.00022393332527 5.613734539583722E-94 45.36217286679881 1.1110201165418758 668.8341101582092 0.0 0.0 269.0 263.0015660188068 2.4863396150179287 668.8253564398228 1.0901253215173958 656.2554435534688 2.495252988366393 2.5601253209773915 673.7637341254234 
91.00082773864064 5.971309149452648E-94 45.36217286679881 1.1076541899129893 666.8078223276203 0.0 0.0 269.0 268.9944024449897 2.4788089951730456 666.7996197015498 1.1126334984851947 669.8053660880827 2.4900345880805466 2.5601253209773915 673.7637341254234 
92.0009444361213 5.971309149452648E-94 45.36217286679881 1.1021411847715663 663.4889932324834 0.0 0.0 269.0 268.56065054551925 2.466471332740657 663.4807885072369 1.1216266416129927 675.2192382510308 2.5142150828108214 2.5601253209773915 673.7637341254234 
93.00033665010561 5.971309149452648E-94 45.09482296887529 1.099938622053647 662.1630504762958 0.0 0.0 270.0 262.9332048869511 2.4524259075392973 662.1549950356107 1.1103424834935178 668.426175063104 2.5421900415753718 2.5601253209773915 673.7637341254234 
94.00008587339312 5.971309149452648E-94 45.1211359561425 1.099925573684562 662.1551953581062 0.0 0.0 270.0 269.5650043687135 2.452397306747294 662.1472728217698 1.1261762010845544 677.9580730529045 2.5150077423462105 2.5601253209773915 673.7637341254234 
95.00058176352431 5.613734539583722E-94 45.22252157352399 1.0941513019487983 658.679083773177 0.0 0.0 269.0 267.7048717378511 2.4485929639064428 658.6715072908335 1.113374322176879 670.2513419504824 2.5036949742432153 2.5601253209773915 673.7637341254234 
96.00058434533403 6.746298399101817E-94 45.21046384220598 1.0947148588539581 659.0183450300826 0.0 0.0 270.0 263.0174777667064 2.4407995338410915 659.0158741370947 1.0933400284397572 658.1906971207353 2.502459922851755 2.5601253209773915 673.7637341254234 
97.00006029094675 9.17378100511981E-94 45.203682781227634 1.0946837988337448 658.999646897914 0.0 0.0 270.0 260.59173185911266 2.440730310606099 658.9971838636466 1.0891184637120652 655.6493151546646 2.5160019870052417 2.5601253209773915 673.7637341254234 
98.00008375333978 1.1019681023486126E-93 45.23684430633169 1.090534603253499 656.5018311586059 0.0 0.0 270.0 259.6742318157984 2.4314793367066625 656.4994209107984 1.0852952903987627 653.3477648200608 2.5160284878921573 2.5601253209773915 673.7637341254234 
99.00015108232454 1.0573250802148865E-93 45.23684430633169 1.0906251226475516 656.5563238338258 0.0 0.0 271.0 266.777798174918 2.4227081739765586 656.553915147647 1.1033314250429216 664.2055178758433 2.4897331127995295 2.5601253209773915 673.7637341254234 
100.00040498621405 1.0573250802148865E-93 44.82132885040079 1.08855342790487 655.3091635987314 0.0 0.0 271.0 267.18234065096 2.4181064528883045 655.3068487327299 1.0989120813932605 661.5450729987417 2.476005979238601 2.5601253209773915 673.7637341254234 
101.00009066090239 1.0573250802148865E-93 44.46789418833744 1.081242566849934 650.908025243661 0.0 0.0 271.0 262.8711536910947 2.401866909653373 650.9059325160649 1.0817849233788366 651.2345238740586 2.4773905950872708 2.5601253209773915 673.7637341254234 
102.0001764944479 1.6831362627785549E-93 44.03130169725273 1.0786204153290195 649.3294900280695 0.0 0.0 271.0 265.9648554311253 2.3960421902073885 649.3274335462023 1.0900560530100396 656.2137439120394 2.4672949471024137 2.5601253209773915 673.7637341254234 
103.00109993298456 1.5175171462967706E-93 44.03130169725273 1.0726665681851317 645.7452740474492 0.0 0.0 271.0 263.18081901709047 2.3828163505693887 645.7432310043042 1.0751122359188812 647.2175660231624 2.459212523315133 2.4897331127995295 664.2055178758433 
104.0002941418063 2.414392650883375E-93 44.03130169725273 1.0662549607708027 641.8854863840238 0.0 0.0 271.0 265.3402302149616 2.3685736838142826 641.8834683136706 1.0707336376173957 644.5816498456701 2.4292646815127563 2.4897331127995295 664.2055178758433 
105.00014590590946 2.414392650883375E-93 43.505358592448765 1.0638329026855973 640.4274074167295 0.0 0.0 271.0 264.52503941878985 2.36319336450737 640.4254017814975 1.053275913497086 634.0720999252427 2.397021096068696 2.4897331127995295 664.2055178758433 
106.00004709465665 2.5166142126502266E-93 43.04089814037658 1.0613089623004206 638.9079953048532 0.0 0.0 271.0 270.553413213485 2.3575868186331013 638.9060278495706 1.069346869243117 643.7468152843477 2.37937051925635 2.4897331127995295 664.2055178758433 
107.00002235039301 3.7453476071405132E-93 43.215567243629934 1.063354063439813 640.1391461907674 0.0 0.0 270.0 269.5119345587349 2.3708662318497002 640.1338825994192 1.0649374389821047 641.0923382672219 2.3787159530314166 2.4897331127995295 664.2055178758433 
108.00016910956285 4.275747223000275E-93 43.215567243629934 1.0644498871389594 640.7988320576542 0.0 0.0 270.0 266.02978619890035 2.3733100284351853 640.7937076775005 1.0494296958675262 631.7566769122462 2.3747591799359857 2.4897331127995295 664.2055178758433 
109.0002642746928 4.275747223000275E-93 43.215567243629934 1.0663463489857006 641.9405020893921 0.0 0.0 270.0 265.2979068905186 2.3775507978152652 641.9387154101216 1.0454554800016584 629.3641989610053 2.3722923649779384 2.4897331127995295 664.2055178758433 
110.00013055397031 4.001791794731567E-93 43.215567243629934 1.0644938518814726 640.825298832646 0.0 0.0 269.0 269.9295375582538 2.3822322057943666 640.8204633586843 1.0610819626570818 638.7713415195622 2.366437357311103 2.4897331127995295 664.2055178758433 
111.00000863276134 4.001791794731567E-93 43.215567243629934 1.063153750014404 640.0185575086709 0.0 0.0 270.0 270.21739327385296 2.3704221196358355 640.0139723016753 1.0586579244498266 637.3120705187955 2.358516092533351 2.4897331127995295 664.2055178758433 
112.00011620165405 4.001791794731567E-93 43.215567243629934 1.0607919405002615 638.5967481811581 0.0 0.0 270.0 269.4563261460964 2.365157146241924 638.5924294853196 1.0631917366384103 640.0414254563151 2.375306731931361 2.4897331127995295 664.2055178758433 
113.00053121764539 3.3892507394312283E-93 42.980683043018445 1.0581264443071097 636.9921194728796 0.0 0.0 270.0 268.86352048260477 2.3592141009680456 636.9878072613724 1.0543693998698311 634.7303787216466 2.3607902536659418 2.4897331127995295 664.2055178758433 
114.00055970917991 5.0416943665129166E-93 42.980683043018445 1.0566100804352818 636.0792684220393 0.0 0.0 270.0 266.0161047180082 2.3558337701197183 636.0751179323238 1.0459144432056342 629.6404948098005 2.3669262260540744 2.3722923649779384 629.3641989610053 
115.00121346810761 5.386480533312964E-93 42.980683043018445 1.0553272157063556 635.3069838552258 0.0 0.0 271.0 268.20865833262445 2.3443002852980976 635.3053773157841 1.0482786152802137 631.0637263986841 2.35288349869771 2.3722923649779384 629.3641989610053 
116.0005778649083 7.017318031850954E-93 42.58257907165615 1.0547128325785675 634.9371252122967 0.0 0.0 271.0 268.3235675428503 2.3429355171353916 634.9355251436906 1.0546222301887012 634.8825825735915 2.3661081595905777 2.3722923649779384 629.3641989610053 
117.0000249297286 7.017318031850954E-93 42.09428125594334 1.0536787827266072 634.3146272014172 0.0 0.0 271.0 268.7747490904402 2.3406385899540094 634.3130578775364 1.0633278020623504 640.1233368415415 2.3816349527170275 2.3722923649779384 629.3641989610053 
118.00050383676233 6.043251588246197E-93 41.51068164717502 1.0510962575333664 632.759947035087 0.0 0.0 271.0 268.1574875450286 2.33490175218074 632.7583748409807 1.0612429795498306 638.8682736889947 2.382436826723762 2.3722923649779384 629.3641989610053 
119.00002913234307 6.170576129343981E-93 41.51068164717502 1.0528599128710054 633.8216675483455 0.0 0.0 272.0 266.16904493215924 2.330221311631952 633.8201967638913 1.056216550017846 635.8423631107464 2.38886668159631 2.3722923649779384 629.3641989610053 
120.00043564217088 6.170576129343981E-93 41.59494148598947 1.0500473563095019 632.1285084983206 0.0 0.0 271.0 263.3870533634149 2.3325720943866934 632.1270375787939 1.0343600376648587 622.6847426742451 2.3641433195848096 2.3722923649779384 629.3641989610053 
121.00024803578962 5.559071503082949E-93 41.08234885395733 1.0493972963351614 631.7371723937666 0.0 0.0 271.0 267.32355696932933 2.3311282005657636 631.7357423533219 1.0455005778076716 629.3913478402219 2.3544178260071313 2.3722923649779384 629.3641989610053 
122.00055207115368 6.778219330045721E-93 41.160479517185586 1.050929243330868 632.6594044851823 0.0 0.0 270.0 258.7231657035098 2.343177735786657 632.6579886623966 1.0121463037507135 609.3120748579313 2.355073513425495 2.3722923649779384 629.3641989610053 
123.00040242292003 6.3447715671129E-93 41.13876166237521 1.0486172828468987 631.2676042738331 0.0 0.0 270.0 266.39386009066357 2.3380229458128263 631.2661953694629 1.0434593756680015 628.1625441521403 2.3580218550771166 2.3669262260540744 629.6404948098005 
124.00002370637834 6.615456970673046E-93 40.53371579445962 1.0468034084182882 630.1756518678097 0.0 0.0 269.0 265.2147042014072 2.3426484735819435 630.172439393543 1.0402676279391094 626.2411120193417 2.3612609033312375 2.3669262260540744 629.6404948098005 
125.00043238617677 6.213507447331346E-93 40.522007745593186 1.042761550218028 627.7424532312535 0.0 0.0 270.0 261.4191215812236 2.3249668653850186 627.7410536539552 1.0368967606110964 624.2118498878795 2.387781911714271 2.3607902536659418 634.7303787216466 
126.000393211003 6.6379878048231925E-93 40.620957033924604 1.0414444441913464 626.9495554031905 0.0 0.0 269.0 264.7748290509755 2.330656555560536 626.9466134457844 1.0418514361870537 627.1945645846063 2.3687847022039104 2.3607902536659418 634.7303787216466 
127.00044616559863 6.213507447331346E-93 40.620957033924604 1.0369047674583936 624.2166700099528 0.0 0.0 269.0 261.4303156529902 2.3204976702490354 624.2138732969903 1.0357729640493603 623.5353243577083 2.3850918850029563 2.3607902536659418 634.7303787216466 
128.00082268765422 6.213507447331346E-93 40.35844970994411 1.039661763388213 625.876381559704 0.0 0.0 269.0 263.589514542182 2.326668893795378 625.8739324309568 1.041327186230169 626.8789661105693 2.3782393893754468 2.3607902536659418 634.7303787216466 
129.00010846199265 6.213507447331346E-93 40.35844970994411 1.0394335110829342 625.7389736719264 0.0 0.0 269.0 263.76362837408055 2.3261585947989065 625.7366620009061 1.0489367616219947 631.4599304964405 2.394037170283682 2.3607902536659418 634.7303787216466 
130.0001026412376 1.0538983521190885E-92 40.34679228618919 1.0346968506890206 622.8875041147903 0.0 0.0 269.0 264.77197865304515 2.315558874997161 622.8853373742364 1.0445780785056293 628.8360032603946 2.3750096458825642 0.0 0.0 
131.0004414071729 9.865812942710947E-93 40.30109182341073 1.0368280916531243 624.1705111751809 0.0 0.0 269.0 269.0826315063534 2.320328574798799 624.1683866208768 1.0541048514698674 634.5711205848598 2.358276032282213 0.0 0.0 
132.0004704507732 1.5656420654067905E-92 40.30109182341073 1.0356490716491549 623.4607411327914 0.0 0.0 269.0 267.58908515355057 2.3176900651350176 623.4586275213197 1.0508646654908265 632.6205286254817 2.364149226275299 0.0 0.0 
133.00037277186138 2.324944122337138E-92 40.261705570037364 1.0369372016862362 624.2361954151146 0.0 0.0 269.0 264.08752778957756 2.3205730038503227 624.2341380357369 1.0299581134432436 620.0347842928418 2.347838193959995 0.0 0.0 
134.00019389875334 3.0435644309783457E-92 40.261705570037364 1.0392952709235976 625.655753096006 0.0 0.0 269.0 266.2675898822564 2.3258500822013803 625.6536721121714 1.0364553623697355 623.9461281465842 2.3433048251290867 0.0 0.0 
135.000228455231 2.9184468116173938E-92 39.55710118491337 1.0380210533771395 624.8886741330381 0.0 0.0 269.0 262.13918314516013 2.322998981304323 624.8867259708633 1.0201086908771462 614.1054319080378 2.3426693580866753 0.0 0.0 
136.00001494504863 2.9184468116173938E-92 39.03534235009295 1.036595435374638 624.0304520955318 0.0 0.0 269.0 262.43459995508044 2.3198089352655527 624.0286035864335 1.0195834873669865 613.7892593949202 2.3388275002609387 0.0 0.0 
137.00016524474384 2.9184468116173938E-92 39.076568076547595 1.0366382650995063 624.056235589903 0.0 0.0 270.0 265.1755753790775 2.3113125087106403 624.0543773518733 1.0303566970180258 620.2747316048471 2.3391095907613035 0.0 0.0 
138.00047076954414 2.5187917916276306E-92 38.204191230004874 1.0318759564301663 621.1893257709605 0.0 0.0 270.0 262.6208902433831 2.3006945875305043 621.1875386332363 1.0264274209418849 617.9093074070186 2.352856647597124 0.0 0.0 
139.00018802168185 2.572431500967646E-92 38.42556546635551 1.0304198405522613 620.312744012461 0.0 0.0 270.0 265.43268379412814 2.297448086176932 620.3109832677715 1.0365092688784843 623.9785798648492 2.3507978405131613 0.0 0.0 
140.0000710672037 2.1271893641045034E-92 38.15180254205177 1.0289527901056048 619.4295796435742 0.0 0.0 270.0 266.11970916723544 2.294177332848257 619.4278798690295 1.0338573856600501 622.3821461673447 2.3387299952903007 2.3388275002609387 613.7892593949202 
141.0001118554498 2.1726827016440246E-92 37.78393893912194 1.0284221215206568 619.1101171554357 0.0 0.0 270.0 262.7786006143428 2.2929941421925015 619.1084183919753 1.0150013978611907 611.0308415124313 2.3252686485273886 2.3391095907613035 620.2747316048471 
142.00008051539075 2.1726827016440246E-92 37.598832727221456 1.0255347220085063 617.3719026491207 0.0 0.0 270.0 263.68236071931415 2.286556444586185 617.3702400382699 1.0152574379444133 611.184977642538 2.317883441179955 2.352856647597124 617.9093074070186 
143.0000420373811 2.1726827016440246E-92 37.319762251725635 1.028477124987131 619.143229242253 0.0 0.0 271.0 264.78943187287786 2.2846587735191557 619.1425276236909 1.0156433238690445 611.4172809691636 2.3090698017838474 2.3507978405131613 623.9785798648492 
144.00003579008543 2.0389725018070105E-92 37.319762251725635 1.0271753767619665 618.3595768107043 0.0 0.0 272.0 263.67513016096603 2.2733782552418207 618.3588854257755 1.0136729611184467 610.2311225933084 2.314329463763913 2.3387299952903007 622.3821461673447 
145.0002937374675 2.6636907790445223E-92 36.94514025473276 1.0244672403244492 616.7292786753192 0.0 0.0 272.0 265.2042331524601 2.267384470767118 616.7285760486566 1.0104072970833087 608.2651928441478 2.2935727141823916 2.3387299952903007 622.3821461673447 
146.0006994680946 2.4942143333719763E-92 37.13280397818775 1.0236867512932326 616.2594242785259 0.0 0.0 272.0 258.94905768903624 2.265657125921179 616.2587382505609 0.9975621121544037 600.5323915169504 2.319114025269444 2.3387299952903007 622.3821461673447 
147.0001946524468 2.726195687715568E-92 36.75679128396857 1.02213562739366 615.3256476909829 0.0 0.0 272.0 261.9768726238641 2.262224168448008 615.3249738178584 1.0052396444398002 605.1542659527564 2.309953011850831 2.3387299952903007 622.3821461673447 
148.00022640518947 4.610467854133015E-92 36.824035965516394 1.0200336502433625 614.060257446504 0.0 0.0 272.0 266.3484306225977 2.2575720072466603 614.0595859710913 1.0122576522225468 609.3791066379632 2.287901998196576 2.3387299952903007 622.3821461673447 
149.00010089191002 4.610467854133015E-92 37.23547345166713 1.0188143583268712 613.3262437127771 0.0 0.0 272.0 263.49050370724126 2.25487343150326 613.3255733688869 1.0007896143503472 602.4753478389014 2.286516361547128 2.3387299952903007 622.3821461673447 
150.000244841466 4.610467854133015E-92 37.23547345166713 1.0184679055446888 613.1176791379021 0.0 0.0 272.0 264.72972082344177 2.254106668305817 613.1170137791821 0.9899398983134886 595.9438187847207 2.2511405856925983 2.3387299952903007 622.3821461673447 
151.0000396388114 7.176227184292766E-92 37.26941456532129 1.0159082989834116 611.5767959880143 0.0 0.0 272.0 265.4057895775578 2.2484418177189256 611.5761744195479 0.9925660509124121 597.5247626492655 2.251362954818492 2.3387299952903007 622.3821461673447 
152.0004666160361 9.527259554744626E-92 37.86820698931594 1.0128039733593097 609.7079919623045 0.0 0.0 272.0 264.89584313558277 2.2415712137997548 609.7073701535332 0.9920227727381068 597.1977091883373 2.2544623657332026 2.3387299952903007 622.3821461673447 
153.00016052541415 9.527259554744626E-92 38.25516412606546 1.0132761330971725 609.992232124497 0.0 0.0 271.0 263.8499347477681 2.2508918947765015 609.9917034844316 1.0001025708887723 602.0617476750405 2.281833983588405 2.3387299952903007 622.3821461673447 
154.00058780091015 9.527259554744626E-92 38.447773319721776 1.0112862829507723 608.7943423363648 0.0 0.0 272.0 266.8642566267785 2.238212589402115 608.793824317375 1.003440642276625 604.0712666505284 2.2635900149616095 2.2511405856925983 595.9438187847207 
155.00068279093927 1.1874334884793945E-91 38.7255962499328 1.0080506085870093 606.8464663693799 0.0 0.0 271.0 269.5957848729213 2.239283955145692 606.8459518444826 1.0090776098642797 607.4647211382987 2.2532426514926334 2.251362954818492 597.5247626492655 
156.00047996298053 1.1874334884793945E-91 38.97596708711575 1.0082408923190047 606.9610171760413 0.0 0.0 271.0 263.9284936947884 2.2397066764124625 606.9605093077772 1.0004795988421251 602.288718502967 2.282014761162788 2.2544623657332026 597.1977091883373 
157.00007139776957 1.4448578055987874E-91 39.361777359174724 1.0107449120420675 608.468437049325 0.0 0.0 271.0 267.1725462367609 2.245269126207247 608.467933202164 1.0055565518706262 605.3450442261144 2.2657456866457917 2.2635900149616095 604.0712666505284 
158.00014866901842 1.4448578055987874E-91 39.762892038891096 1.0039925654811246 604.4035244196375 0.0 0.0 271.0 266.5887606206241 2.2302695538578807 604.403049095486 1.0075578108090522 606.5498021070572 2.275226460016532 2.2532426514926334 607.4647211382987 
159.0004954371648 1.353395294345991E-91 39.68322526483309 1.003176427324026 603.9122092490636 0.0 0.0 271.0 267.1770272622764 2.2284566324364565 603.91174739028 1.0116376671634593 609.0058756323957 2.2794095805046903 2.282014761162788 602.288718502967 
160.00190282816666 1.1898371724850199E-91 39.68322526483309 1.0015138340725225 602.9113281116588 0.0 0.0 270.0 266.3674551629885 2.2330032234664396 602.9108703359384 1.0059551900197101 605.5850243918669 2.2734948007117213 2.2657456866457917 605.3450442261144 
161.00008016679377 1.1154595449357189E-91 40.114795351811274 1.0021166581377583 603.2742281989309 0.0 0.0 270.0 265.84616143082974 2.234347290200346 603.2737683540934 1.0009626514226544 602.5795161564389 2.2666474208739835 2.275226460016532 606.5498021070572 
162.00000546435174 1.1154595449357189E-91 40.57742568329144 1.0014818603487605 602.8920799299536 0.0 0.0 270.0 268.6241962319349 2.2329319321676495 602.8916216852649 1.0014413498192343 602.8676925911809 2.244279186490908 2.2794095805046903 609.0058756323957 
163.00022941912587 1.5467061094207502E-91 41.10312351508282 1.0010889400552987 602.6555419132893 0.0 0.0 270.0 268.84629718986713 2.2320559567381335 602.6551083192957 1.0050878801790035 605.0629038677513 2.2505904310091283 2.2734948007117213 605.5850243918669 
164.00024229365914 2.0109238546460506E-91 41.10312351508282 1.0001067485599173 602.0642626330697 0.0 0.0 271.0 264.8670461158128 2.221637768290275 602.0638352066643 0.9922415778848612 597.3294298866938 2.255204785368098 2.2734948007117213 605.5850243918669 
165.0000264352465 1.7647631133368129E-91 41.51621677406735 0.9969729442586825 600.1777124437272 0.0 0.0 271.0 263.86770576746983 2.214676335800122 600.1772870018331 0.9874161432218485 594.4245182195558 2.25273690272422 2.2666474208739835 602.5795161564389 
166.00023018691581 1.7647631133368129E-91 41.70693616567475 0.9943165678743856 598.5785738603805 0.0 0.0 271.0 264.66536694116166 2.2087753899484666 598.5781306760344 0.9862552524244304 593.7256619595089 2.243306968423645 2.244279186490908 602.8676925911809 
167.00040274073433 1.8838374860337015E-91 41.93066621836932 0.9927196537403895 597.6172315517153 0.0 0.0 270.0 261.3308248524981 2.2133955377324193 597.6167951877536 0.9711483917782691 584.6313318505096 2.237131161930441 2.2505904310091283 605.0629038677513 
168.00012872559472 1.7647631133368129E-91 42.261821629400444 0.9912076599469747 596.7070112880798 0.0 0.0 270.0 260.5247238470205 2.210024550090487 596.7066285244321 0.9768209823503496 588.0462313749125 2.257160943082745 2.255204785368098 597.3294298866938 
169.0000339000604 1.7647631133368129E-91 42.470828408957665 0.9894681098006544 595.659802099994 0.0 0.0 271.0 263.6023744373172 2.198005387227322 595.6594599386044 0.9820544854373526 591.196800233287 2.242759768364186 2.25273690272422 594.4245182195558 
170.00012710835125 1.7647631133368129E-91 42.69438658482877 0.9879479088413694 594.7446411225039 0.0 0.0 269.0 264.6027173920817 2.21094533573377 594.7442953123837 0.9770748294186932 588.1990473100581 2.222951650335773 2.243306968423645 593.7256619595089 
171.00036095567344 2.2913188733310726E-91 43.40758157594692 0.9881197994995662 594.8481192987389 0.0 0.0 269.0 264.63875217116026 2.2113301193830113 594.8478021140297 0.9729022062750088 585.6871281775547 2.213157080633263 2.237131161930441 584.6313318505096 
172.00005581406455 2.1465598007299093E-91 43.40758157594692 0.9885966014370747 595.1351540651194 0.0 0.0 269.0 262.7253981194871 2.212397169962273 595.1348387198516 0.9669923619534562 582.1294018959758 2.2157332563303385 2.257160943082745 588.0462313749125 
173.00006777507613 2.1465598007299093E-91 43.513818790126365 0.9855245610729327 593.2857857659058 0.0 0.0 269.0 264.7623257731017 2.2055223102482775 593.2855014567867 0.9731443882654489 585.8329217358001 2.2126747830348505 2.242759768364186 591.196800233287 
174.00051247768926 1.9265437203577182E-91 43.48795992889949 0.9842717253312888 592.5315786494368 0.0 0.0 270.0 264.28867448843795 2.194560338580349 592.5312914166946 0.9755780449959482 587.2979830875555 2.2221836944936832 2.222951650335773 588.1990473100581 
175.0002299695272 1.7665287591253634E-91 43.51623629182653 0.9852064163816211 593.0942626617357 0.0 0.0 270.0 263.2576219122796 2.19664436665322 593.0939789963694 0.9793596211829502 589.574491952137 2.2395343681581603 2.213157080633263 585.6871281775547 
176.0002662478573 1.8052713490329145E-91 43.895016014241456 0.9871004723740704 594.2344843691905 0.0 0.0 269.0 265.4491824385083 2.2090490799109648 594.2342024960498 0.9791462861383233 589.4460642552672 2.2205608577898457 2.2157332563303385 582.1294018959758 
177.0013113696398 1.8052713490329145E-91 43.8245966738065 0.9866006733028887 593.9336053283388 0.0 0.0 269.0 260.5788510398455 2.2079305876186175 593.933328069408 0.963905465841391 580.2710904365165 2.226854129262341 2.2126747830348505 585.8329217358001 
178.00002068329806 1.8052713490329145E-91 43.96799110630678 0.9868088725298685 594.0589412629806 0.0 0.0 269.0 263.38699747525004 2.2083965782805057 594.0586795574561 0.9802433499240447 590.1064966542822 2.240454169381438 2.2221836944936832 587.2979830875555 
179.0000139398075 1.8052713490329145E-91 44.05405708156176 0.9836526714887567 592.1589082362314 0.0 0.0 269.0 264.59826876166454 2.201333281710513 592.158652780128 0.9775404863363192 588.4793727744621 2.22404846232963 2.2395343681581603 589.574491952137 
180.00020036558465 1.8052713490329145E-91 44.132445062830485 0.9797053997344106 589.7826506401154 0.0 0.0 270.0 265.13382638201864 2.1843792760591256 589.7824045359638 0.9744593483065528 586.6245276805539 2.2125601085518025 2.226854129262341 580.2710904365165 
181.00032673901526 2.1956121957928292E-91 44.65629253620667 0.9796872509671936 589.7717250822506 0.0 0.0 270.0 265.87662135194336 2.184338857765848 589.7714915967795 0.9837997057144604 592.2474228400996 2.2275272636932457 2.226854129262341 580.2710904365165 
182.00005106082725 3.46537905987096E-91 44.72953924307079 0.9821279969675899 591.2410541744887 0.0 0.0 270.0 263.68092646504846 2.1897808684020106 591.2408344685422 0.9777251723595362 588.5905537604457 2.2322075458820296 2.226854129262341 580.2710904365165 
183.000142603312 3.246770832436266E-91 45.00272328699637 0.9806952379278563 590.3785332325698 0.0 0.0 270.0 262.52229120899085 2.1865863624136557 590.3783178516869 0.9702606931083252 584.0969372512166 2.2249422498991676 2.226854129262341 580.2710904365165 
184.00045447505778 3.246770832436266E-91 45.65748003821828 0.9779365286105347 588.7177902235412 0.0 0.0 270.0 267.3562043342857 2.180435484690349 588.7175808663937 0.9867907255966812 594.0480168092039 2.221934659374663 2.226854129262341 580.2710904365165 
185.0000465317178 2.976703463805798E-91 45.96926428393163 0.9802036857319374 590.0826188106261 0.0 0.0 270.0 267.14545502785427 2.1854904351940663 590.0824175023978 0.9833508659158137 591.9772212813219 2.2159359634982323 2.226854129262341 580.2710904365165 
186.00000904690046 3.0420883771348697E-91 45.83181776688712 0.9798045335071698 589.8423291713161 0.0 0.0 270.0 267.23376030898237 2.184600471816362 589.8421273904179 0.9760145301369115 587.5607471424237 2.1986770925315393 2.226854129262341 580.2710904365165 
187.00073418690798 3.0420883771348697E-91 46.01627911342056 0.9792916588747452 589.5335786425964 0.0 0.0 270.0 266.1399819033199 2.183456952192725 589.533377092036 0.9690615630689646 583.37506096752 2.1919857993356344 2.226854129262341 580.2710904365165 
188.0005727743295 5.466257772417304E-91 46.01627911342056 0.979334281762914 589.5592376212751 0.0 0.0 270.0 264.5106073961808 2.1835520271704176 589.559047336013 0.9676544707675169 582.5279914020421 2.2022859390645864 2.226854129262341 580.2710904365165 
189.00019493969748 5.233747596285049E-91 46.06948421518325 0.9837690679128628 592.2289788835427 0.0 0.0 270.0 266.8769724963189 2.193440015931467 592.2288043014956 0.9722548587102211 585.2974249435487 2.1931357339255704 2.226854129262341 580.2710904365165 
190.00017585364262 6.222916516214539E-91 46.36862315739447 0.9845622204070779 592.7064566850603 0.0 0.0 270.0 261.1225461321914 2.1952084732560144 592.7062877791236 0.9635923254207702 580.0825799033071 2.221495571698525 2.1919857993356344 583.37506096752 
191.0001592000464 8.802134471262045E-91 46.46661587331933 0.9826736084604065 591.5695122931647 0.0 0.0 270.0 262.6951656743848 2.1909975675239943 591.5693432314787 0.9756526187443372 587.3428764840901 2.2358343556733424 2.2022859390645864 582.5279914020421 
192.00013540524395 8.24842294137067E-91 46.500703889029054 0.985513905747523 593.2793712600092 0.0 0.0 270.0 263.5024349026024 2.1973303832722726 593.2792034835137 0.978516630833813 589.06701176196 2.2355277740780464 2.1931357339255704 585.2974249435487 
193.00025869739227 8.24842294137067E-91 46.500703889029054 0.9866350587534407 593.9543053695711 0.0 0.0 270.0 264.24070527361664 2.1998301977432106 593.9541533906668 0.9835541564413439 592.0996021776899 2.240758484066946 2.221495571698525 580.0825799033071 
194.00050799547068 8.992380243608233E-91 46.61321648776649 0.9892455468569292 595.5258192078715 0.0 0.0 269.0 264.1741963913273 2.2138500740907734 595.5256699304181 0.9842702757414846 592.5307059963735 2.2429545129329895 2.2358343556733424 587.3428764840901 
195.00065304544012 7.888275783938323E-91 46.496312363268665 0.9851361557831086 593.0519657814316 0.0 0.0 269.0 261.26419144468844 2.2046535945762145 593.0518169410016 0.9821233965487608 591.2382847223505 2.2629901229595792 2.2355277740780464 589.06701176196 
196.00013364539103 8.062621003633825E-91 46.72833767965437 0.9855239255201201 593.2854031631126 0.0 0.0 269.0 263.1552356006535 2.205521419198158 593.2852617643046 0.9889954873029548 595.3752833563854 2.2624489381616804 2.240758484066946 592.0996021776899 
197.0001602915877 8.240728005137213E-91 46.671000870837034 0.9832208446009841 591.8989484497922 0.0 0.0 268.0 262.84394862515427 2.2085776338854344 591.8988058812964 0.9797815070737911 589.8284672584178 2.2440252870328816 2.2429545129329895 592.5307059963735 
198.00012469251809 8.240728005137213E-91 46.95317287313123 0.982344099937028 591.3711481620901 0.0 0.0 268.0 262.9091051513265 2.2066082459780847 591.3710099221264 0.9697755080086025 583.8048558211774 2.2205577683783457 2.2629901229595792 591.2382847223505 
199.00005092267315 1.1137547120350898E-90 46.96491263375478 0.9797691394661722 589.8210219586354 0.0 0.0 268.0 262.7561237218566 2.200824226373235 589.8208926680267 0.9731211562994069 585.8189360922391 2.2295158255278733 2.2624489381616804 595.3752833563854 
200.00023822553197 1.0659540970263622E-90 46.974045587995015 0.9772023418744132 588.2758098083968 0.0 0.0 269.0 261.80092181914097 2.1868984569609973 588.275684922508 0.9611641107344069 578.6207946621205 2.2101556810477816 2.2440252870328816 589.8284672584178 
201.00011031632258 1.1384339582900365E-90 46.861703398027956 0.9737156738196775 586.1768356394458 0.0 0.0 269.0 262.58703960292837 2.1790956058344575 586.176717969469 0.9651568357983508 581.0244151506108 2.2126926600383947 2.2205577683783457 583.8048558211774 
202.00064283200854 1.1384339582900365E-90 46.861703398027956 0.9770276126793898 588.1706228329923 0.0 0.0 269.0 261.1541305643266 2.1865074943301774 588.1705159748175 0.9626903610933562 579.5395973782059 2.21914773519332 2.2295158255278733 585.8189360922391 
203.00015524427863 1.1384339582900365E-90 46.861703398027956 0.9772444384853398 588.3011519681748 0.0 0.0 269.0 263.0926116199255 2.186992757032638 588.3010516417796 0.966258362534037 581.6875342454867 2.2109611161784226 2.2101556810477816 578.6207946621205 
204.00010017265532 1.1384339582900365E-90 46.861703398027956 0.9792767577732178 589.5246081794778 0.0 0.0 269.0 261.6216691470575 2.191540943104624 589.524513695144 0.9675579714140482 582.4698987912617 2.226382473172952 2.2126926600383947 581.0244151506108 
205.00043136275508 1.1384339582900365E-90 47.244136971573845 0.9799979299713093 589.9587538427281 0.0 0.0 269.0 265.4182351943025 2.1931548847890863 589.9586640082642 0.9796403445339824 589.7434874094632 2.2219403537881814 2.21914773519332 579.5395973782059 
206.00056935102342 2.0403137541776795E-90 47.401090162671196 0.9787205518867557 589.189772235826 0.0 0.0 269.0 262.0019025069529 2.1902962272719146 589.1896851361445 0.9697780254460961 583.8063713185479 2.2282524124154217 2.21914773519332 579.5395973782059 
207.00021029257996 1.9123259266148565E-90 47.554601730802204 0.9799863892745333 589.9518063432691 0.0 0.0 269.0 263.8550830083476 2.193129076746813 589.9517216448926 0.9704313858096966 584.1996942574302 2.2140930074064475 2.2109611161784226 581.6875342454867 
208.00024631691488 1.6764083151283136E-90 47.894239089432304 0.9806577808105791 590.3559840479683 0.0 0.0 269.0 263.5780196177463 2.194631600711732 590.3559005914557 0.9634000841894783 579.966850682065 2.2003612119218485 2.226382473172952 582.4698987912617 
209.0004069562147 1.7136503782189128E-90 48.15356753710256 0.9802602996268936 590.1167003753894 0.0 0.0 269.0 262.3751653963739 2.1937420862719654 590.1166212071587 0.9674568081120702 582.4089984834621 2.219756574916717 2.2219403537881814 589.7434874094632 
210.000696123681 2.0811954953212495E-90 48.408921078289765 0.9838269248300218 592.2638087476739 0.0 0.0 269.0 265.24693271867204 2.2017239097537957 592.2637317237713 0.9766590297729155 587.9487359232959 2.2166089910901627 2.2282524124154217 583.8063713185479 
211.00026868090603 1.950686525368007E-90 48.42290789792404 0.983437585485018 592.0294264619811 0.0 0.0 269.0 263.30669098410027 2.2008526018170222 592.0293498887789 0.9748956868116712 586.8872034606211 2.228911089449148 2.2282524124154217 583.8063713185479 
212.00023093036262 1.950686525368007E-90 48.39278746034679 0.9822065924524761 591.2883686563903 0.0 0.0 267.0 263.144763632682 2.214562893094662 591.2882924562749 0.984720022292915 592.8014534203284 2.2527579315536252 2.2282524124154217 583.8063713185479 
213.00029784006657 1.747540119006519E-90 48.564077744228754 0.9800138203552531 589.9683198538627 0.0 0.0 267.0 260.4637629867119 2.2096188897370386 589.9682435597898 0.9741937291345292 586.4646249389858 2.2516169551343905 2.2282524124154217 583.8063713185479 
214.00022330086458 2.21772384504875E-90 48.564077744228754 0.9794649187143589 589.6378810660441 0.0 0.0 267.0 265.05034814433947 2.2083812917754684 589.6378049040505 0.9904401894906195 596.2449940733586 2.249553710258321 2.2166089910901627 587.9487359232959 
215.00025094269998 2.078699558747909E-90 48.564077744228754 0.9775071952611571 588.4593315472172 0.0 0.0 267.0 260.24148326752123 2.2039672493252267 588.4592555698362 0.9795494153651375 589.6887480498167 2.265929092648279 2.228911089449148 586.8872034606211 
216.00028263838686 2.078699558747909E-90 48.46785444301218 0.978198945408519 588.875765135929 0.0 0.0 267.0 264.05241765860825 2.2055269256013 588.8756891355473 0.9767959273360208 588.0311482562852 2.226948548589118 2.2527579315536252 592.8014534203284 
217.00035544890795 1.8212853463241046E-90 48.71540125603776 0.9736571450622853 586.141601327496 0.0 0.0 266.0 261.8844236797401 2.203539569568141 586.1415255051256 0.9731246190436187 585.8210206642572 2.2369448798553244 2.2516169551343905 586.4646249389858 
218.00089015186356 1.8212853463241046E-90 48.79123973934533 0.9730945547579724 585.8029219642997 0.0 0.0 266.0 258.80511407430697 2.202266340953951 585.8028466937509 0.9713952394454839 584.7799341461838 2.2595377847838214 2.2516169551343905 586.4646249389858 
219.000276295141 1.8212853463241046E-90 48.79123973934533 0.9669659346662796 582.1134926691 0.0 0.0 266.0 260.111219561034 2.188396316324963 582.1134201424402 0.9782036993412115 588.8786270034032 2.2639493521163754 2.2516169551343905 586.4646249389858 
220.00027273376918 2.685344842493659E-90 48.85199552222669 0.9672933721582848 582.3106100392869 0.0 0.0 266.0 257.6680112970883 2.1891373730999137 582.3105412445769 0.9528572278957992 573.6200511932778 2.2261981543836282 2.226948548589118 588.0311482562852 
221.00004996266657 3.051222975994257E-90 48.82459181378982 0.9652586013007858 581.0856779830733 0.0 0.0 266.0 263.3520929039929 2.1845323657419295 581.0856092873532 0.9646462421620505 580.717037781561 2.205097485187885 2.2369448798553244 585.8210206642572 
222.00071233811025 3.051222975994257E-90 48.838156084282495 0.9671491203237221 582.2237704348802 0.0 0.0 266.0 260.85167264504094 2.1888109112299543 582.2237023871675 0.9505085213531004 572.2061298545696 2.1936072866713427 2.2595377847838214 584.7799341461838 
223.0008135632401 2.731643921631738E-90 48.97835966080861 0.9675506170544893 582.4654714668021 0.0 0.0 266.0 260.23601129133357 2.1897195690460465 582.4654053662485 0.9447299591596747 568.727435414127 2.185429420747761 2.2595377847838214 584.7799341461838 
224.00001920431708 3.5374017402884864E-90 48.981080756414485 0.9655038736897994 581.2333319612588 0.0 0.0 266.0 255.98040657579125 2.1850874665834947 581.2332661112094 0.9449873667113211 568.8823947602212 2.222366947416287 2.2595377847838214 584.7799341461838 
225.00050800366628 3.5374017402884864E-90 48.851995522345284 0.9631469722152365 579.814477273572 0.0 0.0 267.0 261.57476054716835 2.171589556064794 579.8144114692996 0.9648527248730963 580.8413403736048 2.2205557568267937 2.1936072866713427 572.2061298545696 
226.00005411747966 3.316091831944099E-90 48.956596337532126 0.9636776744383392 580.1339600118798 0.0 0.0 268.0 260.6134165711934 2.1646789353373874 580.1339546704195 0.9501133524322969 571.9682381642423 2.1946998956901136 2.185429420747761 568.727435414127 
227.0003601564126 3.766151271550082E-90 48.87669916402212 0.9616501871207784 578.9134126467089 0.0 0.0 268.0 261.4452078113047 2.160124655054573 578.9134075546256 0.9494887429786113 571.5922232731178 2.1862792133702387 2.222366947416287 568.8823947602212 
228.0000850093104 4.875759169411467E-90 48.681582860155096 0.9620377383756178 579.1467185021216 0.0 0.0 268.0 257.6171216388291 2.1609951994501055 579.1467134526283 0.9466224772822578 569.8667313239257 2.2120685445855597 2.2205557568267937 580.8413403736048 
229.00053915782695 5.53565087974963E-90 48.740035824306226 0.9656735701113899 581.335489207057 0.0 0.0 269.0 258.945348089583 2.1610984544151846 581.3354842376847 0.9512715073429001 572.6654474204315 2.2115301612690725 2.2205557568267937 580.8413403736048 
230.00120734200974 6.836803266989385E-90 48.48859234921073 0.9643317595085148 580.5277192241259 0.0 0.0 269.0 261.9522983192618 2.158095592851207 580.5277144769746 0.9512468193125164 572.6505852261257 2.186087271997101 2.1862792133702387 571.5922232731178 
231.00124165917612 6.410070464727471E-90 48.41107263377464 0.9653260507593248 581.1262825571138 0.0 0.0 268.0 262.3048978722305 2.16838163404836 581.1262779249606 0.9562877427726307 575.6852211491251 2.194717772405238 2.2120685445855597 569.8667313239257 
232.00001417810375 7.912797417165085E-90 48.45008615392564 0.9665783556085281 581.8801700763352 0.0 0.0 268.0 262.230262889727 2.1711946479148865 581.8801656411903 0.9529875952456663 573.6985323378876 2.1877663013255613 2.2115301612690725 572.6654474204315 
233.00007718972898 7.912797417165085E-90 48.493172043663634 0.9686593012887771 583.1328993758444 0.0 0.0 268.0 263.9170353802434 2.17586901127733 583.1328950223246 0.9590181589591038 577.3289316933825 2.1875394699761803 2.2115301612690725 572.6654474204315 
234.00001313536072 7.3996401825020675E-90 48.493172043663634 0.9650178654583187 580.940755005908 0.0 0.0 268.0 263.3833084684859 2.167689369181785 580.9407509407183 0.9512568285276263 572.6566107736313 2.174232733666759 2.194717772405238 575.6852211491251 
235.0005480945048 6.469063642341724E-90 48.493172043663634 0.9659874734430294 581.5244590127033 0.0 0.0 268.0 267.2145813979294 2.169867369331261 581.5244549807779 0.9544597709155848 574.5847820911872 2.1502748056833383 2.1877663013255613 573.6985323378876 
236.00019601460153 6.18509574629414E-90 48.493172043663634 0.9693082821618951 583.5235858614611 0.0 0.0 270.0 264.4440147554297 2.1611984508841386 583.5235817387177 0.9572789824604623 576.2819474412028 2.1792209892675225 2.1875394699761803 577.3289316933825 
237.00088108968492 5.653254375070773E-90 48.16667779260489 0.9715257942659529 584.8585281481046 0.0 0.0 271.0 263.09834245262795 2.1581495359180036 584.8585242337796 0.9601728227848991 578.024039316509 2.196988525005948 2.174232733666759 572.6566107736313 
238.0001529592375 6.430222574162131E-90 48.20924382185212 0.97326351745988 585.9046375108481 0.0 0.0 270.0 264.8124908692105 2.1700171615767396 585.9046336257197 0.9623019398038999 579.3057677619408 2.187607411797116 2.1502748056833383 574.5847820911872 
239.0007086168823 5.653254375070773E-90 48.12361463687231 0.9712148314329386 584.6713285226288 0.0 0.0 269.0 262.74387087298265 2.1734993484011347 584.6713247199053 0.9708754736323879 584.4670351266951 2.2244744784522186 2.1792209892675225 576.2819474412028 
240.00021036312233 4.511708106782091E-90 48.15784804435461 0.9711128308335446 584.6099241617934 0.0 0.0 269.0 258.72693202315224 2.173271080626936 584.6099206886455 0.9621127366014149 579.1918674340475 2.2386222528322577 2.196988525005948 578.024039316509 
241.00003921089896 5.836824684067126E-90 47.834674439665314 0.9706968173427033 584.3594840403066 0.0 0.0 268.0 265.47458876760544 2.1804458229449115 584.3594805492361 0.9678494219569547 582.6453520180961 2.1947311594788443 2.187607411797116 579.3057677619408 
242.00022827576254 4.759948888720861E-90 47.85620488714379 0.9692412732733949 583.4832465105839 0.0 0.0 268.0 265.39779091880126 2.1771762800326515 583.4832430487504 0.9564116309845444 575.7598018526935 2.16942198297667 2.2244744784522186 584.4670351266951 
243.00022827375167 5.392829840564728E-90 47.877479038760406 0.973662027439529 586.1445405185963 0.0 0.0 268.0 267.3576801703443 2.187106481798442 586.1445371219821 0.9672502618271688 582.2846576199609 2.1779238107129144 2.2386222528322577 579.1918674340475 
244.00014242799995 5.643683360792956E-90 47.877479038760406 0.9743184445535855 586.5397036212584 0.0 0.0 267.0 264.4265027161262 2.1967778084660132 586.5396748604252 0.9634740328248478 580.0113677605615 2.1934691182722705 2.1947311594788443 582.6453520180961 
245.0000357757781 4.923420916838481E-90 47.877479038760406 0.9736767666336836 586.1534135134779 0.0 0.0 266.0 264.02630631571844 2.2035841502139797 586.1533839569183 0.9644707881865705 580.6114144883074 2.199066534658185 2.16942198297667 575.7598018526935 
246.00034273980907 4.923420916838481E-90 47.877479038760406 0.9731902734169924 585.8605445970288 0.0 0.0 266.0 261.92764090659045 2.2024831502777977 585.8605179738939 0.9582506109710377 576.866867804568 2.2023901937493195 2.1779238107129144 582.2846576199609 
247.00001635672544 7.240837890713138E-90 47.884927225907056 0.9730270741215014 585.7622986211442 0.0 0.0 266.0 261.89146603272604 2.202113807009291 585.7622726644714 0.9605894226623104 578.2748324427075 2.208070546179791 2.1934691182722705 580.0113677605615 
248.0003808782741 6.76201054548994E-90 47.892110503721064 0.9731834263356235 585.8564226540453 0.0 0.0 267.0 261.11830839089197 2.194218799862312 585.8564195632375 0.9556598389144091 575.3072230264777 2.2032435280840112 2.199066534658185 580.6114144883074 
249.00113207005103 6.171503492425592E-90 47.872957490383605 0.9745005102370554 586.649307162707 0.0 0.0 267.0 263.2288399147749 2.197188405299577 586.6493042149871 0.9610960072563907 578.5797963683501 2.198010660821496 2.196988525005948 578.024039316509 
250.0002611825863 5.787389781712363E-90 47.834674439665314 0.9728278109208569 585.6423421743556 0.0 0.0 267.0 261.94550110359086 2.1934170010720813 585.6423392862453 0.9702388073726255 584.0837620383172 2.2297911572351503 2.196988525005948 578.024039316509 
251.00064961756271 8.352717461952185E-90 47.79854633572121 0.9802932280591352 590.1365232915997 0.0 0.0 267.0 263.0511699037442 2.2102491396887056 590.1365202968842 0.968516661736014 583.047030365083 2.216477617561753 2.196988525005948 578.024039316509 
252.00053435356136 0.0 0.0 0.0 0.0 0.0 0.0 267.0 257.8369453221747 0.0 0.0 0.9514676621755765 572.7835326296928 2.2214951853156 2.196988525005948 578.024039316509 
253.00002252329318 0.0 0.0 0.0 0.0 0.0 0.0 267.0 259.3331313072889 0.0 0.0 0.6728253103082581 405.04083680557443 1.5618553432173448 2.196988525005948 578.024039316509 
254.00005633956133 0.0 0.0 0.0 0.0 0.0 0.0 267.0 261.2899798228601 0.0 0.0 0.2674613745147237 161.0117474578647 0.6162186072616392 2.196988525005948 578.024039316509 
255.00100484201607 0.0 0.0 0.0 0.0 0.0 0.0 267.0 261.24457949569984 0.0 0.0 0.061728166538065565 37.1603562559153 0.14224354942655174 2.196988525005948 578.024039316509 
256.0004390748757 0.0 0.0 0.0 0.0 0.0 0.0 267.0 260.6675971189383 0.0 0.0 0.00928043272116561 5.586820498141632 0.021432738705887015 1.5618553432173448 405.04083680557443 
257.0007440552203 0.0 0.0 0.0 0.0 0.0 0.0 267.0 261.92055035291884 0.0 0.0 0.0010892018697724669 0.6556995256030231 0.002503429092217147 0.6162186072616392 161.0117474578647 
258.00000616602927 0.0 0.0 0.0 0.0 0.0 0.0 267.0 261.83044123602855 0.0 0.0 2.699073838599865E-4 0.1624842450837115 6.20570489499497E-4 0.6162186072616392 161.0117474578647 
259.0001593702584 0.0 0.0 0.0 0.0 0.0 0.0 267.0 262.75420794353676 0.0 0.0 2.0610793988110567E-4 0.1240769798084272 4.7221690864448536E-4 0.6162186072616392 161.0117474578647 
260.00024624963334 0.0 0.0 0.0 0.0 0.0 0.0 267.0 265.2997250528438 0.0 0.0 1.8386019705269615E-4 0.11068383862572168 4.1720299032980556E-4 0.6162186072616392 161.0117474578647 
261.00013300360314 0.0 0.0 0.0 0.0 0.0 0.0 267.0 264.3874838313447 0.0 0.0 1.7359782763856957E-4 0.10450589223841815 3.9527549006473944E-4 0.6162186072616392 161.0117474578647 
262.0004058324218 0.0 0.0 0.0 0.0 0.0 0.0 267.0 261.3481474513166 0.0 0.0 1.280222048718041E-4 0.07706936733282646 2.9489157694214297E-4 0.6162186072616392 161.0117474578647 
263.00049668111325 0.0 0.0 0.0 0.0 0.0 0.0 267.0 257.9111343939697 0.0 0.0 3.98517886368601E-5 0.02399077675939003 9.301954650295611E-5 0.6162186072616392 161.0117474578647 
264.0003766731474 0.0 0.0 0.0 0.0 0.0 0.0 267.0 260.3220268241665 0.0 0.0 2.660495345955211E-6 0.00160161819826505 6.152449786152197E-6 0.6162186072616392 161.0117474578647 
265.0000895004232 0.0 0.0 0.0 0.0 0.0 0.0 267.0 260.2978644130459 0.0 0.0 3.3320002877412076E-7 2.0058641732202242E-4 7.706033922880284E-7 0.6162186072616392 161.0117474578647 
266.0001392079998 0.0 0.0 0.0 0.0 0.0 0.0 267.0 264.1957272165584 0.0 0.0 2.3267033735118527E-7 1.4006754308541387E-4 5.301658151746036E-7 0.6162186072616392 161.0117474578647 
267.00030102912086 0.0 0.0 0.0 0.0 0.0 0.0 267.0 261.1245413908414 0.0 0.0 2.0620853683749263E-7 1.2413753917617226E-4 4.7539591075956305E-7 6.152449786152197E-6 0.00160161819826505 
268.00057808138394 0.0 0.0 0.0 0.0 0.0 0.0 268.0 261.1155156808554 0.0 0.0 1.978690275877749E-7 1.1911715460784112E-4 4.561856628750867E-7 7.706033922880284E-7 2.0058641732202242E-4 
269.000182054806 0.0 0.0 0.0 0.0 0.0 0.0 268.0 263.49804205699087 0.0 0.0 2.1101154003026717E-7 1.2702894709821922E-4 4.820868728532893E-7 5.301658151746036E-7 1.4006754308541387E-4 
270.00009622378667 0.0 0.0 0.0 0.0 0.0 0.0 268.0 262.5443878141055 0.0 0.0 9.407249231542288E-8 5.663164037388474E-5 2.1570310775023217E-7 4.7539591075956305E-7 1.2413753917617226E-4 
271.0001204596891 0.0 0.0 0.0 0.0 0.0 0.0 268.0 262.2843501895456 0.0 0.0 9.235337342555888E-9 5.5596730802186235E-6 2.119712089646524E-8 4.561856628750867E-7 1.1911715460784112E-4 
272.0001686150608 0.0 0.0 0.0 0.0 0.0 0.0 268.0 255.45346128942728 0.0 0.0 1.0670712745774231E-9 6.423769072956134E-7 2.5146533699451585E-9 4.820868728532893E-7 1.2702894709821922E-4 
273.00015408855637 0.0 0.0 0.0 0.0 0.0 0.0 268.0 265.48168797565984 0.0 0.0 4.569578553380141E-10 2.7508862891348544E-7 1.0361868308548137E-9 2.1570310775023217E-7 5.663164037388474E-5 
274.0000153792114 0.0 0.0 0.0 0.0 0.0 0.0 268.0 264.3584678468166 0.0 0.0 3.843016929152569E-11 2.3134961913498126E-8 8.751360265449774E-11 2.119712089646524E-8 5.5596730802186235E-6 
275.0001266578629 0.0 0.0 0.0 0.0 0.0 0.0 268.0 262.9740675657897 0.0 0.0 1.7215492449214086E-12 1.0363726454426944E-9 3.940968989968637E-12 2.5146533699451585E-9 6.423769072956134E-7 
276.0002121525283 0.0 0.0 0.0 0.0 0.0 0.0 268.0 266.30429406278387 0.0 0.0 1.9292702846572232E-13 1.1614207113636406E-10 4.36125416396712E-13 1.0361868308548137E-9 2.7508862891348544E-7 
277.00033821257983 0.0 0.0 0.0 0.0 0.0 0.0 268.0 264.21443938261126 0.0 0.0 4.067656110120001E-14 2.4487289782922685E-11 9.267960464288791E-14 8.751360265449774E-11 2.3134961913498126E-8 
278.0011144234485 0.0 0.0 0.0 0.0 0.0 0.0 268.0 265.86530945538817 0.0 0.0 2.5077675081588006E-14 1.5096760399116115E-11 5.6783490971579085E-14 3.940968989968637E-12 1.0363726454426944E-9 
279.00003401003636 0.0 0.0 0.0 0.0 0.0 0.0 269.0 266.15033341409895 0.0 0.0 4.767744108452104E-15 2.870181953288197E-12 1.078406296347759E-14 4.36125416396712E-13 1.1614207113636406E-10 
280.00007515214384 0.0 0.0 0.0 0.0 0.0 0.0 268.0 265.0335808131418 0.0 0.0 4.296082300517129E-15 2.586241544911333E-12 9.758165501052963E-15 9.267960464288791E-14 2.4487289782922685E-11 
281.00017994681434 0.0 0.0 0.0 0.0 0.0 0.0 269.0 256.3446767110091 0.0 0.0 2.747865649749284E-15 1.654215121149063E-12 6.453089419968519E-15 9.267960464288791E-14 2.4487289782922685E-11 
282.00003111645884 0.0 0.0 0.0 0.0 0.0 0.0 269.0 261.02859329153796 0.0 0.0 5.783788653333688E-16 3.4818407693068824E-13 1.3338924772191833E-15 1.078406296347759E-14 2.870181953288197E-12 
283.00038327869527 0.0 0.0 0.0 0.0 0.0 0.0 270.0 261.81538986893366 0.0 0.0 8.768162863291127E-17 5.278434043701207E-14 2.0160900573276547E-16 1.078406296347759E-14 2.870181953288197E-12 
284.0003384516264 0.0 0.0 0.0 0.0 0.0 0.0 270.0 263.5582782222057 0.0 0.0 1.2264265429721334E-17 7.38308778869229E-15 2.8013112843557193E-17 1.078406296347759E-14 2.870181953288197E-12 
285.0000423226095 0.0 0.0 0.0 0.0 0.0 0.0 269.0 264.0720336983264 0.0 0.0 -1.3735740539440361E-17 -8.268915804743074E-15 -3.131310684034574E-17 1.078406296347759E-14 2.870181953288197E-12 
286.0005105222522 0.0 0.0 0.0 0.0 0.0 0.0 269.0 264.0836673587256 0.0 0.0 -1.4681004325526195E-18 -8.837964603966721E-16 -3.3466532377261403E-18 1.078406296347759E-14 2.870181953288197E-12 
287.0004196243669 0.0 0.0 0.0 0.0 0.0 0.0 269.0 266.0752890708197 0.0 0.0 4.9949626670612427E-20 3.006967525570895E-17 1.1301190486616547E-19 1.078406296347759E-14 2.870181953288197E-12 
288.0004179174244 0.0 0.0 0.0 0.0 0.0 0.0 269.0 267.84249842201694 0.0 0.0 3.2844460722904E-20 1.9772365355188365E-17 7.38208666349681E-20 1.078406296347759E-14 2.870181953288197E-12 
289.0000012430439 0.0 0.0 0.0 0.0 0.0 0.0 269.0 265.69249653812653 0.0 0.0 1.748572229304111E-21 1.0526404820410763E-18 3.961875084003449E-21 1.078406296347759E-14 2.870181953288197E-12 
290.0005145850166 0.0 0.0 0.0 0.0 0.0 0.0 268.0 266.10586589310935 0.0 0.0 -1.072545399952946E-22 -6.456723307716737E-20 -2.426373911768748E-22 1.078406296347759E-14 2.870181953288197E-12 
291.0001461449745 0.0 0.0 0.0 0.0 0.0 0.0 268.0 264.1710353356417 0.0 0.0 -1.3698073010321568E-22 -8.246239952213588E-20 -3.1215534063892934E-22 7.38208666349681E-20 1.9772365355188365E-17 
292.00121235616535 0.0 0.0 0.0 0.0 0.0 0.0 268.0 263.52281759607655 0.0 0.0 -9.584520438003811E-23 -5.769881303678275E-20 -2.1895186748201266E-22 7.38208666349681E-20 1.9772365355188365E-17 
293.0004162210243 0.0 0.0 0.0 0.0 0.0 0.0 268.0 261.11968034878686 0.0 0.0 -1.776047385447292E-23 -1.0691805260392717E-20 -4.0945995514820224E-23 -2.426373911768748E-22 -6.456723307716737E-20 
294.00023555798043 0.0 0.0 0.0 0.0 0.0 0.0 268.0 264.79205257708577 0.0 0.0 -1.0425924633011969E-24 -6.2764066290731505E-22 -2.3703153353690533E-24 -3.1215534063892934E-22 -8.246239952213588E-20 
295.0001910686721 0.0 0.0 0.0 0.0 0.0 0.0 268.0 264.42539135321 0.0 0.0 -1.555863734837424E-26 -9.36629968372143E-24 -3.5421332406048183E-26 -2.1895186748201266E-22 -5.769881303678275E-20 
296.0001592702362 0.0 0.0 0.0 0.0 0.0 0.0 269.0 262.1240766171521 0.0 0.0 -5.955023412886384E-29 -3.584924094557606E-26 -1.367643957328499E-28 -4.0945995514820224E-23 -1.0691805260392717E-20 
297.00029460453203 0.0 0.0 0.0 0.0 0.0 0.0 268.0 262.9340296928825 0.0 0.0 3.7756846618529575E-30 2.2729621664354925E-27 8.64461009132368E-30 -2.3703153353690533E-24 -6.2764066290731505E-22 
298.0001345329162 0.0 0.0 0.0 0.0 0.0 0.0 268.0 262.21734421876886 0.0 0.0 4.153733544486648E-30 2.5005475937809392E-27 9.536163983472899E-30 -3.5421332406048183E-26 -9.36629968372143E-24 
299.0008828775353 0.0 0.0 0.0 0.0 0.0 0.0 270.0 269.1377514859879 0.0 0.0 2.735350750304472E-30 1.646681151683275E-27 6.118358136647381E-30 -1.367643957328499E-28 -3.584924094557606E-26 
300.00037302203776 0.0 0.0 0.0 0.0 0.0 0.0 270.0 266.109444142931 0.0 0.0 4.447956391827636E-31 2.677669747880199E-28 1.0062287554296592E-30 8.64461009132368E-30 2.2729621664354925E-27 
#####################################################################
# End of data export. Simulation finished at: 2021-12-09T08:54+0000 #
#####################################################################
