#####################################################################
# Alchemist log file - simulation started at: 2021-12-09T08:43+0000 #
#####################################################################
# random = 5.0
#
# The columns have the following meaning: 
# time localWarningInSystem[Min] localWarningInSystem[Max] localWarningInSystem[Mean] localWarningInSystem[Sum] meanWarningAtDetector[Sum] dataAtCollector[Sum] inSurveillanceArea[Sum] numDevicesAtDetector[Sum] localWarningInSurveillanceArea[Mean] localWarningInSurveillanceArea[Sum] sumWarningAtDetector[Mean] sumWarningAtDetector[Sum] meanWarningOverallAtDetector[Sum] meanWarningAtCollector[Sum] sumWarningAtCollector[Sum] 
0.0 0.0 0.0 0.0 0.0 0.0 0.0 0.0 0.0 0.0 0.0 0.0 0.0 0.0 0.0 0.0 
1.0031365367908396 0.0 0.0 0.0 0.0 0.0 0.0 3.0 1.0 0.0 0.0 0.0 0.0 0.0 0.0 0.0 
2.0 0.0 0.0 0.0 0.0 0.0 0.0 174.0 11.373700322466203 0.0 0.0 0.0 0.0 0.0 0.0 0.0 
3.000020504296539 0.0 0.0 0.0 0.0 0.0 0.0 269.0 37.439530815291626 0.0 0.0 0.0 0.0 0.0 0.0 0.0 
4.000058279600622 0.0 0.0 0.0 0.0 0.0 0.0 271.0 94.57649535231134 0.0 0.0 0.0 0.0 0.0 0.0 0.0 
5.000242519605734 0.0 0.0 0.0 0.0 0.0 0.0 271.0 166.04813024668218 0.0 0.0 0.0 0.0 0.0 0.0 0.0 
6.000108952721834 0.0 0.0 0.0 0.0 0.0 0.0 271.0 215.93828830826118 0.0 0.0 0.0 0.0 0.0 0.0 0.0 
7.000172834684242 0.0 0.0 0.0 0.0 0.0 0.0 273.0 242.27247012644523 0.0 0.0 0.0 0.0 0.0 0.0 0.0 
8.000344916664076 0.0 0.0 0.0 0.0 0.0 0.0 273.0 263.4307624458991 0.0 0.0 0.0 0.0 0.0 0.0 0.0 
9.000223234095985 0.0 0.0 0.0 0.0 0.0 0.0 273.0 265.1169018273902 0.0 0.0 0.0 0.0 0.0 0.0 0.0 
10.000059311432988 0.0 0.0 0.0 0.0 0.0 0.0 273.0 267.5889531294982 0.0 0.0 0.0 0.0 0.0 0.0 0.0 
11.000231981456507 0.0 0.0 0.0 0.0 0.0 0.0 273.0 253.01947772075022 0.0 0.0 0.0 0.0 0.0 0.0 0.0 
12.000282439122548 0.0 0.0 0.0 0.0 0.0 0.0 273.0 268.6867037666601 0.0 0.0 0.0 0.0 0.0 0.0 0.0 
13.000378384591624 0.0 0.0 0.0 0.0 0.0 0.0 273.0 250.9521581542187 0.0 0.0 0.0 0.0 0.0 0.0 0.0 
14.000056110090526 0.0 0.0 0.0 0.0 0.0 0.0 273.0 270.47698494167173 0.0 0.0 0.0 0.0 0.0 0.0 0.0 
15.000127793044514 0.0 0.0 0.0 0.0 0.0 0.0 272.0 268.8306855844433 0.0 0.0 0.0 0.0 0.0 0.0 0.0 
16.001473985291724 0.0 0.0 0.0 0.0 0.0 0.0 272.0 258.08579343781844 0.0 0.0 0.0 0.0 0.0 0.0 0.0 
17.000946264305355 0.0 0.0 0.0 0.0 0.0 0.0 272.0 267.0474625211798 0.0 0.0 0.0 0.0 0.0 0.0 0.0 
18.000405525240627 0.0 0.0 0.0 0.0 0.0 0.0 272.0 266.4293377852221 0.0 0.0 0.0 0.0 0.0 0.0 0.0 
19.00041414519643 0.0 0.0 0.0 0.0 0.0 0.0 272.0 271.08567181833075 0.0 0.0 0.0 0.0 0.0 0.0 0.0 
20.000136837248704 0.0 0.0 0.0 0.0 0.0 0.0 272.0 256.9005227547994 0.0 0.0 0.0 0.0 0.0 0.0 0.0 
21.000051193790817 0.0 0.0 0.0 0.0 0.0 0.0 273.0 247.35395324840252 0.0 0.0 0.0 0.0 0.0 0.0 0.0 
22.001358638204735 0.0 0.0 0.0 0.0 0.0 0.0 273.0 269.0482474379536 0.0 0.0 0.0 0.0 0.0 0.0 0.0 
23.000334726503283 0.0 0.0 0.0 0.0 0.0 0.0 273.0 266.31078421214585 0.0 0.0 0.0 0.0 0.0 0.0 0.0 
24.000155005446427 0.0 0.0 0.0 0.0 0.0 0.0 273.0 265.94374986659443 0.0 0.0 0.0 0.0 0.0 0.0 0.0 
25.00023549300411 0.0 0.0 0.0 0.0 0.0 0.0 273.0 268.62711901373484 0.0 0.0 0.0 0.0 0.0 0.0 0.0 
26.000178603629088 0.0 0.0 0.0 0.0 0.0 0.0 272.0 243.94895964335007 0.0 0.0 0.0 0.0 0.0 0.0 0.0 
27.001332343294383 0.0 0.0 0.0 0.0 0.0 0.0 272.0 268.4096568697937 0.0 0.0 0.0 0.0 0.0 0.0 0.0 
28.000750183588394 0.0 0.0 0.0 0.0 0.0 0.0 272.0 269.3248678340783 0.0 0.0 0.0 0.0 0.0 0.0 0.0 
29.000356433670518 0.0 0.0 0.0 0.0 0.0 0.0 273.0 269.4611346389846 0.0 0.0 0.0 0.0 0.0 0.0 0.0 
30.000083693582297 0.0 0.0 0.0 0.0 0.0 0.0 272.0 271.74062945383696 0.0 0.0 0.0 0.0 0.0 0.0 0.0 
31.000858602119575 8.695268805295673E-95 48.077384715930826 1.2595630313257442 758.2569448580967 0.0 0.0 272.0 262.25146336820507 2.7871732294736167 758.1111184168232 0.02527576493458112 15.216010490617695 0.05802068859861492 0.0 0.0 
32.00007472238261 9.03285016979688E-95 48.084062594201214 1.2584437921823752 757.5831628937888 0.0 0.0 272.0 271.48623880332343 2.7847048365344187 757.4397155373616 0.30510951472047837 183.67592786172787 0.6765570463952347 0.0 0.0 
33.00033669238226 1.4628607980429734E-94 48.084062594201214 1.2586115283500814 757.684140066748 0.0 0.0 273.0 270.0413139654364 2.7749127575492727 757.5511828109505 0.7369284032205164 443.6308987387544 1.642826026226255 0.0 0.0 
34.00059577774894 2.432937864111296E-94 48.084062594201214 1.256674355249085 756.5179618599494 0.0 0.0 273.0 270.39383176022386 2.7706608497667617 756.3904119863257 1.0543209077532356 634.7011864674423 2.347321247439823 0.0 0.0 
35.00078129979052 3.182532623741207E-94 48.084062594201214 1.2542099972997534 755.0344183744508 0.0 0.0 274.0 269.3891844227517 2.7551388885750545 754.9080554695647 1.1834719906546716 712.4501383741073 2.6446872390246416 0.0 0.0 
36.00003974531114 4.7598237286699584E-94 48.01572497900132 1.2498082676695208 752.3845771370513 0.0 0.0 274.0 262.27792283920604 2.7454746174313818 752.2600451761981 1.197322827289936 720.7883420285322 2.748185338002786 0.0 0.0 
37.00001806044034 4.4510922909772914E-94 48.02612951319023 1.248846973423734 751.8058780010862 0.0 0.0 274.0 267.21988520711795 2.74337585304728 751.6849837349545 1.2433816088146763 748.5157285064281 2.801122857777838 0.0 0.0 
38.0006207681743 6.654874040640812E-94 48.11372357710123 1.2480870080495905 751.3483788458536 0.0 0.0 273.0 248.26485356882685 2.751761435745395 751.2308719584929 1.1613709583655258 699.1453169360459 2.8161268374712605 2.347321247439823 634.7011864674423 
39.00056357356282 8.452486309039227E-94 48.324011081952854 1.2502344468570041 752.6411370079172 0.0 0.0 273.0 264.5946059407144 2.756504609976033 752.525758523457 1.2077830527868993 727.0853977777159 2.747922223103173 2.748185338002786 720.7883420285322 
40.00026848489281 7.181317471555745E-94 48.55976112899684 1.2538571951107718 754.8220314566852 0.0 0.0 273.0 270.32349425644406 2.764504161063474 754.7096359703285 1.229250413897637 740.0087491663696 2.7374932807888155 2.801122857777838 748.5157285064281 
41.00030685439131 1.1024089778369134E-93 48.70674151014793 1.2569645085792025 756.6926341646804 0.0 0.0 273.0 268.54419755855986 2.7713585346381553 756.5808799562162 1.2012986952154143 723.1818145196833 2.69297129148353 2.8161268374712605 699.1453169360459 
42.00002379023986 1.1458448320208123E-93 48.6613030926431 1.259296443493221 758.0964589829177 0.0 0.0 273.0 267.61505931057815 2.7765099610124127 757.9872193563882 1.2076004971948704 726.9754993113128 2.716496975858254 2.747922223103173 727.0853977777159 
43.000449276941474 1.5974504284968405E-93 48.81211601229868 1.2580714882593222 757.3590359321128 0.0 0.0 272.0 268.30646495581186 2.784020763575526 757.2536476925435 1.2440406551079841 748.9124743750151 2.791257655675034 2.7374932807888155 740.0087491663696 
44.00003237505681 1.3977042908430838E-93 48.85335254107687 1.2556191403752603 755.8827225059067 0.0 0.0 273.0 262.4049733889503 2.768425796090855 755.780242332803 1.2309724179438948 741.0453956022307 2.824052402786645 2.69297129148353 723.1818145196833 
45.00027324271472 1.293286501215468E-93 49.09713993008567 1.2580118178946853 757.3231143726009 0.0 0.0 273.0 245.56858974581473 2.773705550353945 757.2216152466268 1.164711431481135 701.15628175164 2.8552360156378263 2.69297129148353 723.1818145196833 
46.0002976023946 1.5627944654754802E-93 49.399194408442916 1.2554243466727897 755.7654566970186 0.0 0.0 273.0 243.55605908129064 2.768002908748356 755.6647940883017 1.15725347287624 696.6665906715048 2.860395234260961 2.716496975858254 726.9754993113128 
47.00057539531531 1.4618670669512226E-93 49.55752502443978 1.252532155880382 754.0243578399901 0.0 0.0 272.0 268.2563618051353 2.771799584115642 753.9294868794553 1.2531243491099746 754.3808581641989 2.812163905779764 2.791257655675034 748.9124743750151 
48.00004881284368 1.49061182113581E-93 49.55752502443978 1.252118380781356 753.7752652303757 0.0 0.0 272.0 266.2357545208527 2.770892023209567 753.6826303130018 1.238019462266788 745.2877162845978 2.7993524672367913 2.8552360156378263 701.15628175164 
49.000548063540634 1.3788241881294567E-93 49.398096660775806 1.2512620780849302 753.2597710071259 0.0 0.0 272.0 267.8718835071803 2.7690193411562443 753.1732607944978 1.2338894347058897 742.8014396929548 2.772972773281164 2.860395234260961 696.6665906715048 
50.00024611060502 2.513512301766318E-93 49.398096660775806 1.251820405985445 753.5958844032381 0.0 0.0 272.0 258.42201371233364 2.7702566752481212 753.5098156674884 1.1922959510749584 717.7621625471243 2.7774807271106248 2.860395234260961 696.6665906715048 
51.001707959637734 2.513512301766318E-93 49.50771722622348 1.2492625136941433 752.0560332438732 0.0 0.0 272.0 260.4661230861975 2.7646038713305203 751.9722530019009 1.1941460808602573 718.8759406778769 2.759959460985163 2.7993524672367913 745.2877162845978 
52.000112982593365 2.4172648021961295E-93 49.53412838445388 1.2453893775883365 749.7244053081787 0.0 0.0 272.0 261.7615808194057 2.756039853199664 749.6428400703087 1.2076790051517154 727.0227611013294 2.7774234814195906 2.772972773281164 742.8014396929548 
53.001323273000594 2.2353871438006122E-93 49.60931214574208 1.2422897210735566 747.8584120862795 0.0 0.0 272.0 269.99429954074066 2.7491872038738556 747.7789194536886 1.2430842035192005 748.3366905185516 2.771675890163124 2.7774807271106248 717.7621625471243 
54.000095598162055 3.3341388552446436E-93 49.66225697760271 1.239580315906965 746.2273501759913 0.0 0.0 272.0 256.852225951721 2.743198174877039 746.1499035665549 1.1788551475266964 709.6707988110644 2.762953664043609 2.759959460985163 718.8759406778769 
55.00054777762963 3.1193008064159394E-93 49.67743387470389 1.2393738132390262 746.1030355698949 0.0 0.0 272.0 265.6209608016842 2.7427463663610827 746.0270116502143 1.2048978257306144 725.3484910898322 2.7307652562532 2.7774234814195906 727.0227611013294 
56.00005555938653 3.1809538300452026E-93 49.67881382258544 1.2375862630027095 745.0269303276299 0.0 0.0 273.0 269.7184373447141 2.728762472544541 744.9521550046592 1.212530971469782 729.9436448248161 2.706317195112288 2.771675890163124 748.3366905185516 
57.000524837317144 4.419151746487415E-93 49.59608475957838 1.2359211305206808 744.0245205734506 0.0 0.0 272.0 252.26917654895496 2.735123811228474 743.9536766541446 1.1536631312941876 694.5052050390963 2.7530323543285586 2.762953664043609 709.6707988110644 
58.00011727039454 6.849765592514719E-93 49.46070722816374 1.2336664796762649 742.6672207651104 0.0 0.0 273.0 267.7525475828727 2.7201408570647794 742.5984539786849 1.2167754750016275 732.4988359509891 2.7357305936529763 2.762953664043609 709.6707988110644 
59.000031212145025 6.849765592514719E-93 49.46263073750703 1.2353671330986997 743.6910141254157 0.0 0.0 273.0 269.1064467372246 2.7239010383470776 743.624983468752 1.2149040548341672 731.3722410101678 2.717780454083041 2.706317195112288 729.9436448248161 
60.00013281460715 5.924903688160289E-93 49.451640262981854 1.2360501602989782 744.1021964999856 0.0 0.0 274.0 268.1914925796619 2.715465263922761 744.0374823148366 1.2170311427358993 732.652747927009 2.731826952748647 2.7530323543285586 694.5052050390963 
61.000249236216355 5.809486643468875E-93 49.451640262981854 1.2357048742603207 743.894334304714 0.0 0.0 274.0 269.44413041637875 2.714713388824913 743.831468538026 1.2188151340161915 733.7267106777451 2.7231126153830068 2.7357305936529763 732.4988359509891 
62.00003361224735 7.091348662645868E-93 49.42554767235319 1.2333096109835737 742.4523858121125 0.0 0.0 273.0 261.32055343527327 2.7193828786023606 742.3915258584443 1.2039809825900962 724.7965515192416 2.7735918280869827 2.7357305936529763 732.4988359509891 
63.00017533060926 7.375833229312626E-93 49.437630949650355 1.232370861611009 741.887258689826 0.0 0.0 273.0 272.2610845460811 2.7173177108258466 741.8277350554557 1.2440943883038547 748.9448217589292 2.7508331681245752 2.717780454083041 731.3722410101678 
64.00007206553906 9.317324743957504E-93 49.4271952180576 1.231517130203691 741.373312382621 0.0 0.0 274.0 267.6555171207181 2.7055286620548578 741.3148534030312 1.2183068750468036 733.4207387781704 2.7401667137964605 2.731826952748647 732.652747927009 
65.00080076430301 8.781894944978767E-93 49.3679181570824 1.228160260079868 739.3524765680816 0.0 0.0 274.0 271.2638901339029 2.6981580821087827 739.2953144978065 1.2471161171967968 750.7639025524757 2.767651463605713 2.731826952748647 732.652747927009 
66.00001250514458 1.00999002009022E-92 49.26928099084144 1.2271654608126692 738.7536074092274 0.0 0.0 274.0 270.69279230301197 2.695977956999315 738.6979602178124 1.2289480684171068 739.8267371870992 2.7330862077736495 2.731826952748647 732.652747927009 
67.00132765396194 7.547485276408608E-93 49.3196708951588 1.2284974254324947 739.5554501103616 0.0 0.0 273.0 262.284813538256 2.7087924411192446 739.5003364255533 1.1676771655131304 702.9416536389131 2.68006997491063 2.7508331681245752 748.9448217589292 
68.00096889928867 1.0240472539259522E-92 49.18969333722418 1.2291052181349427 739.921341317236 0.0 0.0 275.0 270.02522760786536 2.690427426458903 739.8675422761982 1.2112604542988414 729.1787934878962 2.70040988372694 2.7508331681245752 748.9448217589292 
69.0004435701236 6.83285236611652E-93 49.18969333722418 1.2260541879549653 738.0846211488877 0.0 0.0 275.0 269.83303913724 2.6837588322018893 738.033678855519 1.2079452212184834 727.1830231735163 2.694936933959607 2.7508331681245752 748.9448217589292 
70.0001887615965 7.80274459366934E-93 49.18969333722418 1.2256050095178601 737.8142157297524 0.0 0.0 274.0 260.4869920554165 2.692572281065111 737.7648050118405 1.1885115976247376 715.4839817700863 2.7467167405344863 2.7508331681245752 748.9448217589292 
71.00014326675854 7.959707153379838E-93 49.18969333722418 1.2273583228942624 738.8697103823453 0.0 0.0 275.0 265.5266786262425 2.6866243723395304 738.8217023933713 1.204206789118587 724.9324870493949 2.7301681729308105 2.7508331681245752 748.9448217589292 
72.000061506158 5.941813748919099E-93 49.1446234453914 1.2288185420764286 739.7487623300096 0.0 0.0 275.0 271.1437839188326 2.6898313612833276 739.7036243529151 1.209596712505367 728.1772209282266 2.6855759346716495 2.7508331681245752 748.9448217589292 
73.00024730309424 5.375628744662516E-93 49.15281489836439 1.2278916945425247 739.1908001146007 0.0 0.0 275.0 266.8565136183663 2.6878031957765844 739.1458788385609 1.2130045644450265 730.2287477959031 2.7364096828463 2.7508331681245752 748.9448217589292 
74.00009145804529 4.67025853863048E-93 49.15281489836439 1.2272016219551398 738.7753764169952 0.0 0.0 275.0 268.2283698800982 2.6862972941500702 738.7317558912698 1.2202196912024355 734.5722541038593 2.738607606765173 2.7508331681245752 748.9448217589292 
75.0006832965165 7.095131723153468E-93 49.068508283348166 1.2278960311652918 739.1934107615062 0.0 0.0 275.0 263.56104493677014 2.6878214172585704 739.1508897461068 1.2151244275993904 731.5049054148277 2.7754667067370296 2.7301681729308105 724.9324870493949 
76.00008090677571 6.161258744824184E-93 49.01211193303029 1.2262547797935888 738.2053774357393 0.0 0.0 275.0 268.153756563084 2.684229572812939 738.1631325235581 1.2430122871788338 748.293396881664 2.790538556955198 2.7301681729308105 724.9324870493949 
77.00001719584644 8.03202482699834E-93 48.951157018009695 1.2271472535093306 738.7426466126163 0.0 0.0 276.0 273.9746845662392 2.6764548825070857 738.7015475719554 1.2271047261468335 738.7170451404038 2.6962967265021276 2.7301681729308105 724.9324870493949 
78.00006474029804 8.03202482699834E-93 48.9215233463256 1.2300736079925112 740.504312011493 0.0 0.0 276.0 271.77455563044555 2.6828428917554215 740.4646381244963 1.2168712510326973 732.5564931216783 2.6954565022554804 2.7301681729308105 724.9324870493949 
79.0002986732164 1.010966815919152E-92 48.96720474936643 1.228012084463745 739.2632748471757 0.0 0.0 277.0 270.88701750888174 2.668682738695195 739.2251186185688 1.2208887358697713 734.9750189936096 2.7132161066726335 2.7301681729308105 724.9324870493949 
80.00045555517335 1.7520276654475578E-92 48.887833458086426 1.226910186367287 738.5999321931073 0.0 0.0 277.0 273.0243424784713 2.666295039184733 738.5637258541715 1.232709554870264 742.0911520318944 2.7180402498008407 2.7301681729308105 724.9324870493949 
81.00003981739643 2.2818716502132752E-92 48.83327251292956 1.226154445389692 738.1449761245937 0.0 0.0 277.0 273.49061629983237 2.6646569524564057 738.109975830424 1.2289508295570484 739.8283993933376 2.705132663792206 2.7301681729308105 724.9324870493949 
82.00108951086209 3.69633005293151E-92 48.83327251292956 1.225794031832424 737.9280071631167 0.0 0.0 278.0 275.02500479373134 2.6542957324675958 737.8942136259913 1.233264530053341 742.4252470921167 2.699482716667655 2.7301681729308105 724.9324870493949 
83.00037846817834 3.69633005293151E-92 48.851995522393494 1.2261378512569892 738.1349864567079 0.0 0.0 278.0 271.66509333020383 2.655039866581337 738.1010829096117 1.2150417015814088 731.4551043520092 2.6924883700937583 2.7301681729308105 724.9324870493949 
84.00000288891206 3.406687630613825E-92 48.851995522393494 1.2277283788794822 739.0924840854475 0.0 0.0 278.0 269.4859584911253 2.6584878902432383 739.0596334876203 1.2108637143803918 728.9399560569905 2.704927411203118 2.7301681729308105 724.9324870493949 
85.00021412349021 3.139183304643163E-92 48.70971812418116 1.2249270755250343 737.4060994660684 0.0 0.0 277.0 274.83628045676966 2.6620028810996192 737.3747980645944 1.2190034651384904 733.8400860133696 2.6700990305710346 2.7180402498008407 742.0911520318944 
86.00053140549116 3.285242434950622E-92 48.878871510105846 1.2249749144202422 737.434898480986 0.0 0.0 277.0 274.17906108141955 2.6621090260827454 737.4042002249198 1.2250898568986388 737.5040938529834 2.6898629346242307 2.7180402498008407 742.0911520318944 
87.00044344321867 3.7483176643922894E-92 49.052154839682814 1.2230289906173264 736.2634523516281 0.0 0.0 276.0 270.1161732522346 2.6675152339570483 736.2342045721452 1.2136114961283027 730.5941206692304 2.704740378455611 2.7180402498008407 742.0911520318944 
88.00026962793845 4.8788381940409595E-92 49.04561498844044 1.2285208366664084 739.5695436731771 0.0 0.0 276.0 272.7547797441412 2.679498380650909 739.5415530596508 1.2434478941550546 748.5556322813367 2.744427184680402 2.7180402498008407 742.0911520318944 
89.00071729375105 5.3423341913148924E-92 48.9163596802055 1.2275570028704763 738.9893157280256 0.0 0.0 276.0 265.6382804926652 2.6773969833248246 738.9615673976512 1.1996400084757695 722.1832851024134 2.7186717357265615 2.7180402498008407 742.0911520318944 
90.00009785251677 5.3423341913148924E-92 48.9163596802055 1.2280677643556897 739.2967941421264 0.0 0.0 275.0 267.40078445450274 2.6882555177517875 739.2702673817417 1.2056290505504756 725.7886884313787 2.7142354496528 2.7180402498008407 742.0911520318944 
91.00021384661568 6.403899594725257E-92 48.74382686349937 1.2275845557243539 739.0059025460604 0.0 0.0 276.0 266.8272243440346 2.6774618256052536 738.97946386705 1.2237676108908668 736.7081017563004 2.7609930117416477 2.7180402498008407 742.0911520318944 
92.00002753740426 5.8740271211695204E-92 48.51877241736628 1.2217654351566736 735.5027919643164 0.0 0.0 277.0 273.30265245343935 2.6551537683788027 735.477593840928 1.2754884119419594 767.8440239890647 2.809500811997706 2.744427184680402 748.5556322813367 
93.00050331482322 5.8740271211695204E-92 48.51877241736628 1.2213550247396856 735.2557248932911 0.0 0.0 277.0 266.46270527857274 2.6542672308179074 735.2320229365606 1.266955057225281 762.7069444496273 2.862340317577491 2.7186717357265615 722.1832851024134 
94.0001039586431 5.8740271211695204E-92 48.414569115373915 1.21840401247806 733.4792155117926 0.0 0.0 277.0 268.20644564258805 2.6478583805143114 733.4567714024649 1.2206964088396768 734.8592381214839 2.7399014828329573 2.7142354496528 725.7886884313787 
95.00035135808533 7.704005972423078E-92 48.32589038556847 1.2167607615429328 732.4899784488451 0.0 0.0 277.0 266.97262951255664 2.6442874594890764 732.467626278474 1.21240086462458 729.8653205039922 2.7338582304732633 2.7142354496528 725.7886884313787 
96.00000739133894 1.2084971695212918E-91 48.45062449125114 1.2179113587094157 733.1826379430678 0.0 0.0 277.0 269.9081119547446 2.6467895276563 733.1606991607946 1.2148853831124031 731.3610006336723 2.7096666170459502 2.7142354496528 725.7886884313787 
97.00057180965385 1.4460623556088197E-91 48.467854442869644 1.2153894917796213 731.6644740513326 0.0 0.0 277.0 275.0555932671779 2.64131079858665 731.6430912085016 1.2479168552817266 751.2459468796101 2.7312513007138888 2.7142354496528 725.7886884313787 
98.00025535186677 1.3542376690304737E-91 48.467854442869644 1.2124366773951334 729.8868797918682 0.0 0.0 277.0 273.8775159819682 2.6348989859123044 729.8670190977081 1.2664931723520063 762.4288897559001 2.7838316227685427 2.7142354496528 725.7886884313787 
99.00009000794677 1.5490451209703037E-91 48.467854442869644 1.2121267487324545 729.7003027369384 0.0 0.0 277.0 275.93981915551984 2.634226613807999 729.6807720248157 1.2620427171574187 759.7497157287709 2.753316712513229 2.7142354496528 725.7886884313787 
100.00035157925952 2.149829829837643E-91 48.586746269245644 1.2130329238474926 730.2458201561902 0.0 0.0 277.0 271.09094983652517 2.636198340689033 730.2269403708613 1.2232635670074734 736.4046673385067 2.7164487334696257 2.7142354496528 725.7886884313787 
101.00104069092718 2.5703841356440097E-91 48.50017711891857 1.213414130081728 730.4753063092006 0.0 0.0 277.0 269.28095917400515 2.6370275931617124 730.456643305794 1.24391337664557 748.835852740632 2.780871900626089 2.7142354496528 725.7886884313787 
102.00009859860798 3.5655037807199957E-91 48.34307597945656 1.2131174133708662 730.2966828492614 0.0 0.0 277.0 275.90169156943426 2.6363837765205718 730.278306096198 1.2647807570368925 761.3980157362043 2.759671430084685 2.7142354496528 725.7886884313787 
103.00026467075189 2.9539857403902265E-91 48.09234445127941 1.2126980369652538 730.044218253084 0.0 0.0 277.0 272.5560398757731 2.635473265297214 730.0260944873284 1.261787745060189 759.5962225262277 2.7869359375504583 2.7399014828329573 734.8592381214839 
104.00010410038402 5.32017052760505E-91 48.048813874266436 1.21245686690391 729.8990338761548 0.0 0.0 277.0 271.97920410806813 2.6349511198406064 729.8814601958472 1.2635622661686952 760.6644842335596 2.7967744325456496 2.7399014828329573 734.8592381214839 
105.00031565257034 5.547760016638985E-91 48.09234445127941 1.2130607928699497 730.2625973077096 0.0 0.0 277.0 275.02566174452085 2.636282519028609 730.2502577709241 1.240425052264212 746.7358814630485 2.7151498399328013 2.7399014828329573 734.8592381214839 
106.00073842452319 5.209814474830931E-91 48.09234445127941 1.2116669329754621 729.4234936512296 0.0 0.0 276.0 274.4651938729981 2.642779584000082 729.4071651840221 1.2157855040594876 731.9028734438039 2.666650962607935 2.7399014828329573 734.8592381214839 
107.00034720329384 6.764878122800577E-91 48.14179810346079 1.2126423166522686 730.0106746246674 0.0 0.0 276.0 273.24600554658264 2.644907496497737 729.9944690333756 1.2173971324657167 732.873073744362 2.6820998619115137 2.7399014828329573 734.8592381214839 
108.00018228782909 5.936777441749179E-91 48.03280027198805 1.2095024494947169 728.1204745958208 0.0 0.0 276.0 274.459382842984 2.638060823733934 728.1047873505659 1.2421035501743793 747.7463372049857 2.724433500722274 2.7399014828329573 734.8592381214839 
109.00015692474874 5.936777441749179E-91 47.70702019583361 1.2074966138733725 726.9129615517693 0.0 0.0 277.0 273.9355570223181 2.6241937981116927 726.901682076939 1.217451103606319 732.905564371005 2.675467078234366 2.7399014828329573 734.8592381214839 
110.00005444180375 5.574577155619115E-91 47.51023814206397 1.2062140333556897 726.1408480801239 0.0 0.0 277.0 276.50679482452995 2.62140773788691 726.1299433946738 1.2216615816480259 735.440272152118 2.6597547905425807 2.7399014828329573 734.8592381214839 
111.00033131479513 5.574577155619115E-91 47.49545947814604 1.2054885953647445 725.7041344095775 0.0 0.0 276.0 275.54332846162737 2.6293244259044126 725.6935415496185 1.2348222577037689 743.3629991376627 2.697808011857506 2.7151498399328013 746.7358814630485 
112.0002791880439 6.352155763615852E-91 47.55803635405528 1.2032806197098098 724.3749330653044 0.0 0.0 275.0 276.71760103711233 2.6340522174641587 724.3643598026441 1.2177657116895464 733.0949584371117 2.649253085779649 2.7151498399328013 746.7358814630485 
113.00018457474272 6.352155763615852E-91 47.55803635405528 1.1995968133922832 722.1572816621532 0.0 0.0 276.0 275.9952040780968 2.6164755711835723 722.147257646666 1.2211342984932634 735.1228476929386 2.663534861587396 2.7151498399328013 746.7358814630485 
114.00009809213887 5.574577155619115E-91 47.87614912734806 1.198395565911266 721.4341306785811 0.0 0.0 275.0 275.51164037348593 2.6233614105162886 721.4243878919797 1.2162383549103464 732.175489656038 2.6575119971827497 2.7151498399328013 746.7358814630485 
115.00006969776813 5.574577155619115E-91 47.83228276583556 1.1939167155194224 718.7378627426908 0.0 0.0 277.0 276.8474964875995 2.594687886416065 718.7285445372503 1.2154094123126669 731.6764662122156 2.64288633812872 2.7151498399328013 746.7358814630485 
116.00019445216572 6.654136491929126E-91 47.79615646837972 1.193840023687952 718.6916942601473 0.0 0.0 276.0 268.05582255131884 2.6039225106974917 718.6826129525075 1.1556796108320084 695.7191257208644 2.5954262776279378 2.7151498399328013 746.7358814630485 
117.00014019444684 8.09264283362125E-91 47.79615646837972 1.1927265880042655 718.0214059785668 0.0 0.0 276.0 273.2448400194639 2.6014948738100143 718.0125851715636 1.207689496714969 727.029077022419 2.6607239023091194 2.7151498399328013 746.7358814630485 
118.0003524466586 8.839819588243978E-91 47.928043059733774 1.1915302777553596 717.3012272087269 0.0 0.0 276.0 272.18750236747576 2.5988860727732064 717.2925560854052 1.2221204576369136 735.7165154974297 2.702976841692574 2.7151498399328013 746.7358814630485 
119.00008864651828 1.0090218285396153E-90 47.928043059733774 1.1867802647748145 714.4417193944358 0.0 0.0 276.0 269.0411782571665 2.588527159869486 714.4334961239783 1.1749364525768196 707.311744451252 2.6290092432436456 2.7151498399328013 746.7358814630485 
120.00001105960963 1.0749040211717236E-90 47.898230442347646 1.1848886804277574 713.3029856175092 0.0 0.0 276.0 272.17083550762374 2.584401484667538 713.2948097682411 1.175501467646743 707.6518835233445 2.600028332218286 2.7151498399328013 746.7358814630485 
121.00016074383592 1.0749040211717236E-90 48.02853087964951 1.1828041203638573 712.0480804590404 0.0 0.0 275.0 272.68006449172265 2.589236598064857 712.0400644678361 1.1709945088591194 704.9386943331924 2.5852227064974573 2.649253085779649 733.0949584371117 
122.00020338208593 9.470829236875897E-91 48.05842459809192 1.177890951289508 709.0903526762829 0.0 0.0 275.0 271.6925814274483 2.5784821257716537 709.0825845872043 1.1793879902353948 709.9915701217135 2.6132166229621796 2.649253085779649 733.0949584371117 
123.00012664308505 9.470829236875897E-91 48.02853087964951 1.1760559884302446 707.9857050350074 0.0 0.0 275.0 271.065916249821 2.5744654974033656 707.978011785925 1.1571615349423394 696.611244035294 2.569896111148404 2.649253085779649 733.0949584371117 
124.0002895515466 1.2290102278997546E-90 48.08619971103908 1.1716000913580404 705.3032549975404 0.0 0.0 276.0 269.8496034112284 2.5554201407235384 705.2959588396961 1.1419420693261866 687.4491257343692 2.5475269077448073 2.649253085779649 733.0949584371117 
125.00019706714608 1.5260055917241312E-90 48.02853087964951 1.1702594665761534 704.4961988788461 0.0 0.0 275.0 270.60816557026465 2.561778252904806 704.4890195488216 1.1600067513272212 698.3240642989911 2.580572773284138 2.649253085779649 733.0949584371117 
126.00023157736275 1.4322361017907909E-90 48.02853087964951 1.1722510380451354 705.695124903169 0.0 0.0 275.0 263.656092621908 2.5661388597157315 705.6881864218255 1.1587574726887548 697.5719985586326 2.64576475977354 0.0 0.0 
127.00024211677015 1.4322361017907909E-90 48.02853087964951 1.1663793361498298 702.160360362196 0.0 0.0 275.0 272.2921234585624 2.5532860215054023 702.1536559139857 1.1946814016648324 719.1982038022363 2.6412743588291288 2.649253085779649 733.0949584371117 
128.00053437360998 1.3440941125167356E-90 48.02853087964951 1.162272617053785 699.6881154663781 0.0 0.0 276.0 268.9689271072046 2.535079592282961 699.681967470096 1.155948675301418 695.8811025314437 2.5872174530185865 2.649253085779649 733.0949584371117 
129.00072027195327 1.8608359446844121E-90 48.02853087964951 1.1592752609934844 697.8837071180761 0.0 0.0 277.0 271.4349247927719 2.5194139279900774 697.877658053251 1.1651349969384346 701.4112681569427 2.5840862913732936 2.5475269077448073 687.4491257343692 
130.00004260473864 1.8608359446844121E-90 48.09929162511595 1.1573938728149518 696.7511114345991 0.0 0.0 276.0 267.44017580225557 2.5244401735363886 696.7454878960433 1.1464894001416635 690.1866188852857 2.5807140487209654 2.580572773284138 698.3240642989911 
131.00083895056738 1.8608359446844121E-90 48.13537962513189 1.1584341252831956 697.3773434204844 0.0 0.0 276.0 273.6828678806896 2.526710576335173 697.3721190685072 1.1697436977220883 704.1857060286957 2.5729988562370703 2.64576475977354 697.5719985586326 
132.00011058894646 2.2616074451061802E-90 48.13537962513189 1.1588973419647925 697.6561998628063 0.0 0.0 276.0 270.0394014427453 2.527721227369211 697.6510587539027 1.132682360663814 681.874781119614 2.5250936621713236 2.6412743588291288 719.1982038022363 
133.00033968616285 2.2616074451061802E-90 48.13537962513189 1.1593464444717252 697.9265595719794 0.0 0.0 276.0 270.51370118457925 2.5287013743374116 697.9215793171248 1.1502351223228076 692.4415436383237 2.5597281786694084 2.5872174530185865 695.8811025314437 
134.00000182601542 3.339682756170768E-90 48.13537962513189 1.1554295031832484 695.5685609163166 0.0 0.0 276.0 269.04977472892574 2.5201587000993806 695.5638012274287 1.1681856145939669 703.247739985574 2.613820214843567 2.5840862913732936 701.4112681569427 
135.00033850223107 2.932886027324703E-90 48.16667779268094 1.1552115657226736 695.4373625650508 0.0 0.0 276.0 270.40313248587796 2.5196838875083425 695.4327529523025 1.170324004980172 704.5350509980668 2.605498850997452 2.5807140487209654 690.1866188852857 
136.00001711977617 2.694310927455002E-90 48.16667779268094 1.1536649056293815 694.5062731888868 0.0 0.0 276.0 267.57568740547686 2.516311025361458 694.5018429997623 1.1440938400830323 688.7444917299799 2.5740174617818523 2.5729988562370703 704.1857060286957 
137.00076416591278 3.273825414707606E-90 48.26954305587084 1.1548672169661853 695.2300646136429 0.0 0.0 276.0 269.26334584939275 2.5189337409547607 695.2257125035138 1.1442823198928402 688.8579565754795 2.5583057151818167 2.5250936621713236 681.874781119614 
138.00009669410565 5.155904104554309E-90 48.47243217868444 1.1522366008867542 693.6464337338268 0.0 0.0 277.0 270.4999143673052 2.5041231465526836 693.6421115950931 1.145102752829238 689.3518572031968 2.5484365080690665 2.5597281786694084 692.4415436383237 
139.0006667218654 6.682093755619415E-90 48.47243217868444 1.1531754800379137 694.211638982822 0.0 0.0 280.0 267.7181452830618 2.4793175556351668 694.2089155778459 1.1097263209285837 668.0552451990126 2.495367822351635 2.613820214843567 703.247739985574 
140.00070280658136 6.13744881025501E-90 48.47243217868444 1.1489978002170926 691.6966757306907 0.0 0.0 281.0 270.238075428087 2.4615448187413937 691.6940940663317 1.1380438225185365 685.1023811561539 2.5351808033374867 2.605498850997452 704.5350509980668 
141.0014786227825 6.13744881025501E-90 48.45412382948051 1.1483705599452645 691.3190770870507 0.0 0.0 281.0 271.4359365723912 2.460201273760009 691.3165579265631 1.1450058119043767 689.2934987664355 2.539433457008751 2.5740174617818523 688.7444917299799 
142.00067793018596 5.057658338083406E-90 48.45412382948051 1.143700311452425 688.5075874943589 0.0 0.0 281.0 271.19521287712627 2.4501965139681374 688.5052204250464 1.1551598629160253 695.4062374754367 2.5642275543798516 2.5583057151818167 688.8579565754795 
143.00038907411465 5.057658338083406E-90 48.45412382948051 1.1416879886485474 687.2961691664266 0.0 0.0 281.0 270.3024170613008 2.4458858643841834 687.2939278919546 1.1161789029404823 671.9396995701643 2.485881209925614 2.5484365080690665 689.3518572031968 
144.0004849974027 6.143043256723415E-90 48.51445982929775 1.1396253133643413 686.0544386453332 0.0 0.0 281.0 274.911474079583 2.441467091561339 686.0522527287357 1.1194095594361557 673.8845547805654 2.451278387112665 2.495367822351635 668.0552451990126 
145.00006345033052 6.143043256723415E-90 48.51445982929775 1.1394846374240186 685.9697517292574 0.0 0.0 281.0 272.4995640069424 2.441166182612914 685.9676973142282 1.1137812546346324 670.4963152900543 2.460540873646947 2.495367822351635 668.0552451990126 
146.00050426321087 1.2519980640474898E-89 48.52820754040836 1.134395144806335 682.9058771734148 0.0 0.0 281.0 275.5102616480675 2.4302628155477644 682.903851168922 1.1344867973895463 682.9610520284996 2.47889515237332 2.539433457008751 689.2934987664355 
147.00010067715252 1.7296778387985774E-89 48.68158286016663 1.1311522129073266 680.9536321702093 0.0 0.0 281.0 269.0883320776284 2.42331563723614 680.9516940633544 1.0981939717160683 661.1127709730744 2.456861528958276 2.5642275543798516 695.4062374754367 
148.00038758800267 1.7296778387985774E-89 48.605914821729776 1.129008649861937 679.6632072168837 0.0 0.0 281.0 270.9194040191572 2.4187236151597844 679.6613358598984 1.1081709872887222 667.1189343478186 2.46242581539359 2.485881209925614 671.9396995701643 
149.00004511705902 2.5482372291217893E-89 48.605914821729776 1.1258408650396239 677.756200753854 0.0 0.0 281.0 270.4602336090489 2.4119374541043133 677.7544246033115 1.113177289378248 670.1327282057031 2.477749572509732 2.451278387112665 673.8845547805654 
150.0001131718414 3.752673443140258E-89 48.83978404994303 1.1241042680738662 676.7107693804667 0.0 0.0 281.0 269.49168836063546 2.408217477080511 676.709111059623 1.0986937851030698 661.413658632055 2.4543007714098666 2.485881209925614 671.9396995701643 
151.00008250774374 3.596006987759208E-89 48.797745671709805 1.123895109376526 676.5848558446675 0.0 0.0 281.0 277.51831029420305 2.4077695587238837 676.5832460014115 1.1123762012235026 669.6504731365485 2.412995641356557 2.485881209925614 671.9396995701643 
152.00099181065454 4.861226276756892E-89 48.97019728111389 1.1225817241295715 675.7941979260004 0.0 0.0 281.0 272.0778212565963 2.404956009103316 675.7926385580311 1.0647197323415394 640.9612788696004 2.3558012774040504 2.485881209925614 671.9396995701643 
153.0004087410152 4.861226276756892E-89 49.179583161706574 1.120146628558147 674.3282703920052 0.0 0.0 281.0 277.66352398013834 2.399739476192016 674.3267928099558 1.106399278200655 666.052365476793 2.3987751647365707 2.485881209925614 671.9396995701643 
154.00004576087088 4.861226276756892E-89 49.179583161706574 1.118478895114825 673.324294859126 0.0 0.0 281.0 277.21476986419873 2.396166644844357 673.3228272012642 1.1240588072956788 676.6834019919997 2.441007751222966 2.47889515237332 682.9610520284996 
155.00000010688774 4.861226276756892E-89 49.09795822251573 1.1204281627135406 674.4977539535527 0.0 0.0 280.0 274.1176690986679 2.4089154100133365 674.4963148037345 1.1013034900229728 662.984700993827 2.4186135216084432 2.47889515237332 682.9610520284996 
156.00013834056273 4.4618228492920484E-89 49.15035731915724 1.1214031610456485 675.0847029494788 0.0 0.0 278.0 266.8885116470277 2.428357269046483 675.0833207949219 1.1046859912508225 665.020966732988 2.491755687155649 2.47889515237332 682.9610520284996 
157.00054489998433 6.0975724104853664E-89 49.12224043781015 1.116735518554195 672.2747821696262 0.0 0.0 277.0 274.8030972524032 2.4269799475255063 672.2734454645648 1.1203428925401249 674.4464213091502 2.454289737097394 2.3558012774040504 640.9612788696004 
158.00094218285057 6.42571168676872E-89 49.31967089524641 1.1137398395799758 670.4713834271455 0.0 0.0 280.0 270.618359107235 2.3945360797982316 670.4701023435043 1.1020698911975366 663.4460745009134 2.4515929986775835 2.3558012774040504 640.9612788696004 
159.00046515877017 6.42571168676872E-89 49.31967089524641 1.1118840628792754 669.3542058533238 0.0 0.0 277.0 274.10448845318484 2.4164367299167915 669.3529741869507 1.1175410747766805 672.7597270155621 2.4543915016206124 2.3558012774040504 640.9612788696004 
160.0000176282862 6.42571168676872E-89 49.39123629040355 1.1078459786794639 666.9232791650359 0.0 0.0 278.0 272.3137894280104 2.3990002932949834 666.9220815360056 1.0800918627699256 650.2153013874915 2.3877428416432953 2.3558012774040504 640.9612788696004 
161.00009115229287 5.8972442814388263E-89 49.326795362296075 1.1076223697274286 666.7886665759129 0.0 0.0 278.0 271.3787606628783 2.3985162762784293 666.7875248054033 1.090880307689578 656.7099452291244 2.4199017772246587 2.3558012774040504 640.9612788696004 
162.0002626967773 6.025240484533315E-89 49.35420675099867 1.1047935406558056 665.0857114747947 0.0 0.0 277.0 271.6906389792265 2.4010274949265487 665.0846160946537 1.114992952906852 671.2257576499231 2.4705516545280943 2.3558012774040504 640.9612788696004 
163.00009349394264 6.025240484533315E-89 49.36133620687245 1.1019288642405523 663.3611762728133 0.0 0.0 278.0 271.8035224461515 2.38618751882774 663.3601302341117 1.0835242233106983 652.2815824330422 2.399827553972445 2.3558012774040504 640.9612788696004 
164.00032395630865 4.9644742122894746E-89 49.445047150551176 1.0991028659783941 661.6599253189951 0.0 0.0 280.0 274.4381625488422 2.3630675105816277 661.6589029628562 1.1093599412470465 667.8346846307152 2.4334614341832275 2.3558012774040504 640.9612788696004 
165.00080838856493 4.9644742122894746E-89 49.515143940871965 1.0996848133409234 662.0102576312365 0.0 0.0 280.0 273.3560920983414 2.36431878336878 662.0092593432583 1.086538810532686 654.0963639406758 2.392836241254726 2.3558012774040504 640.9612788696004 
166.00025052372206 4.6532104143621686E-89 49.590298887241616 1.0975161894070529 660.704746023047 0.0 0.0 281.0 269.41612498371774 2.351258957367188 660.7037670201798 1.0739492367256802 646.5174405088504 2.3996983868278967 2.3558012774040504 640.9612788696004 
167.0000092684077 5.6437047835030754E-89 49.6211646749417 1.0973519286252216 660.6058610323826 0.0 0.0 283.0 271.4479711333074 2.3342929599825903 660.6049076750726 1.089379105656195 655.8062216050307 2.4159555102475454 2.4186135216084432 662.984700993827 
168.000009953681 7.298700232507887E-89 49.67081065848415 1.0929349260189707 657.9468254634212 0.0 0.0 281.0 271.43026723527316 2.3414444868934177 657.9459008170497 1.0597501676995402 637.9696009551235 2.3503996346956306 2.4186135216084432 662.984700993827 
169.0000559189008 8.850255086430892E-89 49.67081065848415 1.0908656545843438 656.7011240597759 0.0 0.0 281.0 275.3319185441331 2.3370114502436943 656.7002175184783 1.1004027931525642 662.4424814778404 2.4059777921158716 2.4186135216084432 662.984700993827 
170.0001245632249 7.448915893604906E-89 49.770251687663986 1.0862343624622546 653.9130862022766 0.0 0.0 281.0 273.0752246339841 2.327089724379244 653.9122125505677 1.075824026313956 647.6460638410047 2.3716763932322165 2.392836241254726 654.0963639406758 
171.00073934854376 7.448915893604906E-89 49.78490841947717 1.083008311715796 651.971003652908 0.0 0.0 283.0 271.17267778983154 2.303781492201176 651.9701622929334 1.058543707942296 637.2433121812592 2.349953975360104 2.392836241254726 654.0963639406758 
172.00044460328823 6.539986955221327E-89 49.805656453499395 1.0772791208786783 648.5220307689631 0.0 0.0 282.0 274.5321485794513 2.2997207953067753 648.5212642765105 1.069945663719504 644.1072895591462 2.3461998636299515 2.392836241254726 654.0963639406758 
173.0007372004712 5.866071567177528E-89 49.80814679859119 1.073106929806879 646.0103717437407 0.0 0.0 282.0 273.69640437062134 2.2908142561154956 646.0096202245699 1.0450599331666854 629.1260797663457 2.2986274927982806 2.4159555102475454 655.8062216050307 
174.00005944331136 5.866071567177528E-89 49.79016377048979 1.071426740034142 644.9988975005539 0.0 0.0 281.0 275.25821191897165 2.295367117066699 644.9981598957421 1.0364124560107935 623.9202985184978 2.2666727875939356 2.4159555102475454 655.8062216050307 
175.00004353206344 5.866071567177528E-89 49.77910051893665 1.0724169031945163 645.5949757231 0.0 0.0 281.0 273.2105178075079 2.2974885089215666 645.5942710069605 1.0415643228124403 627.0217223330818 2.2950131179607576 2.4159555102475454 655.8062216050307 
176.0000667382453 5.866071567177528E-89 49.84994783024468 1.0690473181317257 643.5664855152995 0.0 0.0 281.0 274.8778198247476 2.2902698548527183 643.5658292136135 1.0630505319584145 639.9564202389683 2.3281486321704024 2.4159555102475454 655.8062216050307 
177.0001541673726 7.892456209036709E-89 49.787950923511076 1.069839005100862 644.0430810707173 0.0 0.0 281.0 278.6969055489464 2.2919659251969318 644.0424249803377 1.0884991018677492 655.2764593243867 2.3512154109988965 2.4159555102475454 655.8062216050307 
178.000435845426 8.589024529994414E-89 49.81008381975764 1.0673650973803686 642.5537886229813 0.0 0.0 282.0 268.87115126967467 2.2785572082774648 642.5531327342451 1.0334177614043971 622.1174923654461 2.3138127293599804 2.4159555102475454 655.8062216050307 
179.00055042380563 8.589024529994414E-89 49.828904517282965 1.0650672298373993 641.1704723621149 0.0 0.0 282.0 274.58675946106837 2.273651897860152 641.1698351965629 1.0505684159118338 632.4421863789199 2.3032508472739717 2.4159555102475454 655.8062216050307 
180.00032522146876 6.644693087855781E-89 49.828904517282965 1.0620813121672514 639.3729499246841 0.0 0.0 282.0 273.51051686659133 2.267277766332367 639.3723301057271 1.0505996360627847 632.4609809097927 2.312382676013459 2.2950131179607576 627.0217223330818 
181.00142435131121 6.644693087855781E-89 49.828904517282965 1.0620083669510256 639.3290369045178 0.0 0.0 282.0 276.46656406208507 2.267122113923333 639.32843612638 1.0504419694580442 632.3660656137423 2.2873148069787352 2.3281486321704024 639.9564202389683 
182.00035179705162 8.055339559052756E-89 49.857979857727415 1.0560125421760593 635.7195503899876 0.0 0.0 283.0 278.18302509206126 2.2463574072449815 635.7191462503289 1.065961334227069 641.7087232046897 2.3067860556636197 2.3512154109988965 655.2764593243867 
183.00072599355065 5.6996332894035626E-89 49.918954643434645 1.0552586698653246 635.2657192589243 0.0 0.0 282.0 277.8495898924312 2.252714000429527 635.2653481211267 1.0468735794728896 630.2178948426695 2.268198038682212 2.3138127293599804 622.1174923654461 
184.00036329976194 6.2222723576519266E-89 49.915349515789444 1.0521522385843471 633.3956476277762 0.0 0.0 283.0 276.7316712524034 2.238145906481896 633.3952915343767 1.0240376477301614 616.4706639335585 2.2276838106155314 2.3032508472739717 632.4421863789199 
185.00074562981686 6.2222723576519266E-89 49.915349515789444 1.04993742169262 632.0623278589571 0.0 0.0 284.0 279.4418110602179 2.2255703459517573 632.0619782502991 1.0429419667502302 627.8510639836325 2.2468043046297557 2.312382676013459 632.4609809097927 
186.00018163015358 6.2222723576519266E-89 49.87543320485828 1.0501820000384234 632.2095640231322 0.0 0.0 284.0 279.3633354142241 2.226088821211678 632.2092252241167 1.0406867187132014 626.4934046653536 2.2425756183660424 2.2873148069787352 632.3660656137423 
187.00020029506916 7.367426830312389E-89 49.88624071946413 1.0487210836254126 631.3300923424963 0.0 0.0 284.0 271.7236287263998 2.222992127908097 631.3297643258992 0.9956578043339321 599.3859982090277 2.2058663098914857 2.3067860556636197 641.7087232046897 
188.0000384533873 1.1082698191436667E-88 49.89732778257964 1.046661126410874 630.0899980993446 0.0 0.0 284.0 278.08686901718454 2.218625647345452 630.0896838461076 1.046584696399061 630.0439872322394 2.2656373149114977 2.268198038682212 630.2178948426695 
189.0000230858483 9.504212970029116E-89 49.89732778257964 1.0479144017737245 630.8444698677828 0.0 0.0 284.0 279.1512674186637 2.2212822879148453 630.8441697678159 1.0242645546641176 616.6072619077978 2.208864274948917 2.2276838106155314 616.4706639335585 
190.00008232140144 9.931293449051803E-89 49.89538736867608 1.044431681675245 628.7478723684969 0.0 0.0 284.0 276.8202626938018 2.213899938533453 628.7475825435 1.0339843907120867 622.4586032086775 2.248602024835138 2.2468043046297557 627.8510639836325 
191.00015235825816 1.368083956379493E-88 49.89538736867608 1.0448595519509378 629.0054502744647 0.0 0.0 284.0 276.6496178416958 2.2148069492674556 629.005173591958 1.0220672958703418 615.2845121139421 2.2240569747181786 2.2425756183660424 626.4934046653536 
192.00004840447014 1.2256103524841313E-88 49.89538736867608 1.0453146800890714 629.27943741362 0.0 0.0 284.0 280.633330698276 2.215771731327405 629.2791716969834 1.0374875585619667 624.5675102542998 2.2255642574609427 2.2058663098914857 599.3859982090277 
193.0004874009094 1.5763398884858003E-88 49.8732165681403 1.0421575995325412 627.3788749185907 0.0 0.0 284.0 281.2834477240793 2.2090796410282536 627.3786180520244 1.0524660584695211 633.5845671986548 2.2524772514170825 2.2656373149114977 630.0439872322394 
194.0000693622603 1.4786557696311245E-88 49.82226110624348 1.0392375367040236 625.620997095823 0.0 0.0 283.0 275.91468553753424 2.2106740596635763 625.6207588847924 1.0065987716859395 605.9724605549403 2.196231271178592 2.2656373149114977 630.0439872322394 
195.00036590601755 1.90971808833809E-88 49.693995779481845 1.0379335913943437 624.8360220193936 0.0 0.0 284.0 278.7566725707262 2.2001260374167084 624.8357946263453 1.0284654067063006 619.136174837203 2.221063155645595 2.248602024835138 622.4586032086775 
196.00025224166995 1.5454095663933264E-88 49.693995779481845 1.0379135582523318 624.8239620679045 0.0 0.0 284.0 279.9637328979804 2.2000835738929143 624.8237349855883 1.0234181152899002 616.0977054045255 2.200633985792129 2.2240569747181786 615.2845121139421 
197.00050259990624 1.5454095663933264E-88 49.693995779481845 1.034052046930346 622.4993322520686 0.0 0.0 284.0 279.428298113072 2.1918982964228193 622.4991161840808 1.0195538507129196 613.7714181291732 2.1965256284845123 2.2255642574609427 624.5675102542998 
198.00040704776262 2.747355923092562E-88 49.69813711834693 1.0295933212849981 619.8151794135701 0.0 0.0 284.0 279.074706277759 2.1824470679389276 619.8149672946557 1.0192854432094824 613.6098368121051 2.1987296699020376 2.2255642574609427 624.5675102542998 
199.0002202825875 2.2133465218602552E-88 49.68488604866321 1.0293272107923017 619.6549808969658 0.0 0.0 284.0 273.69493915150565 2.1818830081957716 619.6547743275987 0.9926774877267514 597.5918476115071 2.183423082151717 2.2255642574609427 624.5675102542998 
200.00000499310448 3.221044331142653E-88 49.67605396513506 1.027397396233856 618.4932325327809 0.0 0.0 284.0 278.5878391421192 2.177792399135949 618.4930413546094 1.019169596668363 613.5400971943508 2.20232189274191 2.2255642574609427 624.5675102542998 
201.0002039913136 3.367281133086861E-88 49.51734466276789 1.024666105784731 616.8489956824076 0.0 0.0 284.0 280.8531010921768 2.1720028436235954 616.8488075891013 1.0242973551314973 616.6270077891629 2.1955499347923673 2.2255642574609427 624.5675102542998 
202.00019236710358 3.367281133086861E-88 49.53853161370725 1.026887368478996 618.186195824355 0.0 0.0 284.0 277.0116573932162 2.1767113367092215 618.186019625419 0.982599801460445 591.5250804791824 2.1353797383317934 2.2255642574609427 624.5675102542998 
203.00004628953243 4.93674216736735E-88 49.50111663725051 1.0260576681769034 617.6867162424968 0.0 0.0 283.0 280.8337532659519 2.1826377371691286 617.6864796188637 1.010957130289001 608.5961924339755 2.1671048631309993 2.2255642574609427 624.5675102542998 
204.00002682802796 4.618587704532111E-88 49.4673024287215 1.02423216451683 616.5877630391319 0.0 0.0 283.0 275.240844802983 2.178754526340733 616.5875309544272 0.9781957126298075 588.873819003149 2.1394855818897955 2.2255642574609427 624.5675102542998 
205.00015711103956 3.888927494416591E-88 49.37943868204761 1.0248587097802746 616.9649432877245 0.0 0.0 283.0 279.7023606798256 2.180087354462344 616.9647213128433 1.0032803066469302 603.9747446014571 2.159348041015732 2.2255642574609427 624.5675102542998 
206.00051707415662 5.70000324778003E-88 49.37943868204761 1.0233863406294694 616.0785770589398 0.0 0.0 285.0 282.6499317456617 2.1616786885244696 616.078426229473 1.0126791298899658 609.6328361937636 2.1568476327895687 2.1955499347923673 616.6270077891629 
207.00011788605752 6.192328510674902E-88 49.35612611862881 1.023560039236209 616.1831436201979 0.0 0.0 285.0 280.60545137244424 2.1620456140139495 616.1829999939756 1.0130906818987595 609.8805905030625 2.173445268151884 2.1353797383317934 591.5250804791824 
208.00079328270553 8.269439605530773E-88 49.30789038102342 1.0227181771171219 615.6763426245077 0.0 0.0 283.0 274.45290849586695 2.175534073124561 615.67614269425 0.9733033380338695 585.9286094963925 2.1348967030721635 2.1671048631309993 608.5961924339755 
209.000043659522 7.281717425663645E-88 49.33227642170311 1.017760845926055 612.6920292474849 0.0 0.0 283.0 282.63367858810375 2.1649888185830473 612.6918356590022 1.0222222385000332 615.3777875770205 2.177298157286632 2.1394855818897955 588.873819003149 
210.00033347281516 9.390723121344375E-88 49.29364793664228 1.017229318618276 612.3720498082032 0.0 0.0 284.0 277.93823457750494 2.1562389726919564 612.3718682445161 0.9895573723238051 595.7135381389337 2.143330654181064 2.159348041015732 603.9747446014571 
211.00041738073094 8.028831228375307E-88 49.175485033809544 1.01602650860429 611.6479581797819 0.0 0.0 285.0 281.6680334632924 2.146132754951935 611.6478351613015 1.0078042963081206 606.6981863774853 2.1539476060443743 2.1568476327895687 609.6328361937636 
212.0005517032078 1.0587069639282164E-87 49.20499917816683 1.0172361899190447 612.376186331266 0.0 0.0 283.0 280.1608146022772 2.1638728454037772 612.3760152492692 1.0131167028955284 609.8962551431143 2.1769506060615123 2.173445268151884 609.8805905030625 
213.00038924556307 8.749676642234885E-88 48.952244833508786 1.0129756481388597 609.8113401795927 0.0 0.0 283.0 282.7812004553265 2.154809788148695 609.8111700460803 1.023507020209835 616.1512261663199 2.1788974131738965 2.1348967030721635 585.9286094963925 
214.00005829412228 8.749676642234885E-88 48.89136437343045 1.0133790258239048 610.0541735459888 0.0 0.0 285.0 280.8870759685758 2.140540550685437 610.0540569453486 0.9969552290819799 600.1670479073584 2.1366844517065 2.177298157286632 615.3777875770205 
215.0000359971681 1.0313118694746195E-87 48.76549560148006 1.0095340450733898 607.7394951341813 0.0 0.0 285.0 283.60358106155803 2.1324188835595477 607.7393818144712 1.0022574805608975 603.3590032976582 2.1274731476916546 2.143330654181064 595.7135381389337 
216.0011838237297 1.4542939721788133E-87 48.607265004673366 1.0091376664703509 607.5008752151509 0.0 0.0 285.0 281.5584611279138 2.1315816354013695 607.5007660893904 0.9923768903460822 597.4108879883499 2.1218005155843724 2.1539476060443743 606.6981863774853 
217.00004164878527 1.2477163805253218E-87 48.64913928722071 1.0068814647635431 606.1426417876534 0.0 0.0 285.0 282.40280140305765 2.126815902095648 606.1425320972598 0.9972203762486979 600.3266665017218 2.125781555703866 2.1769506060615123 609.8962551431143 
218.00002221978517 1.1404282773275599E-87 48.56218917772065 1.00432769836344 604.6052744147902 0.0 0.0 285.0 282.5726561920183 2.1214216509080916 604.6051705088063 0.9938044872516311 598.2703013254796 2.117226448545444 2.1788974131738965 616.1512261663199 
219.00044717653233 1.1404282773275599E-87 48.419948810768176 1.0006331633179804 602.3811643174245 0.0 0.0 285.0 281.4256407203111 2.11361775919344 602.3810613701302 0.9782258432041405 588.891957608891 2.0925312850016704 2.1366844517065 600.1670479073584 
220.00015351303722 9.101446994339209E-88 48.4920944294498 0.9998446169268231 601.906459389947 0.0 0.0 285.0 280.277387077341 2.11195213537145 601.9063585808627 0.9753659038500804 587.1702741177498 2.09496128189508 2.1274731476916546 603.3590032976582 
221.00102448922243 9.309533352213415E-88 48.35086521341652 0.9993967524578873 601.6368449796485 0.0 0.0 285.0 281.66075212033206 2.111006128114539 601.6367465126438 0.9765522445082364 587.8844511939619 2.0872075600465765 2.1218005155843724 597.4108879883499 
222.0000917168729 9.919586023481573E-88 48.282416650219815 0.9989341279275802 601.3583450124039 0.0 0.0 284.0 277.69185830239155 2.117458627891699 601.3582503212426 0.9693659603459337 583.5583081282468 2.1014599120611708 2.125781555703866 600.3266665017218 
223.00097284416123 1.5463859146274907E-87 48.305758792147145 1.0002300372426962 602.1384824201017 0.0 0.0 285.0 281.36457985716874 2.1127662852365288 602.1383912924106 0.9881393745502635 594.8599034792545 2.11419612156309 2.117226448545444 598.2703013254796 
224.00023477683447 1.451396354260952E-87 48.305758792147145 1.001354852347319 602.815621113087 0.0 0.0 285.0 281.23541663501146 2.115142226987602 602.8155346914665 0.9791885558285536 589.4715106087879 2.0960073864871953 2.117226448545444 598.2703013254796 
225.00089899591154 1.3872229537281847E-87 48.186751423393915 0.9993577066098706 601.6133393791424 0.0 0.0 285.0 280.18670002072975 2.110923698979236 601.6132542090818 0.9801954154810614 590.0776401195939 2.1060158818242862 2.09496128189508 587.1702741177498 
226.00050543968518 1.5050332407633962E-87 48.13136851035622 0.9972324514053891 600.3339357460441 0.0 0.0 285.0 279.2975900265032 2.106434571860355 600.333852980201 0.9745197278478804 586.6608761644203 2.1004867106398972 2.09496128189508 587.1702741177498 
227.00017581231387 1.904396165443527E-87 48.023194672422456 0.9938209625992244 598.2802194847319 0.0 0.0 285.0 279.44050003974695 2.0992285601360985 598.280139638788 0.9726470252573097 585.5335092048948 2.0953781184961016 2.09496128189508 587.1702741177498 
228.00058635814236 2.45334861654501E-87 48.023194672422456 0.9944210356151821 598.6414634403385 0.0 0.0 285.0 282.17477829322024 2.1004960838042113 598.6413838841997 0.9875949918808465 594.532185112277 2.1069643031471523 2.09496128189508 587.1702741177498 
229.00036568344407 1.8956981868233087E-87 47.624664233338585 0.9925799415326415 597.5331248026498 0.0 0.0 285.0 281.0100258660848 2.0966071810740448 597.5330466061022 0.9758222476745705 587.4449931000925 2.09047699024105 2.0960073864871953 589.4715106087879 
230.00007416981506 1.5528857665720987E-87 47.47013532008608 0.9910241253950243 596.596523487805 0.0 0.0 285.0 278.89031412814893 2.0933208689035583 596.5964476375141 0.9492372832328086 571.4408445061551 2.048980604767724 2.1060158818242862 590.0776401195939 
231.0006770191395 1.4178437152682305E-87 47.30296627259759 0.9862046326233577 593.6951888392608 0.0 0.0 284.0 281.865817558289 2.0904757645570218 593.6951171341942 0.9741361905758852 586.4299867266776 2.0805289261632645 2.1004867106398972 586.6608761644203 
232.00127080467882 2.6698601586365986E-87 46.76885312635906 0.9856290421517128 593.3486833753311 0.0 0.0 284.0 279.8683727362983 2.0892556921737566 593.3486165773469 0.9682137779814056 582.8646943448093 2.0826386656201583 2.0953781184961016 585.5335092048948 
233.00032198217573 2.731326004070053E-87 46.540763406878824 0.9813644466503684 590.7813968835206 0.0 0.0 285.0 281.6530150470005 2.0729169459361936 590.7813295918148 0.9720567253117671 585.1781486376884 2.0776562556592464 2.0953781184961016 585.5335092048948 
234.00018344427596 2.731326004070053E-87 46.15761230254224 0.9811561524754087 590.6560037901963 0.0 0.0 284.0 280.10010634489447 2.0797744386952655 590.6559405894557 0.9597665273865656 577.7794494867087 2.062760550241541 2.0953781184961016 585.5335092048948 
235.00000307766376 4.528081401585095E-87 46.15761230254224 0.9781528024607415 588.8479870813665 0.0 0.0 285.0 276.4175317517506 2.066133085273198 588.847929302861 0.9479337349152923 570.656108419007 2.064471471120402 2.0953781184961016 585.5335092048948 
236.0002875504688 3.7731051818144114E-87 46.05899180522622 0.9780193212756026 588.7676314079122 0.0 0.0 284.0 279.23652663476673 2.0731252690228956 588.7675764025018 0.9630280314743381 579.7428749475478 2.076171344538441 2.0805289261632645 586.4299867266776 
237.0007307771682 3.5422011161556372E-87 46.05899180522622 0.9769764829752939 588.1398427511261 0.0 0.0 283.0 275.5823180057271 2.0782323992836726 588.1397689972792 0.9369799279473499 564.0619166243131 2.0468001020754563 2.0805289261632645 586.4299867266776 
238.00013338824465 4.509629434192978E-87 46.05899180522622 0.9707006463544713 584.3617891053912 0.0 0.0 284.0 278.7479787202067 2.0576116822650574 584.361717763276 0.9704523255232289 584.2122999649844 2.0958440762413115 2.0805289261632645 586.4299867266776 
239.00004936406438 3.5842466704152717E-87 45.81603397003599 0.969154207989587 583.4308332097316 0.0 0.0 283.0 278.91752129647716 2.061592806071377 583.4307641181997 0.9674298142469188 582.3927481766383 2.0880464786490776 2.0805289261632645 586.4299867266776 
240.00026016720753 2.9483086048514404E-87 45.81603397003599 0.9692188479710936 583.4697464785982 0.0 0.0 285.0 282.45858528270924 2.047262035169428 583.4696800232874 0.9585741438961896 577.0616346255001 2.042995556491676 2.0805289261632645 586.4299867266776 
241.0001965360381 4.041630979444426E-87 45.72576361553024 0.9648344152861414 580.8303180022558 0.0 0.0 286.0 279.11749813385285 2.0308750790734296 580.8302726150004 0.9568232959451137 576.007624158962 2.063674359400905 2.0805289261632645 586.4299867266776 
242.00033440402223 4.041630979444426E-87 45.34932207183962 0.9630560254796459 579.7597273387461 0.0 0.0 286.0 280.2147817388338 2.027131762190612 579.7596839865149 0.9511171972003427 572.5725527146075 2.043334577717807 2.0805289261632645 586.4299867266776 
243.00033129452183 3.7713448109499332E-87 45.413107880118666 0.9598993269081768 577.8593947987224 0.0 0.0 287.0 277.6811754870143 2.0134472659115645 577.859365316619 0.957966158395212 576.6956273539188 2.0768265127892613 2.0805289261632645 586.4299867266776 
244.0001171899056 5.504494745287721E-87 45.31104325326282 0.9584472260340577 576.9852300725023 0.0 0.0 287.0 281.7332093224534 2.010401400794364 576.9852020279825 0.9575846739775193 576.4659737344673 2.046141365871718 2.0805289261632645 586.4299867266776 
245.0000650866704 8.552425995902836E-87 45.16101056813098 0.9551986713016718 575.0296001236067 0.0 0.0 287.0 281.9986277387756 2.003587361685142 575.029572803636 0.9560784984334175 575.5592560569197 2.041000201568636 2.0805289261632645 586.4299867266776 
246.00026994125335 8.752140667717991E-87 45.028732373344695 0.9537140596586337 574.1358639144977 0.0 0.0 287.0 280.7399296243051 2.0004733064606093 574.1358389541945 0.9446766699572061 568.6953553142406 2.025701709319677 2.063674359400905 576.007624158962 
247.00003997431872 8.41027248628569E-87 45.22051172836515 0.9523011573327069 573.2852967142883 0.0 0.0 287.0 281.6978495674189 1.9975096605767235 573.2852725855197 0.9532178337243639 573.8371359020638 2.03706608617446 2.043334577717807 572.5725527146075 
248.00002231975827 7.668325843721541E-87 45.15699643452092 0.9508291574892309 572.3991528085179 0.0 0.0 287.0 278.6509571792018 1.9944220540145186 572.3991295021669 0.9168515331379311 551.9446229490377 1.9807741862306951 2.0768265127892613 576.6956273539188 
249.00001721992402 1.1183412475490846E-86 44.979977660283026 0.9445189232627321 568.600391804165 0.0 0.0 287.0 284.1589301553917 1.981185954348277 568.6003688979554 0.9368380105127359 563.9764823286691 1.9847220075760412 2.046141365871718 576.4659737344673 
250.00061259980333 1.050205067479125E-86 44.86816669379995 0.9385423926733424 565.0025203893517 0.0 0.0 288.0 284.81893903363243 1.9618142317202245 565.0024987354242 0.929957021208758 559.8341267676791 1.9655790049185313 2.041000201568636 575.5592560569197 
251.0008486977186 1.074753145329761E-86 44.49285261957645 0.9343964953405146 562.5066901949887 0.0 0.0 287.0 284.2141137339297 1.95995355445648 562.5066701290094 0.9281803563645015 558.7645745314225 1.9659986873646826 2.025701709319677 568.6953553142406 
252.00013022503506 0.0 0.0 0.0 0.0 0.0 0.0 287.0 283.16715799251455 0.0 0.0 0.7576317076927335 456.0942880310229 1.6106892171551888 2.03706608617446 573.8371359020638 
253.0001909935376 0.0 0.0 0.0 0.0 0.0 0.0 287.0 281.98894258193417 0.0 0.0 0.36641535862413555 220.58204589173226 0.7822365085384168 1.9807741862306951 551.9446229490377 
254.00020209808523 0.0 0.0 0.0 0.0 0.0 0.0 287.0 283.99226190387947 0.0 0.0 0.09086341276011892 54.69977448159229 0.19261008773579216 1.9847220075760412 563.9764823286691 
255.00000226628075 0.0 0.0 0.0 0.0 0.0 0.0 287.0 283.43768300669046 0.0 0.0 0.012124326141181922 7.298844336991487 0.025751143106893096 1.9655790049185313 559.8341267676791 
256.0001627385406 0.0 0.0 0.0 0.0 0.0 0.0 287.0 279.56661329898 0.0 0.0 0.0012073822030344433 0.7268440862267442 0.0025998958804477395 1.9659986873646826 558.7645745314225 
257.00028314071824 0.0 0.0 0.0 0.0 0.0 0.0 286.0 283.01464251981275 0.0 0.0 2.260961349214101E-4 0.13610987322269003 4.8092873220565433E-4 1.6106892171551888 456.0942880310229 
258.0000013121618 0.0 0.0 0.0 0.0 0.0 0.0 286.0 278.1027164607262 0.0 0.0 1.1413297150295938E-4 0.06870804884478149 2.47059970212425E-4 0.7822365085384168 220.58204589173226 
259.00009805654076 0.0 0.0 0.0 0.0 0.0 0.0 286.0 279.2444681420147 0.0 0.0 8.30119090498348E-5 0.04997316924800088 1.789584931816309E-4 0.19261008773579216 54.69977448159229 
260.0000479108759 0.0 0.0 0.0 0.0 0.0 0.0 286.0 280.81009573016735 0.0 0.0 3.747499461358998E-5 0.02255994675738103 8.033880227390066E-5 0.025751143106893096 7.298844336991487 
261.00077372161695 0.0 0.0 0.0 0.0 0.0 0.0 286.0 280.82902729440434 0.0 0.0 2.015886952194563E-5 0.012135639452211135 4.321362207151349E-5 0.0025998958804477395 0.7268440862267442 
262.0003723817869 0.0 0.0 0.0 0.0 0.0 0.0 286.0 282.4553372695606 0.0 0.0 1.0926075359192987E-5 0.00657749736623427 2.3286858127085243E-5 4.8092873220565433E-4 0.13610987322269003 
263.0003932675433 0.0 0.0 0.0 0.0 0.0 0.0 285.0 279.53643956068964 0.0 0.0 4.527679477213175E-6 0.002725663045282326 9.750653795139873E-6 2.47059970212425E-4 0.06870804884478149 
264.00033351781207 0.0 0.0 0.0 0.0 0.0 0.0 284.0 278.25560928249763 0.0 0.0 5.801984584666013E-7 3.4927947199689114E-4 1.255246831851957E-6 1.789584931816309E-4 0.04997316924800088 
265.00036229486443 0.0 0.0 0.0 0.0 0.0 0.0 284.0 279.99405131711484 0.0 0.0 2.1079590797359715E-8 1.268991366001072E-5 4.5322083095395534E-8 8.033880227390066E-5 0.02255994675738103 
266.00074788977525 0.0 0.0 0.0 0.0 0.0 0.0 284.0 278.173345244742 0.0 0.0 1.1759021454241075E-9 7.078930915453035E-7 2.544791237717209E-9 4.321362207151349E-5 0.012135639452211135 
267.0000065298962 0.0 0.0 0.0 0.0 0.0 0.0 284.0 279.97761823615116 0.0 0.0 7.894711153333485E-10 4.752616114306778E-7 1.697498587297116E-9 2.3286858127085243E-5 0.00657749736623427 
268.00005655212107 0.0 0.0 0.0 0.0 0.0 0.0 284.0 279.9783011919925 0.0 0.0 7.822323285913092E-10 4.709038618119722E-7 1.6819298488744464E-9 9.750653795139873E-6 0.002725663045282326 
269.000199483724 0.0 0.0 0.0 0.0 0.0 0.0 283.0 279.19704852003696 0.0 0.0 7.775716235655323E-10 4.6809811738645356E-7 1.6765869118880025E-9 1.255246831851957E-6 3.4927947199689114E-4 
270.0000209656659 0.0 0.0 0.0 0.0 0.0 0.0 284.0 280.2059503341842 0.0 0.0 7.692949345130821E-10 4.631155505768768E-7 1.652768437017657E-9 4.5322083095395534E-8 1.268991366001072E-5 
271.0002492619161 0.0 0.0 0.0 0.0 0.0 0.0 285.0 273.704675186587 0.0 0.0 2.317978844197983E-12 1.3954232642071905E-9 5.0982807043976055E-12 2.544791237717209E-9 7.078930915453035E-7 
272.0004878097178 0.0 0.0 0.0 0.0 0.0 0.0 286.0 277.3927695447736 0.0 0.0 1.134474749972022E-11 6.829537994831683E-9 2.462046147071377E-11 1.697498587297116E-9 4.752616114306778E-7 
273.00071614715586 0.0 0.0 0.0 0.0 0.0 0.0 286.0 278.1160621543225 0.0 0.0 1.1399411024879409E-11 6.862445436977361E-9 2.4674754071447666E-11 1.6819298488744464E-9 4.709038618119722E-7 
274.0000638727645 0.0 0.0 0.0 0.0 0.0 0.0 286.0 280.6231506745169 0.0 0.0 1.1216619031597869E-11 6.752404657021986E-9 2.4062179619862574E-11 1.6765869118880025E-9 4.6809811738645356E-7 
275.00007442455717 0.0 0.0 0.0 0.0 0.0 0.0 286.0 281.3411616118935 0.0 0.0 9.675779129203284E-16 5.824819035780359E-13 2.0703756970391777E-15 1.652768437017657E-9 4.631155505768768E-7 
276.00014475731825 0.0 0.0 0.0 0.0 0.0 0.0 286.0 279.88116520300713 0.0 0.0 6.199882438514619E-16 3.7323292279857723E-13 1.3335406922715181E-15 5.0982807043976055E-12 1.3954232642071905E-9 
277.0001430790393 0.0 0.0 0.0 0.0 0.0 0.0 286.0 283.3742933357969 0.0 0.0 7.082351411285282E-17 4.263575549593775E-14 1.5045738621539192E-16 5.0982807043976055E-12 1.3954232642071905E-9 
278.000642896191 0.0 0.0 0.0 0.0 0.0 0.0 285.0 280.0335564021841 0.0 0.0 -2.3863164238728233E-17 -1.4365624871714592E-14 -5.1299655142338324E-17 5.0982807043976055E-12 1.3954232642071905E-9 
279.00002447568437 0.0 0.0 0.0 0.0 0.0 0.0 286.0 278.86751783944953 0.0 0.0 -2.951695683616969E-18 -1.776920801537433E-15 -6.371917444183827E-18 2.4674754071447666E-11 6.862445436977361E-9 
280.0000394196521 0.0 0.0 0.0 0.0 0.0 0.0 284.0 280.0090219509415 0.0 0.0 3.143464167283169E-20 1.8923654287044517E-17 6.758230201011167E-20 5.0982807043976055E-12 1.3954232642071905E-9 
281.00015072677536 0.0 0.0 0.0 0.0 0.0 0.0 284.0 283.4456130989783 0.0 0.0 -2.266587529602173E-21 -1.364485692820528E-18 -4.813924187791377E-21 5.0982807043976055E-12 1.3954232642071905E-9 
282.000361566859 0.0 0.0 0.0 0.0 0.0 0.0 284.0 283.78733867164243 0.0 0.0 -1.6921354027750213E-21 -1.0186655124705646E-18 -3.5895382691798546E-21 5.0982807043976055E-12 1.3954232642071905E-9 
283.0002713546588 0.0 0.0 0.0 0.0 0.0 0.0 284.0 277.1752240672091 0.0 0.0 -1.4060862344488653E-21 -8.4646391313822175E-19 -3.0538945751261383E-21 5.0982807043976055E-12 1.3954232642071905E-9 
284.00088707506814 0.0 0.0 0.0 0.0 0.0 0.0 284.0 281.2009129961975 0.0 0.0 -4.409529475897844E-26 -2.6545367444905176E-23 -9.440000447389776E-26 5.0982807043976055E-12 1.3954232642071905E-9 
285.0000527689101 0.0 0.0 0.0 0.0 0.0 0.0 286.0 276.3453755103412 0.0 0.0 -4.590236868252909E-26 -2.763322594688222E-23 -9.999525375031341E-26 -4.813924187791377E-21 -1.364485692820528E-18 
286.00040716512075 0.0 0.0 0.0 0.0 0.0 0.0 285.0 278.5000987296311 0.0 0.0 -4.384544591782415E-26 -2.6394958442529974E-23 -9.477540066567192E-26 -3.5895382691798546E-21 -1.0186655124705646E-18 
287.0004999745933 0.0 0.0 0.0 0.0 0.0 0.0 285.0 273.70311760080347 0.0 0.0 -3.08779971673526E-26 -1.8588554294746403E-23 -6.791502580492286E-26 -3.0538945751261383E-21 -8.4646391313822175E-19 
288.0007962979611 0.0 0.0 0.0 0.0 0.0 0.0 285.0 279.3475026782066 0.0 0.0 -1.9062093906716524E-25 -1.1475380531843392E-22 -4.1079230785400716E-25 -9.440000447389776E-26 -2.6545367444905176E-23 
289.0004553076822 0.0 0.0 0.0 0.0 0.0 0.0 283.0 279.6762640986183 0.0 0.0 -3.375806796442184E-25 -2.0322356914581808E-22 -7.266386005290682E-25 -9.999525375031341E-26 -2.763322594688222E-23 
290.0001553501362 0.0 0.0 0.0 0.0 0.0 0.0 285.0 280.16233201529036 0.0 0.0 -9.258434782427675E-27 -5.573577739021405E-24 -1.989410103395776E-26 -9.999525375031341E-26 -2.763322594688222E-23 
291.0007746976723 0.0 0.0 0.0 0.0 0.0 0.0 284.0 278.5248579982788 0.0 0.0 4.860098874371742E-28 2.9257795223717687E-25 1.0504554399197824E-27 -9.999525375031341E-26 -2.763322594688222E-23 
292.0006048410649 0.0 0.0 0.0 0.0 0.0 0.0 285.0 279.86252062863514 0.0 0.0 3.476727239566386E-29 2.0929897982189752E-26 7.478635558336437E-29 -9.999525375031341E-26 -2.763322594688222E-23 
293.0006071798206 0.0 0.0 0.0 0.0 0.0 0.0 286.0 281.09017349639174 0.0 0.0 1.2560457506547184E-29 7.561395418941371E-27 2.690024814772984E-29 -9.999525375031341E-26 -2.763322594688222E-23 
294.0001617306158 0.0 0.0 0.0 0.0 0.0 0.0 285.0 280.1322729036191 0.0 0.0 1.1473622860737605E-29 6.907120962164021E-27 2.465664127367592E-29 -9.999525375031341E-26 -2.763322594688222E-23 
295.0000592220638 0.0 0.0 0.0 0.0 0.0 0.0 285.0 280.225761558502 0.0 0.0 8.027136964847158E-31 4.832336452837955E-28 1.724444043246581E-30 -9.999525375031341E-26 -2.763322594688222E-23 
296.00165300638685 0.0 0.0 0.0 0.0 0.0 0.0 285.0 279.922207914541 0.0 0.0 6.108197138072809E-31 3.6771346771198797E-28 1.313627348296171E-30 -9.999525375031341E-26 -2.763322594688222E-23 
297.00068284508086 0.0 0.0 0.0 0.0 0.0 0.0 285.0 281.68604330803754 0.0 0.0 6.054439019248518E-34 3.6447722895875868E-31 1.2939129843937099E-33 -9.999525375031341E-26 -2.763322594688222E-23 
298.00054019978495 0.0 0.0 0.0 0.0 0.0 0.0 286.0 277.1106209468727 0.0 0.0 5.405250645246274E-36 3.253960888438277E-33 1.1742461827409069E-35 2.690024814772984E-29 7.561395418941371E-27 
299.00056100958534 0.0 0.0 0.0 0.0 0.0 0.0 285.0 277.5507358126945 0.0 0.0 5.553038741279447E-36 3.3429293222502534E-33 1.204439005525186E-35 2.465664127367592E-29 6.907120962164021E-27 
300.0002756655491 0.0 0.0 0.0 0.0 0.0 0.0 286.0 278.0682563287436 0.0 0.0 5.3786081700985165E-36 3.2379221183992585E-33 1.1644342871597883E-35 1.724444043246581E-30 4.832336452837955E-28 
#####################################################################
# End of data export. Simulation finished at: 2021-12-09T08:55+0000 #
#####################################################################
