#####################################################################
# Alchemist log file - simulation started at: 2021-12-09T08:43+0000 #
#####################################################################
# random = 22.0
#
# The columns have the following meaning: 
# time localWarningInSystem[Min] localWarningInSystem[Max] localWarningInSystem[Mean] localWarningInSystem[Sum] meanWarningAtDetector[Sum] dataAtCollector[Sum] inSurveillanceArea[Sum] numDevicesAtDetector[Sum] localWarningInSurveillanceArea[Mean] localWarningInSurveillanceArea[Sum] sumWarningAtDetector[Mean] sumWarningAtDetector[Sum] meanWarningOverallAtDetector[Sum] meanWarningAtCollector[Sum] sumWarningAtCollector[Sum] 
0.0 0.0 0.0 0.0 0.0 0.0 0.0 0.0 0.0 0.0 0.0 0.0 0.0 0.0 0.0 0.0 
1.0024866920667903 0.0 0.0 0.0 0.0 0.0 0.0 20.0 1.0 0.0 0.0 0.0 0.0 0.0 0.0 0.0 
2.0 0.0 0.0 0.0 0.0 0.0 0.0 200.0 10.278329175386999 0.0 0.0 0.0 0.0 0.0 0.0 0.0 
3.0014518852965857 0.0 0.0 0.0 0.0 0.0 0.0 252.0 38.239754149569784 0.0 0.0 0.0 0.0 0.0 0.0 0.0 
4.0000750255049455 0.0 0.0 0.0 0.0 0.0 0.0 253.0 92.72537168899755 0.0 0.0 0.0 0.0 0.0 0.0 0.0 
5.000206109398899 0.0 0.0 0.0 0.0 0.0 0.0 253.0 156.25350814557518 0.0 0.0 0.0 0.0 0.0 0.0 0.0 
6.000075410020346 0.0 0.0 0.0 0.0 0.0 0.0 254.0 207.2922396582029 0.0 0.0 0.0 0.0 0.0 0.0 0.0 
7.000874281968489 0.0 0.0 0.0 0.0 0.0 0.0 254.0 233.10243122451965 0.0 0.0 0.0 0.0 0.0 0.0 0.0 
8.001116041921035 0.0 0.0 0.0 0.0 0.0 0.0 253.0 242.46433724378784 0.0 0.0 0.0 0.0 0.0 0.0 0.0 
9.000074470927466 0.0 0.0 0.0 0.0 0.0 0.0 253.0 240.51073035491137 0.0 0.0 0.0 0.0 0.0 0.0 0.0 
10.000052386436655 0.0 0.0 0.0 0.0 0.0 0.0 253.0 244.75161278104386 0.0 0.0 0.0 0.0 0.0 0.0 0.0 
11.00004392008559 0.0 0.0 0.0 0.0 0.0 0.0 253.0 247.6466196957513 0.0 0.0 0.0 0.0 0.0 0.0 0.0 
12.000086937808332 0.0 0.0 0.0 0.0 0.0 0.0 253.0 245.14776644530056 0.0 0.0 0.0 0.0 0.0 0.0 0.0 
13.000071973352952 0.0 0.0 0.0 0.0 0.0 0.0 253.0 249.65077201936933 0.0 0.0 0.0 0.0 0.0 0.0 0.0 
14.000067394922064 0.0 0.0 0.0 0.0 0.0 0.0 254.0 247.02166096617327 0.0 0.0 0.0 0.0 0.0 0.0 0.0 
15.000061163294811 0.0 0.0 0.0 0.0 0.0 0.0 254.0 246.92801445857734 0.0 0.0 0.0 0.0 0.0 0.0 0.0 
16.000157404342 0.0 0.0 0.0 0.0 0.0 0.0 256.0 247.23226800039424 0.0 0.0 0.0 0.0 0.0 0.0 0.0 
17.000678178019356 0.0 0.0 0.0 0.0 0.0 0.0 254.0 249.43745760985834 0.0 0.0 0.0 0.0 0.0 0.0 0.0 
18.00039296539479 0.0 0.0 0.0 0.0 0.0 0.0 254.0 248.19422040995718 0.0 0.0 0.0 0.0 0.0 0.0 0.0 
19.000566240766148 0.0 0.0 0.0 0.0 0.0 0.0 254.0 248.77483898193975 0.0 0.0 0.0 0.0 0.0 0.0 0.0 
20.001464242201955 0.0 0.0 0.0 0.0 0.0 0.0 254.0 240.25908616732573 0.0 0.0 0.0 0.0 0.0 0.0 0.0 
21.0006495881131 0.0 0.0 0.0 0.0 0.0 0.0 254.0 246.1072664701859 0.0 0.0 0.0 0.0 0.0 0.0 0.0 
22.000049954744956 0.0 0.0 0.0 0.0 0.0 0.0 255.0 242.0646673541394 0.0 0.0 0.0 0.0 0.0 0.0 0.0 
23.00000175414949 0.0 0.0 0.0 0.0 0.0 0.0 254.0 245.17131382648532 0.0 0.0 0.0 0.0 0.0 0.0 0.0 
24.00003392370429 0.0 0.0 0.0 0.0 0.0 0.0 253.0 249.07664806561377 0.0 0.0 0.0 0.0 0.0 0.0 0.0 
25.000236208683877 0.0 0.0 0.0 0.0 0.0 0.0 253.0 249.45222243520166 0.0 0.0 0.0 0.0 0.0 0.0 0.0 
26.000064689582462 0.0 0.0 0.0 0.0 0.0 0.0 252.0 245.75062115072348 0.0 0.0 0.0 0.0 0.0 0.0 0.0 
27.00000180185015 0.0 0.0 0.0 0.0 0.0 0.0 252.0 246.53104832235755 0.0 0.0 0.0 0.0 0.0 0.0 0.0 
28.00210715968541 0.0 0.0 0.0 0.0 0.0 0.0 252.0 248.80759613084655 0.0 0.0 0.0 0.0 0.0 0.0 0.0 
29.000947867396214 0.0 0.0 0.0 0.0 0.0 0.0 252.0 250.75201119957254 0.0 0.0 0.0 0.0 0.0 0.0 0.0 
30.00050009931951 0.0 0.0 0.0 0.0 0.0 0.0 252.0 239.2521244771832 0.0 0.0 0.0 0.0 0.0 0.0 0.0 
31.00042285234497 4.617704707728063E-93 44.30809757583161 1.0465607102023753 630.0295475418293 0.0 0.0 251.0 246.4027098880775 2.5095821271566905 629.905113916329 0.019223116184423687 11.572315943023163 0.04696505143259021 0.0 0.0 
32.0005252279533 6.100461546962997E-93 43.99046937863865 1.044026378802262 628.5038800389611 0.0 0.0 252.0 249.47759163357267 2.493589932602112 628.384663015732 0.2053657725813387 123.6301950939646 0.4955563114283626 0.0 0.0 
33.00027303585245 9.705171387765393E-93 44.05479132149273 1.042081397534296 627.3330013156459 0.0 0.0 252.0 248.24363326793107 2.4889412861898 627.2132041198296 0.6001895314993054 361.31409796258305 1.4554818313209839 0.0 0.0 
34.000595104098174 9.082635754379152E-93 43.59633143534492 1.0388970356193974 625.4160154428776 0.0 0.0 252.0 249.6817549661779 2.4813554956027186 625.3015848918851 0.9102701841479405 547.9826508570578 2.194724444047936 0.0 0.0 
35.00035382246954 9.453515226049737E-93 43.59633143534492 1.0368673312602892 624.1941334186935 0.0 0.0 253.0 246.7893241213327 2.4667285684299762 624.0823278127835 0.9930771808290443 597.8324628590846 2.4224405370354 0.04696505143259021 11.572315943023163 
36.00025494249452 9.453515226049737E-93 43.59633143534492 1.0319867248780172 621.2560083765665 0.0 0.0 253.0 240.19683248669753 2.4551204932583572 621.145484794364 0.9899776325856334 595.9665348165543 2.481159008828977 0.04696505143259021 11.572315943023163 
37.000098748422104 1.1912745486633542E-92 43.049507180571425 1.0299209501165685 620.0124119701737 0.0 0.0 256.0 248.35004999271666 2.421649201351098 619.942195545881 1.0120734317894884 609.2682059372733 2.453263874741081 0.04696505143259021 11.572315943023163 
38.000193338580736 1.1444114070789274E-92 43.049507180571425 1.0276463441727592 618.6430991920012 0.0 0.0 257.0 243.36483998215886 2.4069824829931568 618.5944981292412 1.0118810406043603 609.1523864438257 2.503041879379465 0.04696505143259021 11.572315943023163 
39.00044565699706 1.62587479346876E-92 42.8955225004711 1.0260886175259267 617.7053477506081 0.0 0.0 257.0 247.97975361086316 2.403271933947735 617.6408870245679 1.0227586576435754 615.7007119014297 2.4828668588307603 0.04696505143259021 11.572315943023163 
40.000500589761515 2.4180933038426528E-92 42.8955225004711 1.0270744642069758 618.2988274525997 0.0 0.0 256.0 248.31405110874974 2.4149802913868768 618.2349545950407 0.993433198814488 598.0467856863248 2.408429096202892 0.04696505143259021 11.572315943023163 
41.00108804993086 1.8559590321920765E-92 42.678734845646204 1.0240188318964338 616.4593368016538 0.0 0.0 256.0 246.50961393350315 2.407801892377037 616.3972844485216 0.997988534228705 600.7890976056794 2.4371832320006166 0.04696505143259021 11.572315943023163 
42.00002924462995 1.8559590321920765E-92 42.81742849997496 1.0252681589109838 617.2114316644122 0.0 0.0 258.0 249.43750117539156 2.3920555326393793 617.1503274209596 1.0101027469405301 608.0818536581974 2.4378124812540745 0.04696505143259021 11.572315943023163 
43.00023276265159 1.8559590321920765E-92 42.81742849997496 1.024831835828163 616.948765168554 0.0 0.0 258.0 253.57719592970156 2.391109901602396 616.9063546134181 1.0080467909211113 606.8441681345005 2.3931338380393403 0.04696505143259021 11.572315943023163 
44.00011410802809 2.2633625486613023E-92 42.57264429518518 1.0234621100262702 616.1241902358149 0.0 0.0 259.0 247.47100169134006 2.378701309993781 616.0836392883895 0.9887770748194187 595.2437990412824 2.405307268217649 0.04696505143259021 11.572315943023163 
45.00007670388661 2.4180933038426528E-92 42.57264429518518 1.022417952722337 615.4956075388465 0.0 0.0 260.0 252.50672431273216 2.367135478068873 615.455224297907 1.0137124891513591 610.254918469109 2.4167868009459506 0.4955563114283626 123.6301950939646 
46.00018041182246 3.5948874094581566E-92 42.08375900100255 1.0240779906186677 616.4949503524376 0.0 0.0 260.0 254.19071272209345 2.370982619974811 616.4554811934507 1.0210633059006282 614.6801101521738 2.4181847698904844 1.4554818313209839 361.31409796258305 
47.00011169870185 3.5948874094581566E-92 42.08375900100255 1.0242225700253835 616.5819871552808 0.0 0.0 260.0 247.07175359777878 2.3713192627742803 616.5430083213126 1.0058888346365868 605.5450784512307 2.450887524103745 2.453263874741081 609.2682059372733 
48.000348901452945 3.5948874094581566E-92 41.870376034431125 1.0241744095622827 616.5529945564938 0.0 0.0 260.0 256.7871260646584 2.37121088778878 616.5148308250828 1.0374575646821638 624.5494539386622 2.4321680900054234 2.453263874741081 609.2682059372733 
49.00061853070668 3.5948874094581566E-92 41.870376034431125 1.0219639279067068 615.2222845998376 0.0 0.0 259.0 255.82303014960695 2.3752312284577823 615.1848881705656 1.019782297998427 613.908943395047 2.3997407232493067 2.453263874741081 609.2682059372733 
50.000058670788135 3.5948874094581566E-92 41.870376034431125 1.0187096422734014 613.263204648588 0.0 0.0 257.0 254.31048690999756 2.3859913938906256 613.1997882298909 1.0219529480856615 615.2156747475628 2.4191518101465173 2.453263874741081 609.2682059372733 
51.00023051934602 4.735304369360572E-92 42.16613665083762 1.0174934805290918 612.5310752785133 0.0 0.0 258.0 253.25393895923452 2.374020530447655 612.4972968554949 1.0207613664719621 614.4983426161173 2.426411787083916 2.4167868009459506 610.254918469109 
52.00035537845699 4.149741343459214E-92 42.82623076518128 1.0157432460212275 611.4774341047791 0.0 0.0 258.0 255.7259046828592 2.369940658147387 611.4446898020258 1.0096794423539397 607.8270242970632 2.376869191452721 2.4321680900054234 624.5494539386622 
53.00088519279313 3.985876016210289E-92 42.75657588520149 1.0118394100583008 609.1273248550971 0.0 0.0 257.0 251.2952653263462 2.369925990730761 609.0709796178055 1.0004784844292776 602.2880476264249 2.3967345618082367 2.3997407232493067 613.908943395047 
54.000286357815874 4.368517834028016E-92 42.67873484604969 1.013504420264532 610.1296609992474 0.0 0.0 257.0 255.9391764570316 2.373825690155888 610.073202370063 1.021057292110375 614.6764898504539 2.4016506513751676 2.3997407232493067 613.908943395047 
55.00018635753419 3.948737886115512E-92 42.67873484604969 1.0124402101135654 609.4890064883664 0.0 0.0 255.0 253.5652588347935 2.389858409184399 609.4138943420214 1.007882395191317 606.7452019051719 2.3928562007798053 2.426411787083916 614.4983426161173 
56.000388991064604 6.6922595064511E-92 43.090423644973754 1.0126271694158402 609.6015559883357 0.0 0.0 257.0 244.87957617981084 2.371719194007715 609.5318328599828 0.9827613397640613 591.6223265379638 2.4159725190946335 2.376869191452721 607.8270242970632 
57.00073512715602 5.806895004362938E-92 43.36178663601905 1.010636945227363 608.4034410268719 0.0 0.0 257.0 254.4911620476274 2.367065044683067 608.3357164835478 1.0119459549544914 609.1914648826094 2.3937627538067536 2.3967345618082367 602.2880476264249 
58.000505591874706 7.55762597483728E-92 43.36178663601905 1.0092344146375987 607.5591176118355 0.0 0.0 257.0 252.94883441743096 2.3637869114475882 607.4932362420309 0.9956042185393512 599.3537395606943 2.3694663031006726 2.3967345618082367 602.2880476264249 
59.00000048109234 5.8635611072617293E-92 43.765473385303515 1.0112313479357746 608.7612714573364 0.0 0.0 256.0 251.57144868562264 2.377672918081278 608.6842670288071 0.9759743423117345 587.5365540716577 2.3354659566550233 2.3967345618082367 602.2880476264249 
60.000257421946436 5.8635611072617293E-92 44.218832951398205 1.0053390329454759 605.2140978331757 0.0 0.0 256.0 244.88694275133932 2.363824745138166 605.1391347553702 0.9736599862145808 586.1433117011817 2.3935261926004667 2.3967345618082367 602.2880476264249 
61.00006888592293 5.8635611072617293E-92 44.218832951398205 1.0032924767180595 603.9820709842719 0.0 0.0 256.0 252.06999718197875 2.359025027474723 603.9104070335293 0.9912377427936008 596.7251211617477 2.3672992733480673 2.3967345618082367 602.2880476264249 
62.00022504222297 5.187700056143215E-92 44.218832951398205 1.0007757674818565 602.4670120240773 0.0 0.0 255.0 251.14966788067807 2.3623422336891706 602.3972695907385 0.997230711597294 600.3328883815691 2.3903391688608124 2.3967345618082367 602.2880476264249 
63.00037726716222 4.7799198723084824E-92 44.36474966524512 0.9972003850764403 600.314631816017 0.0 0.0 256.0 252.59233975955937 2.3447160713770168 600.2473142725164 0.9906356252313748 596.3626463892791 2.3609688518541456 2.3967345618082367 602.2880476264249 
64.00072006071865 4.5879063320646817E-92 44.68011557771272 0.9934691387554515 598.0684215307813 0.0 0.0 255.0 248.7890412776599 2.345107544549221 598.0024238600514 0.9705328673053494 584.2607861178169 2.348418495916608 2.3967345618082367 602.2880476264249 
65.00075652218544 4.6829550832571276E-92 44.90482399643358 0.9913473987785977 596.791134064716 0.0 0.0 254.0 250.3786902873767 2.3492496872282276 596.7094205559699 0.975500887587519 587.2515343276801 2.345453335719791 2.3967345618082367 602.2880476264249 
66.00030259322406 6.094285695169605E-92 45.17958057837236 0.9892907199372394 595.5530134022185 0.0 0.0 255.0 251.6019657492114 2.335185902803632 595.4724052149261 0.9813098440792855 590.7485261357248 2.3479487704979363 2.3609688518541456 596.3626463892791 
67.00100831504326 6.672361085993012E-92 45.257456897045515 0.9868471157439912 594.0819636778828 0.0 0.0 256.0 244.10174909495012 2.3203996457636866 594.0223093155038 0.9536310023683228 574.0858634257343 2.3518301919353624 2.3967345618082367 602.2880476264249 
68.00011210978836 8.365703654732035E-92 45.360156815385984 0.9869241487768486 594.1283375636632 0.0 0.0 255.0 240.5310523245342 2.329685265344943 594.0697426629606 0.9508159637876222 572.3912102001512 2.3796977756861843 2.3967345618082367 602.2880476264249 
69.00039903405764 7.996081114131857E-92 45.72449347335423 0.9846435188387381 592.7553983409206 0.0 0.0 255.0 249.97266010006746 2.324237504878944 592.6805637441311 0.9906246477095453 596.3560379211508 2.3856850492466712 2.3967345618082367 602.2880476264249 
70.00208160235607 7.996081114131857E-92 45.664836558102444 0.9839305955355983 592.3262185124302 0.0 0.0 254.0 250.42530864593058 2.331702017915671 592.2523125505809 0.9865305239015496 593.8913753887421 2.3715309710506483 2.3967345618082367 602.2880476264249 
71.00005006117568 7.06640285832968E-92 45.664836558102444 0.9807074281377857 590.3858717389472 0.0 0.0 255.0 250.44474174520377 2.3150186093265344 590.3297453782664 0.9929887669986331 597.779237733177 2.3868707866158463 2.3967345618082367 602.2880476264249 
72.00013350564264 7.213680832207683E-92 46.157612302748134 0.9803057282002132 590.144048376528 0.0 0.0 255.0 252.54929558738695 2.3140148409427357 590.0737844403974 0.9954514733821624 599.2617869760641 2.372850756056486 2.3967345618082367 602.2880476264249 
73.00042263339182 9.383540242340792E-92 46.43926025485593 0.9795727173745921 589.7027758595043 0.0 0.0 255.0 247.6971260651046 2.3122917254463147 589.6343899888103 0.968209074112372 582.8618626156496 2.3531232351175944 2.3967345618082367 602.2880476264249 
74.0001806777611 1.6945581415516788E-91 46.50354568536705 0.980281332986623 590.1293624579469 0.0 0.0 255.0 251.9469862339469 2.313978160406771 590.0644309037266 0.9747318502649864 586.7885738595193 2.3290160467117205 2.3967345618082367 602.2880476264249 
75.00071963035583 1.5869187542266205E-91 46.80004275724214 0.9782216632001334 588.8894412464803 0.0 0.0 255.0 244.05916600689955 2.3091237047341466 588.8265447072076 0.9612975433102153 578.701121072757 2.371150940737039 2.3967345618082367 602.2880476264249 
76.00024310703589 1.5869187542266205E-91 46.933352384917626 0.9774500967067561 588.4249582174675 0.0 0.0 255.0 249.32783488357958 2.3073118988927988 588.3645342176637 0.9576819886028843 576.5245571389328 2.3123152591772733 2.3967345618082367 602.2880476264249 
77.00000555970179 2.2030043082233593E-91 47.077502249064764 0.9790141785407621 589.366535481539 0.0 0.0 255.0 234.35721601165636 2.311013204848214 589.3083672362943 0.8974208077143478 540.2473262440383 2.3052301757039464 2.3967345618082367 602.2880476264249 
78.00041942974566 2.0283937946878344E-91 46.97195789928521 0.9786747491032237 589.1621989601407 0.0 0.0 255.0 241.71203027293194 2.310219137848206 589.1058801512927 0.9368144312308214 563.9622876009598 2.3331990839022585 2.3967345618082367 602.2880476264249 
79.00037936186285 3.65828422218342E-91 46.97195789928521 0.9758023895985876 587.4330385383496 0.0 0.0 255.0 251.35673314480692 2.3034392768959338 587.3770156084632 0.9764225812023454 587.8063938838139 2.3385345064346374 2.3967345618082367 602.2880476264249 
80.00041584279549 4.575756423247328E-91 47.02835808206239 0.9780936370834787 588.8123695242539 0.0 0.0 252.0 243.80008825398133 2.336340078334047 588.7576997401798 0.9487919674252018 571.1727643899768 2.342791458692794 2.3967345618082367 602.2880476264249 
81.00025920089477 4.2997434443646695E-91 47.087180285901994 0.9755972376250142 587.3095370502577 0.0 0.0 252.0 252.44067479460185 2.3303784757905066 587.2553758992075 0.9865148479880899 593.8819384888393 2.352560414331212 2.3856850492466712 596.3560379211508 
82.00005772041409 7.018462982727861E-91 47.21291366993948 0.9714265329107963 584.7987728122996 0.0 0.0 252.0 253.80502445133382 2.32041686911808 584.7450510177559 0.9839427623123352 592.3335429120256 2.3338133048883094 2.3052301757039464 540.2473262440383 
83.00027940083919 7.018462982727861E-91 47.568605980855416 0.9659915626489511 581.5269207146687 0.0 0.0 252.0 250.86117071967357 2.3074397958433055 581.4748285525125 0.9842320540956286 592.5076965655683 2.36189480765706 2.3331990839022585 563.9622876009598 
84.00093264092969 7.018462982727861E-91 47.46934415799065 0.9606796158413478 578.3291287364912 0.0 0.0 252.0 251.7570238158351 2.294761911845335 578.2800017850245 0.9784508716673849 589.0274247437691 2.3396663013249372 2.3385345064346374 587.8063938838139 
85.00011202669876 8.381738547092009E-91 47.85487556672757 0.9581794029507126 576.8240005763283 0.0 0.0 252.0 243.56391718555105 2.288796402513148 576.7766934333131 0.9359143438574263 563.4204350021777 2.3132344130142832 2.342791458692794 571.1727643899768 
86.00020693254356 7.548171562632345E-91 47.85487556672757 0.9528662417013934 573.6254775042393 0.0 0.0 252.0 233.70139988869667 2.2761104166967843 573.5798250075899 0.8938542475904365 538.1002570494385 2.3025119118059014 2.342791458692794 571.1727643899768 
87.00001772290577 6.37974149809013E-91 47.71391170775012 0.9500410652823513 571.9247212999751 0.0 0.0 252.0 247.28191804349566 2.2693745183185823 571.8823786162828 0.9383817689201969 564.9058248899544 2.284460705252983 2.342791458692794 571.1727643899768 
88.00010805501083 7.758928506725861E-91 47.71391170775012 0.947359985667305 570.3107113717176 0.0 0.0 253.0 248.91493938788295 2.254033467972752 570.2704673971062 0.9472815898912009 570.2635171145 2.290997553288118 2.342791458692794 571.1727643899768 
89.00011913100026 7.758928506725861E-91 47.74785366731387 0.9435802131984898 568.0352883454909 0.0 0.0 252.0 250.0777325638776 2.2539539369456545 567.9963921103051 0.9482186553213522 570.8276305034532 2.282600792366214 2.342791458692794 571.1727643899768 
90.0000215849021 1.3069306527989426E-90 47.77332598130524 0.9438818733798054 568.2168877746435 0.0 0.0 252.0 235.0201793765871 2.2546815286317945 568.1797452152125 0.8901707744604802 535.882806225202 2.2801565705833475 2.342791458692794 571.1727643899768 
91.00022030018913 1.6957511845985968E-90 47.77332598130524 0.9392192882849435 565.4100115475364 0.0 0.0 252.0 247.672434313829 2.2435504521027303 565.3747139298881 0.9322350147901817 561.2054789036924 2.2659182095032087 2.342791458692794 571.1727643899768 
92.00022699707496 1.6957511845985968E-90 47.793235681338494 0.9330153495709723 561.6752404417251 0.0 0.0 252.0 247.16520669424327 2.2287342517917503 561.6410314515213 0.9296172461883049 559.6295822053656 2.264192398639901 2.342791458692794 571.1727643899768 
93.00013389717917 1.5585723841799185E-90 47.786863674741284 0.9318082833323476 560.9485865660732 0.0 0.0 252.0 247.31549012806542 2.2258532445100494 560.9150176165329 0.9047323734526109 544.6488888184682 2.2022433311251026 2.342791458692794 571.1727643899768 
94.00029471103963 2.018329650974471E-90 47.786863674741284 0.9293381401266105 559.4615603562203 0.0 0.0 253.0 229.33056280204693 2.211187428599191 559.4304194355958 0.824065735227541 496.0875726069746 2.1631986881538614 2.2801565705833475 535.882806225202 
95.00032921571302 1.7409894432178401E-90 47.79562540287568 0.9293622446532959 559.476071281284 0.0 0.0 252.0 245.6937757630584 2.2199654137047022 559.4312842535853 0.8931659265844412 537.6858878038371 2.1884391907525136 2.342791458692794 571.1727643899768 
96.00006663854352 2.3660198442332027E-90 47.843179137844935 0.9307065742337023 560.2853576886881 0.0 0.0 254.0 237.02395447137536 2.2057326314867236 560.2560883976277 0.8616667690626051 518.7233949756853 2.1884851095855375 2.264192398639901 559.6295822053656 
97.00003214987272 2.0825834218977566E-90 47.98292544126544 0.9281496245448277 558.746073975986 0.0 0.0 253.0 239.50757749618313 2.208319848054136 558.7049215576963 0.8847544753417378 532.6221941557218 2.2238218920827664 2.2022433311251026 544.6488888184682 
98.00009858163398 1.6821178040325595E-90 48.20602997943614 0.9268423633985081 557.9591027659015 0.0 0.0 253.0 233.62726737257722 2.2052113281487076 557.9184660216226 0.8734217026740382 525.7998650097671 2.250592882085324 2.1631986881538614 496.0875726069746 
99.00011251364651 1.4790306848239315E-90 48.122545235212534 0.9240268092384579 556.2641391615513 0.0 0.0 253.0 239.72285818428514 2.1985164111333004 556.2246520167249 0.8976721642413503 540.3986428732903 2.254264140542922 2.1884391907525136 537.6858878038371 
100.00050633566349 1.5111321720411972E-90 48.122277888482984 0.9199389903382118 553.8032721836031 0.0 0.0 255.0 247.23120816077676 2.1716754259675097 553.7772336217149 0.9075167499691655 546.3250834814343 2.2097739502456095 2.1884391907525136 537.6858878038371 
101.00075362052466 1.3571500242794169E-90 48.295830295722794 0.9186862090149632 553.0490978270078 0.0 0.0 254.0 246.80723766878833 2.177260024133593 553.0240461299323 0.900072855805849 541.8438591951289 2.195413166619835 2.2238218920827664 532.6221941557218 
102.00005722370891 1.1670266072316711E-90 48.25318781552879 0.9182573099336568 552.7909005800608 0.0 0.0 254.0 232.63999281137473 2.1762473567966207 552.7668286263414 0.8576640947769535 516.3137850557291 2.2193681267620997 2.250592882085324 525.7998650097671 
103.00001654654545 1.1670266072316711E-90 48.24380616336762 0.9192759309861709 553.4041104536751 0.0 0.0 255.0 241.3126173355981 2.170120014792988 553.3806037722119 0.8818772005975928 530.8900747597563 2.2000096000841816 2.254264140542922 540.3986428732903 
104.00006899215691 1.4181347985398777E-90 48.25104327705982 0.9168220073721696 551.9268484380458 0.0 0.0 255.0 251.6744789715678 2.164328823841013 551.9038500794578 0.9094509081677445 547.4894467169813 2.1753872262067238 2.2097739502456095 546.3250834814343 
105.00076243603593 1.3289544245196963E-90 48.25238360243011 0.9160967104397211 551.4902196847116 0.0 0.0 256.0 250.66419540278446 2.1541708069940397 551.4677265904741 0.9030435464769246 543.6322149791168 2.168766919844979 2.2659182095032087 561.2054789036924 
106.00011073432263 1.6501933882317793E-90 48.5195810703261 0.9113072262774936 548.6069502190505 0.0 0.0 255.0 252.9561921566878 2.15131549564975 548.5854513906861 0.9030793679177003 543.6537794864589 2.1492013097260148 2.195413166619835 541.8438591951289 
107.0001763986138 2.282459517129314E-90 48.528207540381544 0.9118602637409968 548.9398787720795 0.0 0.0 255.0 253.60973255713728 2.152624931106276 548.9193574321 0.9160873846775002 551.4846055758553 2.174540385399476 2.2000096000841816 530.8900747597563 
108.00010288550308 2.7724653167764032E-90 48.4807809276084 0.9069520954962745 545.9851614887579 0.0 0.0 256.0 244.89007363220486 2.1326780399413554 545.9655782249873 0.8791966125550402 529.2763607581373 2.1612813982531858 2.168766919844979 543.6322149791168 
109.00052746582678 2.2323596226087646E-90 48.495866183666145 0.9059109452023447 545.3583890118117 0.0 0.0 256.0 252.86957378058017 2.1302338250426303 545.3398592109133 0.8924744815257818 537.2696378785178 2.1246907243364794 2.168766919844979 543.6322149791168 
110.0000098528193 3.748221178195399E-90 48.495866183666145 0.9026126481984569 543.3728142154707 0.0 0.0 257.0 246.5254126931005 2.1142204654501775 543.3546596206954 0.8701478586821983 523.8290109266796 2.1248479221847787 2.1492013097260148 543.6537794864589 
111.00004519047171 3.08312127908512E-90 48.495866183666145 0.9021225349878622 543.0777660626932 0.0 0.0 256.0 246.22304264499456 2.1213275207740208 543.0598453181491 0.870880935406867 524.2703231149271 2.129249632703233 2.174540385399476 551.4846055758553 
112.0003757470128 4.545824651960032E-90 48.42263888263714 0.9026811978907849 543.4140811302524 0.0 0.0 256.0 250.40710165442857 2.1226438534442367 543.3968264817244 0.8890182926452145 535.1890121724238 2.1372756948043956 2.1612813982531858 529.2763607581373 
113.00001424276354 4.261093508430676E-90 48.64913928727256 0.9019657191826183 542.9833629479361 0.0 0.0 257.0 247.040434875113 2.112710178959739 542.966515992653 0.8690695400066145 523.1798630839766 2.117790406855708 2.1612813982531858 529.2763607581373 
114.00008317690293 4.450887867794304E-90 48.64913928727256 0.9007827970938319 542.2712438504874 0.0 0.0 258.0 251.19243598013463 2.1017636072069763 542.2550106594002 0.8898694746191202 535.7014237207178 2.132633578835484 2.129249632703233 524.2703231149271 
115.00021851398337 4.450887867794304E-90 48.64913928727256 0.8960980763747848 539.4510419776207 0.0 0.0 257.0 251.35033302795608 2.0989689596901044 539.4350226403569 0.898242248984121 540.7418338884397 2.1513471948664433 2.1372756948043956 535.1890121724238 
116.00011579659176 4.450887867794304E-90 48.53818380829672 0.8951050385585824 538.8532332122668 0.0 0.0 257.0 249.06098159709916 2.096643297281459 538.837327401335 0.8933579179728343 537.8014666196431 2.1593164178949293 2.1372756948043956 535.1890121724238 
117.00005778018793 5.403896480170845E-90 48.53818380829672 0.8922181970963993 537.1153546520326 0.0 0.0 257.0 249.6912597411486 2.089871652184517 537.0970146114211 0.8820453598699904 530.9913066417258 2.126591484188101 2.1372756948043956 535.1890121724238 
118.00036600237206 6.413810763680638E-90 48.44577967109161 0.8919495935897431 536.9536553410252 0.0 0.0 257.0 240.55728362666127 2.0892445928753625 536.935860368968 0.8612385660059312 518.4656167355649 2.1552688362586028 2.1513471948664433 540.7418338884397 
119.00012972577781 6.413810763680638E-90 48.34576178053985 0.8910170322123527 536.3922533918369 0.0 0.0 256.0 244.94733307872306 2.0952141682318195 536.3748270673459 0.8691700714416333 523.2403830078674 2.13613423110716 2.1593164178949293 537.8014666196431 
120.00000883757812 7.957012354996611E-90 48.44255006016587 0.8905226647084736 536.0946441545011 0.0 0.0 256.0 250.9381972312148 2.0940534671807844 536.077687598281 0.8747859063153364 526.6211156018279 2.098608826445814 2.126591484188101 530.9913066417258 
121.00013397647277 7.957012354996611E-90 48.398433615054174 0.8868119293650406 533.8607814777541 0.0 0.0 255.0 246.05738283050593 2.0934811320687774 533.8376886775383 0.8488273015587957 510.9940355383961 2.076727101866271 2.1552688362586028 518.4656167355649 
122.0000878501224 7.957012354996611E-90 48.45008615402127 0.8828221893004162 531.45895795885 0.0 0.0 255.0 249.30549782711077 2.0840648268914315 531.4365308573149 0.8545442837354785 514.4356588087614 2.063474986682861 2.117790406855708 523.1798630839766 
123.00010059781934 7.957012354996611E-90 48.54141979511194 0.8846196617503679 532.541036373721 0.0 0.0 257.0 251.13598554970372 2.07208359375575 532.5254835952278 0.8588477918162899 517.026370673406 2.0587506387891925 2.129249632703233 524.2703231149271 
124.0007552590207 6.680609011646307E-90 48.65589658148212 0.8800468501734512 529.7882038044177 0.0 0.0 256.0 250.33549358011527 2.069399799564433 529.7663486884948 0.8578924611209487 516.4512615948044 2.0630365043681813 2.129249632703233 524.2703231149271 
125.0016118064821 6.680609011646307E-90 48.65373414520124 0.8766952799299972 527.7705585178576 0.0 0.0 255.0 250.60447819230106 2.0696073869656373 527.7498836762372 0.857086595150606 515.9661302806594 2.058886313614609 2.129249632703233 524.2703231149271 
126.00094744436879 6.979567348993365E-90 48.656977835688664 0.8742254580596988 526.2837257519388 0.0 0.0 256.0 252.41948447304438 2.055740900006625 526.2696704016962 0.8699267396773663 523.6958972857698 2.0747047256635005 2.129249632703233 524.2703231149271 
127.00042400905954 9.405950172623071E-90 48.52012017965889 0.8700191890988175 523.7515518374877 0.0 0.0 255.0 251.48581899315354 2.0538752261789255 523.738182675626 0.859058315153418 517.1531057223631 2.0563907253014615 2.129249632703233 524.2703231149271 
128.00007135023245 1.2983815199938216E-89 48.51149514725549 0.8690248174365368 523.1529400967955 0.0 0.0 254.0 250.57727585912232 2.0595828634418063 523.134047314219 0.8606295009392823 518.0989595654394 2.067621486382193 2.129249632703233 524.2703231149271 
129.00011172239437 1.066876447088089E-89 48.47647171623981 0.8686825242475776 522.9468795970416 0.0 0.0 254.0 244.29580134633093 2.0587739253074036 522.9285770280803 0.843943497989305 508.0539857895604 2.0796672844545014 2.129249632703233 524.2703231149271 
130.00025711195602 1.2136399410658077E-89 48.42909566488667 0.8652333254856027 520.8704619423327 0.0 0.0 254.0 254.05809150410252 2.0506013094146867 520.8527325913301 0.8809233477078053 530.3158553201039 2.087380300231612 2.1552688362586028 518.4656167355649 
131.000437307165 1.0399745917862545E-89 48.42909566488667 0.8630264598688682 519.5419288410579 0.0 0.0 254.0 244.903906317389 2.045371544689885 519.5243723512305 0.8678211148296512 522.4283111274539 2.133197134268657 2.1552688362586028 518.4656167355649 
132.00004610188665 1.3979196551104675E-89 48.25854957855999 0.8627255497498773 519.3607809494264 0.0 0.0 253.0 230.3091168524948 2.0527432623763837 519.3440453812251 0.8419742523674052 506.8684999251831 2.2008182170652635 2.1552688362586028 518.4656167355649 
133.00003972897957 1.310782202007572E-89 48.45439301959238 0.8616747606444444 518.7282059079558 0.0 0.0 253.0 253.78347174613964 2.0502460944685503 518.7122619005435 0.8999427332196138 541.7655253982122 2.134754961269274 2.1552688362586028 518.4656167355649 
134.00100844712694 1.199403151961232E-89 48.414569115211464 0.862832527549454 519.4251815847715 0.0 0.0 252.0 241.4102540913776 2.061150257821177 519.4098649709365 0.861018575490543 518.3331824453093 2.147105078018401 2.1552688362586028 518.4656167355649 
135.0001331201712 1.8815925214547937E-89 48.26847041123458 0.8625161532815416 519.234724275488 0.0 0.0 252.0 247.68398367624675 2.0603961447733985 519.2198284828963 0.8815916118028778 530.7181503053346 2.142722926319887 2.1552688362586028 518.4656167355649 
136.00013626818347 1.683489132188757E-89 48.34576178047306 0.8615182819111529 518.6340057105141 0.0 0.0 252.0 252.68963040558347 2.0580125031569456 518.6191507955499 0.8861876340391319 533.4849556915661 2.1112261505756598 2.1552688362586028 518.4656167355649 
137.00005215284298 2.176972545072496E-89 48.45197036053209 0.8608192547529019 518.2131913612465 0.0 0.0 252.0 257.48149457468986 2.0563457273736083 518.1991232981491 0.8986007846776588 540.9576723759548 2.1009574815056644 2.1552688362586028 518.4656167355649 
138.0001820720951 2.176972545072496E-89 48.551938242059805 0.8610609961881374 518.358719705259 0.0 0.0 254.0 254.73700351062928 2.040727731508571 518.3448438031771 0.8709311586672629 524.3005575177004 2.058203363830584 2.1552688362586028 518.4656167355649 
139.00005683111885 2.176972545072496E-89 48.27892971288767 0.8606618289545835 518.1184210306593 0.0 0.0 252.0 246.7222218004875 2.055971540573586 518.1048282245434 0.8364463045104278 503.54067531527966 2.040921452638624 0.0 0.0 
140.00007485046544 2.176972545072496E-89 48.31944736301672 0.8569712672587895 515.8967028897912 0.0 0.0 254.0 222.28699375355916 2.0310387044479166 515.8838309297709 0.7752855503711883 466.72190132344974 2.099636570913753 0.0 0.0 
141.0001324109028 2.176972545072496E-89 48.31944736301672 0.8570341288538231 515.934545570002 0.0 0.0 255.0 248.2057306746321 2.0232361325486647 515.9252137999097 0.8638041967331739 520.0101264333782 2.0950770355703394 2.2008182170652635 506.8684999251831 
142.0006173297245 2.128998832511903E-89 48.31944736301672 0.855437491518099 514.9733698938956 0.0 0.0 255.0 247.82636695078818 2.019467382362101 514.9641825023357 0.8465321792888535 509.6123719318835 2.056328300342147 2.2008182170652635 506.8684999251831 
143.00065944839693 2.176972545072496E-89 48.31944736301672 0.8565395844273184 515.6368298252457 0.0 0.0 254.0 231.3095812227072 2.0300184128468737 515.6246768631057 0.7971719538759852 479.89751623334405 2.074697959749855 2.2008182170652635 506.8684999251831 
144.00063084362338 2.468807327823381E-89 48.36456656624479 0.8571486849121253 516.003508317099 0.0 0.0 253.0 232.72910706619194 2.0394924732242368 515.9915957257316 0.806243466732308 485.3585669728422 2.085508654638538 2.2008182170652635 506.8684999251831 
145.00107993168973 2.468807327823381E-89 48.36456656624479 0.8573083128125586 516.0996043131607 0.0 0.0 254.0 248.60857517368672 2.0318552010363025 516.0912210632208 0.8460831900223055 509.34208039342474 2.0487711658279704 2.2008182170652635 506.8684999251831 
146.00007666790185 2.414322004436495E-89 48.36456656624479 0.8570773835808474 515.9605849156698 0.0 0.0 255.0 251.04729864850052 2.023348146253145 515.953777294552 0.846696115818988 509.7110617230302 2.030338762723327 2.2008182170652635 506.8684999251831 
147.00020465250566 2.2578247223287362E-89 48.36456656624479 0.8576611616212123 516.3120192959695 0.0 0.0 255.0 248.6391853707827 2.02472713651697 516.3054198118275 0.8452175092488871 508.82094056783734 2.0464229715403026 2.2008182170652635 506.8684999251831 
148.00024113058808 1.84550294186133E-89 48.36456656624479 0.8560800598569188 515.3601960338651 0.0 0.0 255.0 249.40052524098925 2.020995190850247 515.3537736668129 0.8388868626532193 505.0098913172399 2.024895059179454 2.2008182170652635 506.8684999251831 
149.00072344256847 1.5766316848112836E-89 48.401122491469465 0.8547765022891961 514.575454378096 0.0 0.0 255.0 249.3483011054172 2.0179184978927465 514.5692169626502 0.84372407332998 507.921892144643 2.03699760492817 2.2008182170652635 506.8684999251831 
150.00010288088146 2.3171949780130406E-89 48.39278746036207 0.8542548737811851 514.2614340162733 0.0 0.0 255.0 234.03758794049475 2.016687619980493 514.2553430950255 0.8085706962803599 486.75955916077544 2.0798349677255112 2.085508654638538 485.3585669728422 
151.00041052198895 1.5656338005815672E-89 48.39278746036207 0.8520445297927278 512.9308069352217 0.0 0.0 255.0 248.03496772392714 2.011470573378186 512.9249962114371 0.8466761063421852 509.6990160179909 2.054948222402683 2.0487711658279704 509.34208039342474 
152.00040821099307 1.5656338005815672E-89 48.39278746036207 0.8503705689773957 511.9230825243922 0.0 0.0 255.0 249.03610542500095 2.007519887959393 511.9175714296449 0.8362264928566507 503.40834869970786 2.021427165513207 0.0 0.0 
153.00000302689088 1.5656338005815672E-89 48.2574771783815 0.8517686501853109 512.7647274115569 0.0 0.0 256.0 248.68673641039564 2.0029662425033146 512.7593580808484 0.8319803540000079 500.85217310800124 2.013988282356439 0.0 0.0 
154.00031973821794 2.157815315716249E-89 48.243538142943365 0.8529430037132911 513.4716882354015 0.0 0.0 255.0 248.8728952524985 2.0135938614055524 513.4664346584158 0.8331094180736994 501.53186968035993 2.0152129028415158 2.024895059179454 505.0098913172399 
155.0001961584353 2.157815315716249E-89 48.285635585377904 0.849543527067538 511.425203294658 0.0 0.0 255.0 250.27485043484566 2.0055685792093043 511.4199876983725 0.8421096910946447 506.9500340389688 2.0255732174373775 2.03699760492817 507.921892144643 
156.0002875064604 2.157815315716249E-89 48.285635585377904 0.8486940325823373 510.91380761456736 0.0 0.0 255.0 238.00487908047214 2.003563890359539 510.9087920416824 0.8101672804690833 487.7207028423811 2.049204641210222 2.0798349677255112 486.75955916077544 
157.00010728640223 1.8838099249453434E-89 48.335825061799866 0.8524186225581013 513.1560107799775 0.0 0.0 256.0 235.76613085754053 2.0044966316509383 513.1511377026403 0.8014403206382053 482.4670730241918 2.046379907365566 2.054948222402683 509.6990160179909 
158.00052852012342 2.767366876236719E-89 48.33716774225434 0.8509490431164483 512.2713239561012 0.0 0.0 255.0 252.95656369806815 2.0088889911840115 512.2666927519226 0.8455543442552982 509.0237152416863 2.012296924816163 2.021427165513207 503.40834869970786 
159.00011143022775 2.595616497609153E-89 48.33152873496227 0.8498032425757251 511.58155203058686 0.0 0.0 254.0 245.3081578189202 2.0140830979370925 511.5771068760214 0.8337974450545046 501.9460619228156 2.0461857705251636 2.013988282356439 500.85217310800124 
160.00035301729983 2.655107572412191E-89 48.33152873496227 0.85015026012899 511.79045659765126 0.0 0.0 255.0 248.90679243994197 2.0070046338390823 511.78618162896555 0.836267982872737 503.43332568939206 2.022577691650838 2.0152129028415158 501.53186968035993 
161.00009904946572 3.217705423354285E-89 48.33152873496227 0.8508974367444309 512.2402569201474 0.0 0.0 257.0 249.57295210761953 1.9931359960666857 512.235950989138 0.8365190714466524 503.58448101089004 2.017784686834722 2.0152129028415158 501.53186968035993 
162.00001849577026 2.8081760239204024E-89 48.33152873496227 0.849168823047143 511.1996314743799 0.0 0.0 259.0 248.45184506137173 1.9737328427835543 511.1968062809405 0.8405691607785358 506.02263478868167 2.0367030668002712 2.046379907365566 482.4670730241918 
163.00039690945505 3.191853675297905E-89 48.33152873496227 0.8462570070716904 509.44671825715733 0.0 0.0 259.0 248.65232881435435 1.9669653916532115 509.4440364381818 0.8445459449745017 508.4166588746543 2.044688908802627 2.046379907365566 482.4670730241918 
164.00077439863716 3.466541437930939E-89 48.33152873496227 0.8440818809633677 508.13729233994775 0.0 0.0 259.0 232.11247833624273 1.961910035432791 508.1346991770929 0.8017195515388891 482.6351700264129 2.0793159139305644 2.0461857705251636 501.9460619228156 
165.00058899523432 3.6277914955872985E-89 48.33152873496227 0.8436474839371472 507.87578533016244 0.0 0.0 259.0 251.23980102286754 1.9609006535171367 507.87326926093823 0.859697245121515 517.537741563146 2.0599353265529787 2.022577691650838 503.43332568939206 
166.00008444076795 3.164802734218901E-89 48.33152873496227 0.8431936414418759 507.602572148009 0.0 0.0 259.0 244.9105136810725 1.9598460460396296 507.60012592426403 0.8380735444042313 504.5202737313537 2.0600188458562885 2.022577691650838 503.43332568939206 
167.00004938511555 3.38856793148124E-89 48.24675448612212 0.8443152260291465 508.27776606954626 0.0 0.0 259.0 253.07048529177058 1.9624533478193134 508.2754170852021 0.8694001035969683 523.378862365369 2.0681149829145578 2.0367030668002712 506.02263478868167 
168.00013764874845 3.834506434832758E-89 48.22102974427088 0.8421701861130879 506.98645204007823 0.0 0.0 259.0 249.25709365823587 1.957468039398554 506.9842222042251 0.8498168435405277 511.5897398113953 2.052458095787845 2.0367030668002712 506.02263478868167 
169.0001896592802 3.8512014742307865E-89 48.19317675205201 0.8403205196991863 505.87295285891054 0.0 0.0 259.0 239.3228149740302 1.9531687932837543 505.8707174604922 0.8115321885406547 488.54237750147024 2.0413531303084653 2.0793159139305644 482.6351700264129 
170.00094791868 3.8512014742307865E-89 48.27785685959273 0.8386127813752569 504.8448943879051 0.0 0.0 259.0 237.5629045117369 1.9491998100309127 504.8427507980065 0.8109690250710543 488.2033530927796 2.055048763173628 2.0599353265529787 517.537741563146 
171.00008989166756 4.357732431238118E-89 48.260694450647875 0.83839372104142 504.71302006693475 0.0 0.0 259.0 254.89980133267488 1.9486905851244023 504.71086154722036 0.8508719523848198 512.224915335658 2.00951476877435 2.0600188458562885 504.5202737313537 
172.0000181678794 3.065694271802539E-89 48.260694450647875 0.836355883166337 503.48624166613445 0.0 0.0 258.0 242.83981019721975 1.95148899692059 503.48416120551207 0.8208266489038641 494.1376426401242 2.0348296362067475 2.0681149829145578 523.378862365369 
173.00071028375828 3.764262043101789E-89 48.04534380728779 0.8398550994139397 505.5927698471916 0.0 0.0 257.0 252.00008135633456 1.9672792104202856 505.59075707801367 0.8386187822155495 504.84850689375526 2.0033664440762085 2.052458095787845 511.5897398113953 
174.00048909606258 4.559753222499367E-89 47.58631536885186 0.837351477510605 504.0855894613843 0.0 0.0 258.0 253.6742495336007 1.9538124906799508 504.0836225954274 0.8351870941461581 502.7826306759934 1.9820010568687887 2.0413531303084653 488.54237750147024 
175.000138062524 4.948860722642396E-89 47.69456498887891 0.8350338268542946 502.6903637662853 0.0 0.0 257.0 252.78446287812267 1.9559860606050992 502.68841757551047 0.8149896949851473 490.6237963810626 1.9408779748366563 2.055048763173628 488.2033530927796 
176.0000186543614 4.023722193769846E-89 47.45273279469682 0.8330412909176647 501.49085713243426 0.0 0.0 259.0 251.43206022259022 1.9362520393245606 501.4892781850614 0.8177694620419663 492.2972161492601 1.9579731228922614 2.00951476877435 512.224915335658 
177.0001475644669 3.5853148050755826E-89 47.45273279469682 0.8325151697271579 501.1741321757495 0.0 0.0 259.0 247.31953547160657 1.9350292772668523 501.1725828121148 0.8313855814578602 500.49412003762507 2.023674025924588 2.0348296362067475 494.1376426401242 
178.00043125333377 3.5853148050755826E-89 47.36739470300001 0.8304930217719753 499.9567991067289 0.0 0.0 260.0 253.32236790656836 1.9229050497435276 499.9553129333171 0.8492273015422145 511.23483552841304 2.0181195989647835 2.0033664440762085 504.84850689375526 
179.00026123213948 3.5853148050755826E-89 47.382923227177336 0.833049429939388 501.49575682351207 0.0 0.0 259.0 243.94411128393554 1.9362714626284871 501.49430882077866 0.8276446223530064 498.24206265650525 2.042443492626813 1.9820010568687887 502.7826306759934 
180.0002262880199 3.5853148050755826E-89 47.382923227177336 0.8333544234280583 501.6793629036913 0.0 0.0 259.0 251.8169758334638 1.936980525384657 501.67795607462625 0.8247853693803846 496.52079236698995 1.971752661724276 1.9820010568687887 502.7826306759934 
181.00002706930465 3.5853148050755826E-89 47.382923227177336 0.8293717446529977 499.28179028110435 0.0 0.0 259.0 245.1858684123186 1.9277235793519336 499.28040705215045 0.8064542723213646 485.4854719374652 1.9800711806156994 1.9820010568687887 502.7826306759934 
182.00007161792757 5.169863480034539E-89 47.23232741341377 0.8249126419450676 496.59741045093085 0.0 0.0 259.0 253.84379704577387 1.917359377698071 496.5960788238007 0.8296145788384572 499.42797646075184 1.967461810267097 1.9820010568687887 502.7826306759934 
183.00041540029866 4.935352306597713E-89 47.23232741341377 0.8256538665712876 497.04362767591516 0.0 0.0 260.0 252.67394308881208 1.9117012178952406 497.0423166527628 0.8236051755404521 495.81031567534666 1.962253446533958 1.9820010568687887 502.7826306759934 
184.00037057283035 4.60299598723467E-89 47.23232741341377 0.8253520206108801 496.8619164077499 0.0 0.0 261.0 258.58478357206593 1.9036810318021904 496.860749300372 0.8357771695994369 503.1378560988531 1.945736516853598 1.9820010568687887 502.7826306759934 
185.00151768795118 3.910425853606732E-89 47.02496171203806 0.8231184442470667 495.51730343673415 0.0 0.0 261.0 260.43734554617765 1.898529432846539 495.51618197294664 0.8260098629035934 497.2579374679695 1.9093188667897925 1.9820010568687887 502.7826306759934 
186.00066836619655 5.378129980399034E-89 46.97717729549743 0.8203368843598217 493.84280438461263 0.0 0.0 261.0 258.24539843797334 1.89211400189173 493.8417544937417 0.821624081646707 494.61769715131317 1.9153011056269136 1.9820010568687887 502.7826306759934 
187.00013087077173 5.634932511698417E-89 46.76261769515198 0.8207458290160655 494.0889890676713 0.0 0.0 261.0 261.8524152740277 1.8930572413213 494.08793998485925 0.8166649016180555 491.6322707740641 1.8775166547903428 1.9820010568687887 502.7826306759934 
188.00011135577407 6.821425748882458E-89 46.48417324418403 0.8211428856556278 494.3280171646881 0.0 0.0 261.0 259.1036132218925 1.893973376966928 494.32705138836815 0.8296869333798034 499.4715338946369 1.927690346282037 1.9820010568687887 502.7826306759934 
189.00023255920968 9.993502889745029E-89 46.13530818074642 0.8199560786290842 493.61355933470844 0.0 0.0 262.0 258.99874286889445 1.8840176730853933 493.61263034837276 0.8188849287246055 492.96872709220656 1.9033633971796846 1.9820010568687887 502.7826306759934 
190.0007005204646 1.373368861626914E-88 46.25336030370876 0.8203400333595637 493.8447000824572 0.0 0.0 262.0 255.91755380668278 1.884899905583452 493.8437752628648 0.80587602498262 485.1373670395415 1.8956783535294683 2.0181195989647835 511.23483552841304 
191.00009261127616 1.9710506873764111E-88 46.26955181315247 0.8209602255527276 494.21805578274177 0.0 0.0 262.0 256.1896183166427 1.8863249887322902 494.2171470478602 0.8064780507554654 485.4997865547884 1.8950798621149636 2.0181195989647835 511.23483552841304 
192.00046663799324 1.7360864461716327E-88 46.26955181315247 0.8207114057573435 494.06826626592067 0.0 0.0 262.0 253.29833675585508 1.8857534910362115 494.0674146514874 0.8015855555278489 482.55450442777044 1.9050835888152196 1.927690346282037 499.4715338946369 
193.00029739968554 1.7360864461716327E-88 46.16479293397072 0.819523559441266 493.35318278364207 0.0 0.0 262.0 259.5002925513729 1.8830242737155174 493.35235971346543 0.8172222883637096 491.96781759495644 1.8958276029594927 1.9033633971796846 492.96872709220656 
194.0004852108745 1.7360864461716327E-88 46.16479293397072 0.8205180448923279 493.95186302518164 0.0 0.0 262.0 256.8165451023017 1.8853093469633375 493.9510489043945 0.8044740997935753 484.2934080757255 1.8857562618592563 1.9033633971796846 492.96872709220656 
195.00013219452418 1.7360864461716327E-88 46.16479293397072 0.8208739004854181 494.1660880922215 0.0 0.0 262.0 257.6157258834555 1.8861270465390678 494.1652861932356 0.8045648265058627 484.34802555652567 1.8801182416000608 1.9033633971796846 492.96872709220656 
196.00037045111537 1.7360864461716327E-88 46.18351911920028 0.8215829419045638 494.59293102654743 0.0 0.0 262.0 256.3683550763227 1.8877564378461837 494.59218671569994 0.8193913975002481 493.2736212951438 1.9240815472264223 1.9033633971796846 492.96872709220656 
197.00008276879163 1.880847174532523E-88 45.88557434324985 0.8232399526221208 495.5904514785169 0.0 0.0 262.0 258.76558934271725 1.8915638273208437 495.58972275806104 0.8246608749923806 496.44584674541557 1.918515703754981 1.9033633971796846 492.96872709220656 
198.0005970675989 1.9710506873764111E-88 45.88557434324985 0.8219290073825177 494.80126244427623 0.0 0.0 262.0 257.3044487458431 1.888551701097814 494.80054568762745 0.8196406752629938 493.4236865083197 1.917664808802849 1.9033633971796846 492.96872709220656 
199.00010783790236 1.5440965263250454E-88 45.88557434324985 0.819335775503069 493.24013685284746 0.0 0.0 262.0 253.45781804005364 1.882593312193237 493.23944779462795 0.8175707930818951 492.17761743529695 1.9418521836936145 1.9050835888152196 482.55450442777044 
200.00046237487854 1.5440965263250454E-88 45.828253208500755 0.8196824849064525 493.44885591368376 0.0 0.0 262.0 256.4519645279473 1.883390009479136 493.4481824835331 0.8119068816999009 488.76794278333597 1.9058849624451661 1.9050835888152196 482.55450442777044 
201.00032305576374 1.5440965263250454E-88 45.78753508304534 0.8232337847585792 495.58673842466453 0.0 0.0 262.0 252.35699037001234 1.8915498997752975 495.5860737411279 0.8153662830743806 490.85050241078267 1.9450640209771284 1.9050835888152196 482.55450442777044 
202.00005942186732 1.309833562861634E-88 45.78753508304534 0.8251025284801262 496.71172214503565 0.0 0.0 262.0 257.2349132047284 1.8958438103292359 496.7110783062594 0.8277085203045347 498.2805292233231 1.937064152822642 1.9050835888152196 482.55450442777044 
203.00021530189255 1.1370457043137663E-88 45.41664014842663 0.8239553824145085 496.02114021353435 0.0 0.0 262.0 251.5367312128016 1.893208081955819 496.02051747242456 0.8005740753154357 481.9455933398882 1.9160048356204458 1.9050835888152196 482.55450442777044 
204.00001439167312 1.7727032359540384E-88 45.54196080790764 0.8266683586029684 497.65435187898703 0.0 0.0 262.0 257.33173515932697 1.8994417453419024 497.65373727957854 0.8066228190066889 485.5869370420273 1.8870075886340878 1.9050835888152196 482.55450442777044 
205.00076204171154 1.8150466846748613E-88 45.45500817510697 0.8290089365750284 499.063379818167 0.0 0.0 262.0 254.26263196587323 1.9048197894214023 499.0627848284074 0.8007678684290558 482.0622567942977 1.8959225469631709 1.9050835888152196 482.55450442777044 
206.00017581144138 2.6546456719908E-88 44.87913580854473 0.8278912302973207 498.39052063898686 0.0 0.0 262.0 254.58179993659525 1.9022517970123383 498.38997081723227 0.8168538374353398 491.746010136068 1.9315835234825882 1.937064152822642 498.2805292233231 
207.00007035991587 2.491717670260724E-88 44.82630927460463 0.8284328822832819 498.71659513453517 0.0 0.0 262.0 252.4374596951561 1.903496450895108 498.7160701345178 0.7948313176302901 478.4884532134318 1.895473254212173 1.9160048356204458 481.9455933398882 
208.00052769932682 3.8810711649065484E-88 44.695756354780016 0.82849524982192 498.75414039279565 0.0 0.0 262.0 259.0860376450513 1.9036397520198487 498.7536150292004 0.8246114666866278 496.41610294535155 1.91602800157623 1.8870075886340878 485.5869370420273 
209.0004042913575 5.324429839113345E-88 44.695756354780016 0.829704284851467 499.4819794805833 0.0 0.0 262.0 241.0491542403711 1.9064178235085403 499.48146975923777 0.7846444408082551 472.35595336656405 1.9595835333051481 1.8959225469631709 482.0622567942977 
210.0002106032707 7.778568314650705E-88 44.695756354780016 0.8280149001469328 498.4649698884535 0.0 0.0 262.0 259.7244687192962 1.902536139736022 498.4644686108377 0.8250992716652037 496.70976154245864 1.912448850090017 1.9315835234825882 491.746010136068 
211.0005485444701 7.778568314650705E-88 44.523266458940384 0.8291398814784863 499.1422086500484 0.0 0.0 262.0 259.4938672895761 1.9051210759360253 499.14172189523845 0.8130785279935249 489.4732738521021 1.88626143255203 1.895473254212173 478.4884532134318 
212.00122979181236 7.778568314650705E-88 44.39877568125906 0.833092573040853 501.52172897059364 0.0 0.0 262.0 254.69068090257377 1.914203238389379 501.52124845801734 0.8139452407214999 489.9950349143465 1.9238828573464104 1.91602800157623 496.41610294535155 
213.0000792173197 1.2098859462926477E-87 44.300467394075994 0.8322053871318515 500.98764305337454 0.0 0.0 262.0 256.85163447994614 1.912164794388335 500.98717612974406 0.8171990046931683 491.95380082529044 1.9153228353845655 1.9595835333051481 472.35595336656405 
214.00044315588372 1.0093585042959124E-87 44.366474994268316 0.829555819674653 499.39260344414123 0.0 0.0 262.0 258.9446303312249 1.9060768862607096 499.3921442003063 0.8203523578162734 493.85211940539386 1.9071726599377279 1.912448850090017 496.70976154245864 
215.00016310175909 9.401633127377516E-88 44.43060620838404 0.8291314715710559 499.1371458857755 0.0 0.0 262.0 256.2700974846482 1.905101879602889 499.13669245595685 0.8037493638308537 483.85711702618005 1.8880748154987743 1.88626143255203 489.4732738521021 
216.00000913212833 9.401633127377516E-88 44.43060620838404 0.8312997055803473 500.4424227593693 0.0 0.0 262.0 255.2035907190194 1.9100839318347052 500.4419901406928 0.7968508368930534 479.70420380961525 1.8796922192908028 1.9238828573464104 489.9950349143465 
217.00012998256565 9.401633127377516E-88 44.43060620838404 0.832065916743377 500.9036818795127 0.0 0.0 263.0 254.1964515845392 1.904575149642696 500.903264356029 0.8006146837967992 481.97003964566755 1.8960533738425405 1.9238828573464104 489.9950349143465 
218.0001775263202 7.41451056089729E-88 44.43060620838404 0.8322684936488226 501.0256331765909 0.0 0.0 263.0 257.6890343084204 1.9050388531968656 501.02521839077565 0.8236184310011588 495.81829546269205 1.9240954384937536 1.9153228353845655 491.95380082529044 
219.0003330681411 1.1083971744486173E-87 44.43060620838404 0.8326690247307108 501.26675288788806 0.0 0.0 263.0 253.32694425675308 1.9059557263479487 501.2663560295104 0.8208140169620113 494.13003821112875 1.9505625019907706 1.9071726599377279 493.85211940539386 
220.0003182829394 1.040704948026093E-87 44.43060620838404 0.8328370723162122 501.36791753435966 0.0 0.0 263.0 252.58527852733542 1.9063404223244205 501.3675310713227 0.8087469324089629 486.8656533101924 1.9275298075517198 1.8880748154987743 483.85711702618005 
221.00064111432647 1.040704948026093E-87 44.03937484271963 0.8329258862061081 501.42138349607706 0.0 0.0 262.0 252.13058687835542 1.9138206117833498 501.4210002872377 0.8170715126955952 491.87705064274616 1.9508821072949012 1.8796922192908028 479.70420380961525 
222.00074793884727 8.397494698582426E-88 44.1383297806219 0.8331117561813206 501.53327722115534 0.0 0.0 261.0 252.5839526175117 1.9215820154588499 501.53290603476 0.8033253538397985 483.6018630115579 1.9146183199685571 1.8960533738425405 481.97003964566755 
223.0000410187047 8.600469067186297E-88 43.73703507077875 0.8344332211345498 502.3287991229986 0.0 0.0 260.0 255.0055091271943 1.9320324698701323 502.32844216623425 0.8135760675954554 489.7727926924696 1.9206361241716374 1.9240954384937536 495.81829546269205 
224.00025305228968 1.0056475391408615E-87 43.73703507077875 0.83539095917136 502.905357421159 0.0 0.0 260.0 254.23973187282496 1.9342501005678068 502.9050261476297 0.809746922014311 487.4676470526157 1.9173543154004555 1.9240954384937536 495.81829546269205 
225.00016729146668 1.6001870688055005E-87 43.73703507077875 0.8378119872792548 504.3628163421108 0.0 0.0 261.0 250.38404132333946 1.9324233548760823 504.3624956226572 0.8234273774688029 495.70328123622295 1.9797718681123315 1.9505625019907706 494.13003821112875 
226.0001268405107 1.4541000794167782E-87 43.10957920058628 0.8357626126880107 503.12909283818294 0.0 0.0 262.0 254.009058022103 1.9203392750348738 503.128890059137 0.8182958639982478 492.6141101269526 1.9393564700518948 1.9508821072949012 491.87705064274616 
227.00010188131597 1.3860443152902334E-87 41.59447932263482 0.833295580950405 501.6439397321443 0.0 0.0 262.0 255.2274487817492 1.914670772494333 501.6437423935156 0.833919844778184 502.019746556474 1.966950455183065 1.9146183199685571 483.6018630115579 
228.0001402574801 1.4196723363428277E-87 41.441324569177645 0.8354481148170224 502.93976511984755 0.0 0.0 261.0 250.65970355292933 1.9269715260862779 502.9395683085186 0.8186106588993124 492.8036166573884 1.9660264879924263 1.9146183199685571 483.6018630115579 
229.0003133466192 1.6099512090765305E-87 41.23394786267226 0.8372514906363184 504.02539736306375 0.0 0.0 260.0 253.95974086596695 1.9385584951645025 504.0252087427705 0.8198923045049173 493.5751673119556 1.9435173686543143 1.9173543154004555 487.4676470526157 
230.00025625053055 2.3473112879167273E-87 41.3677165517987 0.8345651073806084 502.408194643126 0.0 0.0 259.0 255.41974063487461 1.9397988875631473 502.40791187885503 0.8311738855178591 500.3666790817469 1.9589976790283672 1.9797718681123315 495.70328123622295 
231.00010673769503 3.0174922207023693E-87 41.891316456989664 0.8346177015322884 502.4398563224378 0.0 0.0 259.0 254.0743104245441 1.9399211554687832 502.43957926641485 0.8253118705967116 496.83774609922745 1.955482021259997 1.966950455183065 502.019746556474 
232.00018225474128 3.0174922207023693E-87 42.12469366276721 0.836089943868227 503.32614620867236 0.0 0.0 258.0 255.35496075269185 1.9508754423452843 503.3258641250831 0.8260683484657155 497.2931457763678 1.9474583313773572 1.966950455183065 502.019746556474 
233.00008577280875 3.0174922207023693E-87 42.06973341960318 0.8361833809001034 503.3823953018626 0.0 0.0 260.0 250.96633920912103 1.9360853430185014 503.3821891848107 0.8160110571504842 491.2386564045932 1.9573886201338822 1.9660264879924263 492.8036166573884 
234.0000568868377 3.0174922207023693E-87 42.44606098361919 0.837083818335777 503.9244586381377 0.0 0.0 262.0 251.6840636673291 1.9233750337128188 503.9242588327585 0.8182631137201896 492.5943944595583 1.9571934244937321 1.9589976790283672 500.3666790817469 
235.00050644745932 4.396576174550278E-87 42.44606098361919 0.8375642608654269 504.213685040987 0.0 0.0 264.0 255.30434316994638 1.9098999444351026 504.2135853308671 0.8310874021799252 500.3146161123084 1.959679220103467 1.9589976790283672 500.3666790817469 
236.0000589710808 4.129352191692145E-87 42.62968251150136 0.8374089091159386 504.1201632877951 0.0 0.0 264.0 254.40788412299887 1.9095457170401648 504.1200692986036 0.8270767750926833 497.9002186057938 1.957094294943601 1.9474583313773572 497.2931457763678 
237.0001909376311 5.306200783485305E-87 42.86907841629539 0.8389936682304949 505.074188274758 0.0 0.0 264.0 257.2090353550841 1.9131594582187506 505.07409696975 0.8318252099275284 500.75877637636745 1.9468941893314762 1.9573886201338822 491.2386564045932 
238.00003539798558 7.257754912213206E-87 43.04448503125136 0.8356495839006209 503.0610495081735 0.0 0.0 264.0 254.72030892954956 1.9055339357403203 503.0609590354445 0.8375573814828722 504.20954365269495 1.9794634584561102 1.9571934244937321 492.5943944595583 
239.00090110861944 6.9179188822243865E-87 43.439666808168184 0.8357887367909256 503.1448195481371 0.0 0.0 264.0 256.09234245726856 1.9058512483073364 503.14472955313676 0.8213084408538117 494.4276813939899 1.9306617161990691 1.959679220103467 500.3146161123084 
240.00022947002975 8.885942560302114E-87 43.86649352447177 0.838116566742731 504.54617317912437 0.0 0.0 264.0 257.5013610417653 1.911159426258255 504.54608853217945 0.8143270638977019 490.22489246642243 1.9037759275645565 1.959679220103467 500.3146161123084 
241.00073094034065 1.163445018465779E-86 44.48790924421786 0.8391303902670203 505.15649494074626 0.0 0.0 264.0 257.8004644751097 1.9134712614248242 505.15641301615335 0.8183279118741625 492.6334029482378 1.9109096795122371 1.957094294943601 497.9002186057938 
242.00073434312216 1.9173442067794667E-86 44.692031864092726 0.8396707255718356 505.4817767942451 0.0 0.0 264.0 259.67377842906046 1.9147034054755112 505.4816990455349 0.8286750255472386 498.86236537943444 1.9211118211372167 1.9468941893314762 500.75877637636745 
243.00021965733077 1.9173442067794667E-86 44.64165759458108 0.8343214152828238 502.26149200025986 0.0 0.0 265.0 258.18497384179375 1.8953260982476516 502.26141603562786 0.8322348246920542 501.0053644646113 1.9404900177173323 1.9794634584561102 504.20954365269495 
244.00038369848144 1.9173442067794667E-86 44.64165759458108 0.8335695863367503 501.80889097472345 0.0 0.0 265.0 259.52116782938435 1.893618188168622 501.80881986468455 0.8357670835594966 503.1317843028199 1.9386926643054843 1.9306617161990691 494.4276813939899 
245.0000248753999 1.6923511595162106E-86 44.93876490640186 0.8370275003465601 503.8905552086293 0.0 0.0 265.0 256.18402456508574 1.9014735323128216 503.8904860628977 0.8254905004888992 496.94528129432 1.9397980890415234 1.9037759275645565 490.22489246642243 
246.00006844278155 1.5743913934571965E-86 44.93876490640186 0.833292975742648 501.6423713970743 0.0 0.0 265.0 257.80238277379846 1.8929898440567352 501.64230867503466 0.8313865966826994 500.4947312029867 1.9413890818927455 1.9109096795122371 492.6334029482378 
247.00056228359574 2.289199318891486E-86 44.93876490640186 0.8341198009212214 502.1401201545754 0.0 0.0 265.0 261.0366224493935 1.894868149125139 502.140059518162 0.832924187253811 501.42036072679366 1.9208812772008752 1.9211118211372167 498.86236537943444 
248.00027472293917 2.289199318891486E-86 44.93876490640186 0.8318332297321169 500.7636042987345 0.0 0.0 264.0 264.3408163369833 1.8968316254948367 500.7635491306371 0.838835590160256 504.97902527646625 1.9103331535176764 1.9404900177173323 501.0053644646113 
249.00011224245506 1.8608641990746373E-86 44.93876490640186 0.8341817099577614 502.1773893945724 0.0 0.0 264.0 259.43546136823005 1.9021868758541598 502.17733522549827 0.8379382649066491 504.43883547380426 1.9443711850857133 1.9386926643054843 503.1317843028199 
250.000139476924 4.736464649787943E-86 45.323883201253665 0.8339873296982554 502.0603724783492 0.0 0.0 263.0 267.6998285458857 1.9089745958302853 502.06031870336466 0.8398470813289501 505.58794296003043 1.8886375299764864 1.9397980890415234 496.94528129432 
251.00007505502464 3.943675770911302E-86 45.69605152674199 0.8348687435743303 502.590983631747 0.0 0.0 261.0 262.79753226101957 1.9256357469705767 502.5909299593206 0.839131197717245 505.15698102577795 1.9222287845687935 1.9413890818927455 500.4947312029867 
252.00062133778306 0.0 0.0 0.0 0.0 0.0 0.0 261.0 265.4837341865949 0.0 0.0 0.7064037722516671 425.2550708955064 1.601812149427642 1.9208812772008752 501.42036072679366 
253.00019673025068 0.0 0.0 0.0 0.0 0.0 0.0 261.0 262.8188737202771 0.0 0.0 0.3836303368935247 230.94546280990357 0.8787248021453095 1.9397980890415234 496.94528129432 
254.00074982472267 0.0 0.0 0.0 0.0 0.0 0.0 261.0 259.6032520976986 0.0 0.0 0.11628364343368448 70.0027533470791 0.26965283670920426 1.9397980890415234 496.94528129432 
255.0001514294693 0.0 0.0 0.0 0.0 0.0 0.0 261.0 257.92810238076885 0.0 0.0 0.018724552060727238 11.272180340557666 0.043702800262985696 1.9397980890415234 496.94528129432 
256.00012949168615 0.0 0.0 0.0 0.0 0.0 0.0 261.0 256.52427735029585 0.0 0.0 0.0021532267870316094 1.2962425257930275 0.00505309883018576 1.9397980890415234 496.94528129432 
257.00026214459615 0.0 0.0 0.0 0.0 0.0 0.0 262.0 258.52963599919406 0.0 0.0 3.71174931988836E-4 0.22344730905728133 8.64300559561295E-4 1.9397980890415234 496.94528129432 
258.000512877981 0.0 0.0 0.0 0.0 0.0 0.0 260.0 253.29355910682483 0.0 0.0 1.7554823491482677E-4 0.10568003741872703 4.1722354801038266E-4 1.9397980890415234 496.94528129432 
259.00033649284 0.0 0.0 0.0 0.0 0.0 0.0 259.0 255.3792616946319 0.0 0.0 1.2261908241328255E-4 0.0738166876127956 2.890473060457878E-4 0.26965283670920426 70.0027533470791 
260.0009797943895 0.0 0.0 0.0 0.0 0.0 0.0 259.0 254.2234426066402 0.0 0.0 8.15810024699222E-5 0.04911176348689366 1.931834569752258E-4 0.043702800262985696 11.272180340557666 
261.00004301879835 0.0 0.0 0.0 0.0 0.0 0.0 260.0 252.39034502255848 0.0 0.0 6.707950816592075E-5 0.04038186391588389 1.5999765724903058E-4 0.00505309883018576 1.2962425257930275 
262.000229563513 0.0 0.0 0.0 0.0 0.0 0.0 259.0 256.08713887296545 0.0 0.0 6.188761373557603E-5 0.03725634346881667 1.4548307124200426E-4 0.00505309883018576 1.2962425257930275 
263.0003303547521 0.0 0.0 0.0 0.0 0.0 0.0 260.0 258.01321994779966 0.0 0.0 3.4785282603854977E-5 0.020940740127520695 8.116150068495464E-5 2.890473060457878E-4 0.0738166876127956 
264.000413805255 0.0 0.0 0.0 0.0 0.0 0.0 260.0 260.1913755822258 0.0 0.0 5.162740278460453E-6 0.0031079696476331935 1.1944937224297088E-5 1.931834569752258E-4 0.04911176348689366 
265.0003319336628 0.0 0.0 0.0 0.0 0.0 0.0 260.0 258.8840138704947 0.0 0.0 4.1738171803507503E-7 2.51263794257113E-4 9.705651210383592E-7 1.931834569752258E-4 0.04911176348689366 
266.0000854949517 0.0 0.0 0.0 0.0 0.0 0.0 261.0 260.234399008338 0.0 0.0 3.731923667775104E-8 2.246618048000636E-5 8.633055647376784E-8 1.931834569752258E-4 0.04911176348689366 
267.00040655992643 0.0 0.0 0.0 0.0 0.0 0.0 259.0 259.96531077623285 0.0 0.0 2.1606317550214272E-8 1.300700316522889E-5 5.0033610739798925E-8 1.931834569752258E-4 0.04911176348689366 
268.0001559180915 0.0 0.0 0.0 0.0 0.0 0.0 259.0 262.09607393554467 0.0 0.0 2.1356534460479457E-8 1.2856633745208816E-5 4.9053133654991535E-8 8.116150068495464E-5 0.020940740127520695 
269.00093024068457 0.0 0.0 0.0 0.0 0.0 0.0 260.0 262.22677897354 0.0 0.0 2.1454894650628538E-8 1.291584657967828E-5 4.925449120885383E-8 1.1944937224297088E-5 0.0031079696476331935 
270.0002843402445 0.0 0.0 0.0 0.0 0.0 0.0 260.0 257.2030254357624 0.0 0.0 1.742909957715162E-8 1.0492317945445268E-5 4.0793913398447835E-8 9.705651210383592E-7 2.51263794257113E-4 
271.00017316902864 0.0 0.0 0.0 0.0 0.0 0.0 260.0 251.5180286661782 0.0 0.0 1.484626503212703E-8 8.937451549340499E-6 3.553403943540976E-8 8.633055647376784E-8 2.246618048000636E-5 
272.0005919531545 0.0 0.0 0.0 0.0 0.0 0.0 260.0 255.14079680491506 0.0 0.0 6.568453001317298E-9 3.954208706793028E-6 1.5498143598792955E-8 8.633055647376784E-8 2.246618048000636E-5 
273.0004806044591 0.0 0.0 0.0 0.0 0.0 0.0 260.0 254.83302143127744 0.0 0.0 2.411363715872637E-11 1.4516409569553408E-8 5.6964397659383195E-11 8.633055647376784E-8 2.246618048000636E-5 
274.00012886941397 0.0 0.0 0.0 0.0 0.0 0.0 262.0 254.86234037496754 0.0 0.0 1.6460248314309408E-12 9.909069485214365E-10 3.888008511039958E-12 8.633055647376784E-8 2.246618048000636E-5 
275.00007118633715 0.0 0.0 0.0 0.0 0.0 0.0 261.0 254.7078336599597 0.0 0.0 3.785188023737853E-14 2.2786831902901707E-11 8.946262694583083E-14 8.633055647376784E-8 2.246618048000636E-5 
276.00009260079366 0.0 0.0 0.0 0.0 0.0 0.0 263.0 252.68834118179814 0.0 0.0 7.194134710547407E-15 4.33086909574953E-12 1.7139172608813243E-14 8.633055647376784E-8 2.246618048000636E-5 
277.0006700006043 0.0 0.0 0.0 0.0 0.0 0.0 263.0 249.10145635379604 0.0 0.0 2.2439028967094004E-15 1.3508295438190558E-12 5.422808696471399E-15 8.633055647376784E-8 2.246618048000636E-5 
278.0005132833866 0.0 0.0 0.0 0.0 0.0 0.0 263.0 254.95291369536426 0.0 0.0 -3.944946989023648E-16 -2.374858087392224E-13 -9.314888984676883E-16 8.633055647376784E-8 2.246618048000636E-5 
279.00049975061637 0.0 0.0 0.0 0.0 0.0 0.0 263.0 256.5628938285226 0.0 0.0 -4.540479146504789E-16 -2.733368446195874E-13 -1.0653794885954005E-15 8.633055647376784E-8 2.246618048000636E-5 
280.00000684171374 0.0 0.0 0.0 0.0 0.0 0.0 263.0 258.61200004627966 0.0 0.0 -4.608795276186347E-16 -2.77449475626422E-13 -1.0728406863439101E-15 1.7139172608813243E-14 4.33086909574953E-12 
281.0000898995502 0.0 0.0 0.0 0.0 0.0 0.0 262.0 258.0011768686039 0.0 0.0 -4.648068138527965E-16 -2.798137019393867E-13 -1.0845442851677052E-15 1.7139172608813243E-14 4.33086909574953E-12 
282.0006367989285 0.0 0.0 0.0 0.0 0.0 0.0 263.0 258.17534542974164 0.0 0.0 3.71263962530685E-22 2.2350090544347143E-19 8.656942244870306E-22 -9.314888984676883E-16 -2.374858087392224E-13 
283.0002776563888 0.0 0.0 0.0 0.0 0.0 0.0 263.0 250.7571111430213 0.0 0.0 8.260171606521781E-23 4.972623307126058E-20 1.9830437846645486E-22 -1.0653794885954005E-15 -2.733368446195874E-13 
284.0001929258394 0.0 0.0 0.0 0.0 0.0 0.0 261.0 259.3806146005674 0.0 0.0 2.719755017391855E-23 1.6372925204698993E-20 6.312316450445782E-23 -1.0728406863439101E-15 -2.77449475626422E-13 
285.0008120169665 0.0 0.0 0.0 0.0 0.0 0.0 259.0 258.15249420928393 0.0 0.0 4.165928959704085E-24 2.507889233741874E-21 9.714758873136166E-24 -1.0845442851677052E-15 -2.798137019393867E-13 
286.0002066849344 0.0 0.0 0.0 0.0 0.0 0.0 259.0 259.3312572416711 0.0 0.0 5.393610514582069E-25 3.2469535297784257E-22 1.252048659430431E-24 8.656942244870306E-22 2.2350090544347143E-19 
287.00033809566656 0.0 0.0 0.0 0.0 0.0 0.0 260.0 253.61493339225333 0.0 0.0 2.1861815112403195E-25 1.316081269766672E-22 5.189289337829157E-25 1.9830437846645486E-22 4.972623307126058E-20 
288.00149425333245 0.0 0.0 0.0 0.0 0.0 0.0 260.0 258.28261108508883 0.0 0.0 1.3778996274848327E-25 8.294955757458638E-23 3.2115811910875955E-25 6.312316450445782E-23 1.6372925204698993E-20 
289.0000223205049 0.0 0.0 0.0 0.0 0.0 0.0 262.0 245.59396511094207 0.0 0.0 4.6291997166371675E-26 2.786778229415609E-23 1.1347095716121276E-25 9.714758873136166E-24 2.507889233741874E-21 
290.0001968516102 0.0 0.0 0.0 0.0 0.0 0.0 262.0 252.7537500791478 0.0 0.0 1.0431172205892212E-26 6.2795656679470284E-24 2.4844599401514846E-26 1.252048659430431E-24 3.2469535297784257E-22 
291.0001339051719 0.0 0.0 0.0 0.0 0.0 0.0 263.0 254.06226526604493 0.0 0.0 2.8527386377046774E-27 1.7173486598982375E-24 6.759558166183755E-27 5.189289337829157E-25 1.316081269766672E-22 
292.00010436682226 0.0 0.0 0.0 0.0 0.0 0.0 263.0 249.3314845390532 0.0 0.0 1.3888106713501333E-27 8.36064024152786E-25 3.35322282181267E-27 3.2115811910875955E-25 8.294955757458638E-23 
293.0002392111094 0.0 0.0 0.0 0.0 0.0 0.0 263.0 257.4695613221094 0.0 0.0 4.596195257050852E-28 2.7669095447446054E-25 1.074655011853242E-27 1.1347095716121276E-25 2.786778229415609E-23 
294.00062534203283 0.0 0.0 0.0 0.0 0.0 0.0 262.0 252.73682653039592 0.0 0.0 1.287215374027033E-29 7.749036551642718E-27 3.0660496367001604E-29 2.4844599401514846E-26 6.2795656679470284E-24 
295.00000700600174 0.0 0.0 0.0 0.0 0.0 0.0 262.0 253.70420333034653 0.0 0.0 1.4880306017386345E-31 8.957944222466631E-29 3.5308615722075965E-31 6.759558166183755E-27 1.7173486598982375E-24 
296.0000518968211 0.0 0.0 0.0 0.0 0.0 0.0 262.0 251.77254228533488 0.0 0.0 1.795387259038668E-32 1.0808231299412749E-29 4.292855448535661E-32 6.759558166183755E-27 1.7173486598982375E-24 
297.00010797407174 0.0 0.0 0.0 0.0 0.0 0.0 263.0 255.711059751674 0.0 0.0 1.9399859789913496E-33 1.1678715593527917E-30 4.567153100405335E-33 3.35322282181267E-27 8.36064024152786E-25 
298.00012122968513 0.0 0.0 0.0 0.0 0.0 0.0 262.0 256.5087995099536 0.0 0.0 7.05231986029362E-35 4.2454965558967217E-32 1.6551075690220051E-34 1.074655011853242E-27 2.7669095447446054E-25 
299.0007205344694 0.0 0.0 0.0 0.0 0.0 0.0 262.0 258.96115105305427 0.0 0.0 1.0004358988894116E-37 6.022624111314287E-35 2.325686338210789E-37 3.0660496367001604E-29 7.749036551642718E-27 
300.00009257892066 0.0 0.0 0.0 0.0 0.0 0.0 262.0 255.7009750090636 0.0 0.0 9.494519185394751E-38 5.715700549607689E-35 2.2353065135575217E-37 3.0660496367001604E-29 7.749036551642718E-27 
#####################################################################
# End of data export. Simulation finished at: 2021-12-09T08:54+0000 #
#####################################################################
