#####################################################################
# Alchemist log file - simulation started at: 2021-12-09T08:43+0000 #
#####################################################################
# random = 3.0
#
# The columns have the following meaning: 
# time localWarningInSystem[Min] localWarningInSystem[Max] localWarningInSystem[Mean] localWarningInSystem[Sum] meanWarningAtDetector[Sum] dataAtCollector[Sum] inSurveillanceArea[Sum] numDevicesAtDetector[Sum] localWarningInSurveillanceArea[Mean] localWarningInSurveillanceArea[Sum] sumWarningAtDetector[Mean] sumWarningAtDetector[Sum] meanWarningOverallAtDetector[Sum] meanWarningAtCollector[Sum] sumWarningAtCollector[Sum] 
0.0 0.0 0.0 0.0 0.0 0.0 0.0 0.0 0.0 0.0 0.0 0.0 0.0 0.0 0.0 0.0 
1.0016359619213666 0.0 0.0 0.0 0.0 0.0 0.0 1.0 1.0 0.0 0.0 0.0 0.0 0.0 0.0 0.0 
2.0 0.0 0.0 0.0 0.0 0.0 0.0 189.0 10.970469496893001 0.0 0.0 0.0 0.0 0.0 0.0 0.0 
3.000185745743329 0.0 0.0 0.0 0.0 0.0 0.0 253.0 55.32972698924083 0.0 0.0 0.0 0.0 0.0 0.0 0.0 
4.000584103699297 0.0 0.0 0.0 0.0 0.0 0.0 259.0 121.1913225304372 0.0 0.0 0.0 0.0 0.0 0.0 0.0 
5.000198292574436 0.0 0.0 0.0 0.0 0.0 0.0 259.0 184.85445903170495 0.0 0.0 0.0 0.0 0.0 0.0 0.0 
6.00026636906141 0.0 0.0 0.0 0.0 0.0 0.0 257.0 227.6950152091159 0.0 0.0 0.0 0.0 0.0 0.0 0.0 
7.0004414391004 0.0 0.0 0.0 0.0 0.0 0.0 257.0 248.5948297711649 0.0 0.0 0.0 0.0 0.0 0.0 0.0 
8.000116855942077 0.0 0.0 0.0 0.0 0.0 0.0 257.0 251.85729652105763 0.0 0.0 0.0 0.0 0.0 0.0 0.0 
9.000359239296083 0.0 0.0 0.0 0.0 0.0 0.0 257.0 254.96782051240191 0.0 0.0 0.0 0.0 0.0 0.0 0.0 
10.000221885679373 0.0 0.0 0.0 0.0 0.0 0.0 257.0 250.75174652750795 0.0 0.0 0.0 0.0 0.0 0.0 0.0 
11.000580187422178 0.0 0.0 0.0 0.0 0.0 0.0 257.0 248.24085248079356 0.0 0.0 0.0 0.0 0.0 0.0 0.0 
12.000568046126016 0.0 0.0 0.0 0.0 0.0 0.0 257.0 250.75972275331657 0.0 0.0 0.0 0.0 0.0 0.0 0.0 
13.00004828235213 0.0 0.0 0.0 0.0 0.0 0.0 257.0 252.1070361766412 0.0 0.0 0.0 0.0 0.0 0.0 0.0 
14.00038767097708 0.0 0.0 0.0 0.0 0.0 0.0 258.0 248.2152324597291 0.0 0.0 0.0 0.0 0.0 0.0 0.0 
15.00018575991235 0.0 0.0 0.0 0.0 0.0 0.0 257.0 247.61030838560916 0.0 0.0 0.0 0.0 0.0 0.0 0.0 
16.000943088602494 0.0 0.0 0.0 0.0 0.0 0.0 257.0 253.44307558780642 0.0 0.0 0.0 0.0 0.0 0.0 0.0 
17.001005071871045 0.0 0.0 0.0 0.0 0.0 0.0 257.0 252.65293494280084 0.0 0.0 0.0 0.0 0.0 0.0 0.0 
18.000218213592337 0.0 0.0 0.0 0.0 0.0 0.0 257.0 246.2393495793393 0.0 0.0 0.0 0.0 0.0 0.0 0.0 
19.00008633178954 0.0 0.0 0.0 0.0 0.0 0.0 258.0 248.90588026502095 0.0 0.0 0.0 0.0 0.0 0.0 0.0 
20.00010604411832 0.0 0.0 0.0 0.0 0.0 0.0 258.0 253.5475684765355 0.0 0.0 0.0 0.0 0.0 0.0 0.0 
21.00001091785101 0.0 0.0 0.0 0.0 0.0 0.0 257.0 249.69507862896663 0.0 0.0 0.0 0.0 0.0 0.0 0.0 
22.000306151406143 0.0 0.0 0.0 0.0 0.0 0.0 257.0 247.60329073554968 0.0 0.0 0.0 0.0 0.0 0.0 0.0 
23.00000225478376 0.0 0.0 0.0 0.0 0.0 0.0 257.0 252.8713140828543 0.0 0.0 0.0 0.0 0.0 0.0 0.0 
24.000300586435902 0.0 0.0 0.0 0.0 0.0 0.0 258.0 254.93255858616513 0.0 0.0 0.0 0.0 0.0 0.0 0.0 
25.0003105590271 0.0 0.0 0.0 0.0 0.0 0.0 257.0 244.83268528517252 0.0 0.0 0.0 0.0 0.0 0.0 0.0 
26.000555316375628 0.0 0.0 0.0 0.0 0.0 0.0 257.0 255.34612169397184 0.0 0.0 0.0 0.0 0.0 0.0 0.0 
27.00003143117424 0.0 0.0 0.0 0.0 0.0 0.0 257.0 259.67141182562864 0.0 0.0 0.0 0.0 0.0 0.0 0.0 
28.00144337455793 0.0 0.0 0.0 0.0 0.0 0.0 257.0 255.1961660945805 0.0 0.0 0.0 0.0 0.0 0.0 0.0 
29.000300939876993 0.0 0.0 0.0 0.0 0.0 0.0 257.0 258.4585850608864 0.0 0.0 0.0 0.0 0.0 0.0 0.0 
30.00010197103147 0.0 0.0 0.0 0.0 0.0 0.0 257.0 257.8481078524236 0.0 0.0 0.0 0.0 0.0 0.0 0.0 
31.000341433739255 5.604094483713047E-96 49.31008189149137 1.2700040260086367 764.5424236571989 0.0 0.0 258.0 260.35813793915304 2.9630845548146207 764.4758151421719 0.08505352234163262 51.20222044966255 0.19666072608657523 0.0 0.0 
32.00001028893467 7.687428846513754E-96 49.22550553306632 1.2726135183059546 766.1133380201833 0.0 0.0 258.0 260.9071984451013 2.9691748668899303 766.0471156576017 0.3998632323183883 240.71766585566806 0.9226179549289767 0.0 0.0 
33.00014339441671 7.024375941627176E-96 49.22550553306632 1.2693456927247504 764.1461070203007 0.0 0.0 258.0 262.70335282304353 2.9615541272606074 764.0809648332367 0.9100778362704689 547.8668574348252 2.0854962509894848 0.0 0.0 
34.000844379018325 6.297746890600988E-96 49.10532346855473 1.2678473911895136 763.2441294960861 0.0 0.0 257.0 254.52932504821598 2.969568122667189 763.1790075254671 1.1352957956487102 683.4480689805308 2.6851447032716718 0.0 0.0 
35.00017346174896 8.230414495390509E-96 49.09223046142636 1.2707996614575958 765.0213961974731 0.0 0.0 257.0 250.57467937197407 2.976484988893327 764.956642145585 1.1846477804832423 713.1579638509166 2.8460894996985915 0.0 0.0 
36.000180030821205 1.1497641563744228E-95 49.09223046142636 1.2700106050819704 764.5463842593456 0.0 0.0 258.0 251.89349630889637 2.9631223108344757 764.4855561952947 1.239628762431254 746.2565149836184 2.9625874662062968 0.0 0.0 
37.00007955775264 1.616211156294995E-95 49.09223046142636 1.2668962748764894 762.6715574756461 0.0 0.0 259.0 244.62672856017159 2.944604444702373 762.6525511779149 1.1923847716463742 717.8156325311234 2.93433034385104 0.0 0.0 
38.00005212432796 1.305715654007686E-95 48.93022127898689 1.2625743378277319 760.0697513722941 0.0 0.0 259.0 247.66606764244258 2.9345607484023666 760.0512338362128 1.2322484712008352 741.8135796628985 2.9952168527739556 0.0 0.0 
39.000365883399105 1.3339368634385125E-95 48.81292955429759 1.2608859115107394 759.0533187294652 0.0 0.0 260.0 251.22604470934039 2.9193654871264227 759.0350266528698 1.2593333369076305 758.1186688183898 3.0176754551682974 0.0 0.0 
40.0003539064523 1.3339368634385125E-95 48.8479246922127 1.2619402264634523 759.6880163309983 0.0 0.0 261.0 254.42229110149248 2.9106162803020776 759.6708491588422 1.2532453931139067 754.4537266545776 2.9653601631690987 0.0 0.0 
41.00028265222039 1.7528936751619622E-95 48.8479246922127 1.2602428373181358 758.6661880655174 0.0 0.0 261.0 255.33604140081107 2.9067022428087523 758.6492853730844 1.265717471330466 761.9619177409492 2.9841534064706026 0.0 0.0 
42.00006735209805 1.5744513145703395E-95 48.8479246922127 1.2604513097677101 758.7916884801607 0.0 0.0 261.0 254.61987434776975 2.9071841644230765 758.775066914423 1.262701984670367 760.1465947715545 2.9854173666479653 0.0 0.0 
43.0000306382326 1.508151332650284E-95 48.66779169876647 1.2583515279169775 757.5276198060199 0.0 0.0 261.0 254.88957504634305 2.902340859720677 757.510964387097 1.2455825895026797 749.840718880612 2.9418257641344447 0.0 0.0 
44.00013009531809 2.2525989031481926E-95 48.63400635361443 1.2531467646315746 754.3943523082069 0.0 0.0 261.0 256.674580194278 2.890338999921577 754.3784789795315 1.265733035726225 761.9712875071784 2.968627773464904 0.0 0.0 
45.00069659842649 2.6997286941673876E-95 48.64913928722071 1.2543212305740683 755.1013808055883 0.0 0.0 261.0 252.065328053195 2.893049926489486 755.0860308137557 1.2131935895282264 730.3425408959932 2.89743356032633 2.93433034385104 717.8156325311234 
46.0001223603952 2.5252923543485008E-95 48.586746269245644 1.2536883741598979 754.7204012442579 0.0 0.0 261.0 250.99127965152204 2.8915927617910393 754.7057108274607 1.1772127301788475 708.6820635676771 2.823532612573696 2.93433034385104 717.8156325311234 
47.00085454321125 3.5261899403269746E-95 48.55193824212593 1.2541377024807103 754.990896893387 0.0 0.0 261.0 255.12235462364785 2.8926295955860892 754.9763244479688 1.2072682413212692 726.7754812754017 2.848733041632234 2.93433034385104 717.8156325311234 
48.00014727230529 3.5261899403269746E-95 48.409727900564015 1.2528612178090108 754.2224531210246 0.0 0.0 261.0 255.69613144990063 2.8896855740319016 754.2079348223259 1.2136153144266932 730.5964192848585 2.8572838202208257 2.93433034385104 717.8156325311234 
49.00035347867925 4.3076877891497136E-95 48.409727900564015 1.253609786753853 754.67309162582 0.0 0.0 263.0 256.53385742781984 2.8694425854160457 754.66339996442 1.2561800721366567 756.2204034262677 2.9478385855521747 2.93433034385104 717.8156325311234 
50.0006804441906 3.756112893638864E-95 48.46166172393187 1.252788755397434 754.1788307492545 0.0 0.0 263.0 254.63803724389612 2.867566206585116 754.1699123318847 1.2365072981287109 744.3773934734771 2.9232765125365043 2.93433034385104 717.8156325311234 
51.00020417984963 4.014498349475079E-95 48.57271212532407 1.251985790836248 753.6954460834212 0.0 0.0 263.0 256.50451817817554 2.8657290042006145 753.6867281047615 1.2410818303708624 747.1312618832521 2.9127411368413902 2.93433034385104 717.8156325311234 
52.000178231383444 4.1964785315260615E-95 48.50906963322628 1.2493806080688432 752.1271260574434 0.0 0.0 263.0 257.1541882381562 2.859765243253392 752.118258975642 1.2315550352692264 741.3961312320799 2.8830801330190914 2.93433034385104 717.8156325311234 
53.00036007893078 3.926380271698147E-95 48.46166172393187 1.24961356905063 752.26736856848 0.0 0.0 263.0 258.1664496763499 2.8602988708250616 752.2586030269912 1.238564949703092 745.616099721267 2.888121600060767 2.93433034385104 717.8156325311234 
54.00001219229417 6.683414850299305E-95 48.46166172393187 1.2434533012734947 748.558887366643 0.0 0.0 263.0 258.5699856093372 2.8461983474969017 748.550165391685 1.2316591335324525 741.4587983865405 2.8675362170873933 2.93433034385104 717.8156325311234 
55.000462218657525 7.068481872670886E-95 48.70349450232248 1.240022252216239 746.4933958341749 0.0 0.0 263.0 257.7005115516751 2.838345418842903 746.4848451556828 1.2016717671429868 723.4064038200831 2.8071593628754705 2.93433034385104 717.8156325311234 
56.000310162254536 7.068481872670886E-95 48.77416579364142 1.2394378782331146 746.1416026963353 0.0 0.0 263.0 256.49345254522876 2.837007864998672 746.1330684946504 1.2202507744672786 734.5909662293078 2.863975508691684 2.93433034385104 717.8156325311234 
57.000145087225285 5.812412568543066E-95 48.881315514848694 1.2425342796955559 748.0056363767249 0.0 0.0 263.0 261.0951790044575 2.8440970359697118 747.997520460034 1.24243606113795 747.9465088050425 2.864650782358081 2.93433034385104 717.8156325311234 
58.00008384087641 5.940415391198146E-95 49.01592413438465 1.242215796005984 747.8139091956024 0.0 0.0 263.0 256.3044512671433 2.843368024292892 747.8057903890308 1.2183373751756899 733.4390998557622 2.8615932974621137 2.93433034385104 717.8156325311234 
59.00008442008934 6.786495064910549E-95 49.07396064276179 1.2424470112122261 747.9531007497599 0.0 0.0 263.0 259.5269326696651 2.8439003190997636 747.945783923238 1.2659002448360017 762.0719473912698 2.936388680558489 2.93433034385104 717.8156325311234 
60.00041325715048 1.0376118214504964E-94 49.17657783458113 1.24064598001953 746.8688799717575 0.0 0.0 262.0 256.1472783548048 2.8506085407236945 746.8594376696084 1.227381809618223 738.8838493901742 2.8846055056134627 2.93433034385104 717.8156325311234 
61.00095847764898 1.0850573665862601E-94 49.15336104394748 1.2412272536372895 747.2188066896483 0.0 0.0 262.0 255.96184650676489 2.851944179566991 747.2093750465515 1.250251889638935 752.651637562628 2.9404837003421758 2.9127411368413902 747.1312618832521 
62.0003679743639 1.293403741067543E-94 49.221403578614 1.2405398243312806 746.8049742474302 0.0 0.0 262.0 259.90609887789105 2.850364676813843 746.7955453252266 1.2789576238997333 769.9324895876343 2.962348682511539 2.9127411368413902 747.1312618832521 
63.0002951323478 1.237879115707349E-94 49.28817116910314 1.2406050534553663 746.8442421801308 0.0 0.0 262.0 256.98730844561845 2.850514912343606 746.8349070340248 1.2540617958515667 754.945201102654 2.9376750379967085 2.9127411368413902 747.1312618832521 
64.00013171903187 1.3513888726173304E-94 49.36353009290349 1.2389376862461705 745.8404871201946 0.0 0.0 262.0 260.92868740650357 2.8466843942648596 745.831311297393 1.290807672812017 777.0662190328316 2.9780789025402634 2.9127411368413902 747.1312618832521 
65.00025415428105 1.4132763138671845E-94 49.42527308684671 1.2354053601045314 743.7140267829277 0.0 0.0 262.0 260.75360112574384 2.8385690350174055 743.70508717456 1.26400959965093 760.9337789898531 2.918210048508232 2.9127411368413902 747.1312618832521 
66.00113900006475 1.8419034573698218E-94 49.42527308684671 1.2353706788892782 743.6931486913461 0.0 0.0 262.0 259.8230268985371 2.8384922278987235 743.6849637094658 1.2593248261833165 758.1135453623665 2.9178073799379445 2.9127411368413902 747.1312618832521 
67.0000954082512 1.8419034573698218E-94 49.45576140484319 1.231366884562967 741.2828645069067 0.0 0.0 263.0 254.99921132634276 2.8185436306321603 741.2769748562583 1.1939460178675203 718.7555027562413 2.8186577480680626 2.9127411368413902 747.1312618832521 
68.0001115538787 1.8419034573698218E-94 49.60021793889884 1.2312697320547235 741.2243786969441 0.0 0.0 262.0 259.1099074009935 2.8290709105782614 741.2165785715042 1.2184799640938622 733.5249383845046 2.830941301095506 2.9127411368413902 747.1312618832521 
69.0002099375795 1.8419034573698218E-94 49.60683174225975 1.2289052609954911 739.8009671192852 0.0 0.0 262.0 250.54296001826538 2.8236391406629684 739.7934548536977 1.1420709493608923 687.5267115152628 2.744146997645194 2.9127411368413902 747.1312618832521 
70.00031796849994 1.6134541288071653E-94 49.728517484128375 1.224261152920623 737.0052140582148 0.0 0.0 262.0 253.32182642680965 2.81296919990109 736.9979303740855 1.1620764071371124 699.569997096534 2.761585951610275 2.9127411368413902 747.1312618832521 
71.0001761431376 1.6134541288071653E-94 49.76499843832228 1.2215615652716743 735.3800622935471 0.0 0.0 262.0 255.10628470318846 2.80676632743835 735.3727777888472 1.1658220951575835 701.8249012848594 2.7511078455061186 2.9178073799379445 758.1135453623665 
72.00004158578841 2.0083665842420317E-94 49.76251025064564 1.2210026686632616 735.0436065352828 0.0 0.0 262.0 259.69630641799756 2.805481899040432 735.0362575485927 1.201751439327819 723.4543664753515 2.785770719861168 2.8186577480680626 718.7555027562413 
73.0000512968505 2.1004806329427047E-94 49.873216568222986 1.2203205768323822 734.6329872530943 0.0 0.0 262.0 253.4381457706077 2.8039169230015193 734.6262338263982 1.1526290673178454 693.8826985253529 2.7378779008010934 2.830941301095506 733.5249383845046 
74.00033240201317 2.1004806329427047E-94 49.876541560156355 1.2191197517079313 733.9100905281747 0.0 0.0 262.0 248.3217280340849 2.801160678277321 733.9040977086578 1.1105982721271064 668.5801598205134 2.692394922963581 2.744146997645194 687.5267115152628 
75.0000843906407 2.397621735214324E-94 49.92644304827273 1.2181387749272254 733.3195425061896 0.0 0.0 262.0 257.1264395365456 2.798906479199266 733.3134975502076 1.1585216907041485 697.4300578038876 2.712401179205693 2.761585951610275 699.569997096534 
76.00036789972336 3.8084268030398987E-94 49.954465191216784 1.2162486876271368 732.1817099515366 0.0 0.0 262.0 257.4893876712751 2.794565615590947 732.1761912848282 1.1654951295620313 701.6280679963431 2.724881496444737 2.7511078455061186 701.8249012848594 
77.0000266512347 3.8084268030398987E-94 49.954465191216784 1.217573927426012 732.9795043104593 0.0 0.0 262.0 255.4502435278901 2.7976104225803335 732.9739307160473 1.1703066415494467 704.5245982127656 2.757971918456384 2.785770719861168 723.4543664753515 
78.00006765190219 3.0505664740054537E-94 49.954465191216784 1.2118530407271928 729.5355305177698 0.0 0.0 261.0 258.5654004934148 2.795086035612955 729.5174552949816 1.2006543807816417 722.7939372305523 2.7954008380520365 2.7378779008010934 693.8826985253529 
79.0008981272549 3.793223523106226E-94 49.954465191216784 1.20863281276107 727.5969532821634 0.0 0.0 262.0 254.20206423136582 2.777068230840498 727.5918764802107 1.179040598392486 709.7824402322736 2.792197783202321 2.692394922963581 668.5801598205134 
80.0000139261507 3.9619142404219564E-94 49.944475297228024 1.2055045255384378 725.71372437414 0.0 0.0 262.0 261.3734386001093 2.7698800997555737 725.7085861359606 1.2440203356864388 748.9002420832273 2.8652499890358567 2.712401179205693 697.4300578038876 
81.0003048513558 3.2335393211570444E-94 49.944475297228024 1.2044729150862241 725.0926948819073 0.0 0.0 261.0 258.9026819286694 2.7780693566540546 725.0761020867083 1.2050810906750367 725.4588165863665 2.8020521501829734 2.724881496444737 701.6280679963431 
82.0004629131842 3.2335393211570444E-94 49.944475297228024 1.2035705743873797 724.5494857812027 0.0 0.0 261.0 259.0863816431978 2.7759890808625265 724.5331501051194 1.2314688514437515 741.3442485691419 2.8613786794478764 2.724881496444737 701.6280679963431 
83.0002397547958 3.2335393211570444E-94 49.944475297228024 1.2047590374313863 725.2649405336949 0.0 0.0 261.0 260.7062394507996 2.7787308003623763 725.2487388945804 1.2359692746410325 744.0535033338966 2.8539919293888403 2.7954008380520365 722.7939372305523 
84.0000178138161 3.2335393211570444E-94 49.91784534569416 1.2059170576943992 725.962068732028 0.0 0.0 261.0 255.78566436508936 2.781401471349648 725.9457840222582 1.2000594433364762 722.4357848885634 2.8243794924230485 2.792197783202321 709.7824402322736 
85.00077754829898 2.697280300373569E-94 49.87515611987063 1.2062355660346287 726.1538107528467 0.0 0.0 261.0 249.2014584125236 2.782139671503515 726.1384542624171 1.1747434625595041 707.1955644608176 2.837846812638387 2.8652499890358567 748.9002420832273 
86.00023110245942 3.811495938663835E-94 49.824198676292646 1.2036747284276066 724.612186513419 0.0 0.0 261.0 258.96437472232327 2.7762322984725407 724.5966299013331 1.2295483559709448 740.1881102944998 2.8582623037943837 2.8020521501829734 725.4588165863665 
87.00021328278211 3.340541294594385E-94 49.76444549694827 1.2013183384789845 723.1936397643489 0.0 0.0 261.0 262.1747077819378 2.770801254839573 723.1791275131286 1.2862885293821291 774.345694688033 2.953548422878725 2.8020521501829734 725.4588165863665 
88.00012805133552 4.0712477491482964E-94 49.76002218727117 1.1943485889111318 718.997850524501 0.0 0.0 261.0 254.25205872606435 2.754726040417702 718.98349654902 1.224462358577194 737.126339863466 2.8991951670199017 2.8020521501829734 725.4588165863665 
89.00000807009954 6.456793666233114E-94 49.61427332503441 1.1966643673577757 720.3919491493815 0.0 0.0 261.0 262.65444989323044 2.7600676003742874 720.3776436976892 1.3019299998084657 783.7618598847026 2.9840037364807768 2.8020521501829734 725.4588165863665 
90.00068850746614 6.029613171952734E-94 49.64018976757393 1.1934908537230298 718.4814939412646 0.0 0.0 261.0 264.2629215027617 2.7527482147113593 718.4672840396648 1.3402389351530477 806.8238389621298 3.0531102675094663 2.8020521501829734 725.4588165863665 
91.00071358510756 5.13755508781643E-94 49.51129291271824 1.1931972094608847 718.3047200954533 0.0 0.0 261.0 260.6076112238537 2.7520750067336004 718.29157675747 1.2222958680147522 735.8221125448752 2.8234866552413433 2.837846812638387 707.1955644608176 
92.00002214431088 5.13755508781643E-94 49.53082621928606 1.191123672183979 717.0564506547549 0.0 0.0 261.0 250.6198518486796 2.7472929274761135 717.0434540712652 1.10711565358142 666.4836234560199 2.6593409043208296 2.837846812638387 707.1955644608176 
93.00029979315913 7.139627725989349E-94 49.53412838442944 1.1902133470652272 716.5084349332666 0.0 0.0 261.0 253.7900915322113 2.745192926608014 716.4953538446917 1.1390220347952498 685.6912649467491 2.701804711157214 2.837846812638387 707.1955644608176 
94.00005710415978 6.684999871821354E-94 49.53412838442944 1.1841666436179306 712.8683194579945 0.0 0.0 260.0 254.79260758051865 2.741750797629869 712.8552073837665 1.1909426659422246 716.9474848972148 2.8138472764389277 2.837846812638387 707.1955644608176 
95.0008699083117 6.099049004446897E-94 49.50194166279566 1.1791882125301953 709.8713039431772 0.0 0.0 259.0 258.83354997282504 2.7407691604498052 709.8592125564998 1.2194772161539351 734.1252841246688 2.8362833342190172 2.837846812638387 707.1955644608176 
96.00007562292552 5.692879545878595E-94 49.50771722621077 1.1797607169290434 710.2159515912846 0.0 0.0 260.0 255.1906419961617 2.731553640362768 710.2039464943201 1.1653621004828918 701.5479844906956 2.7491132864552594 2.837846812638387 707.1955644608176 
97.00059104438643 6.493449951999262E-94 49.437630949650355 1.1763316743579528 708.151667963488 0.0 0.0 259.0 253.58800457609362 2.7341334548850234 708.1405648152214 1.157644924632621 696.9022446288326 2.748167232096795 2.8234866552413433 735.8221125448752 
98.00011007809755 6.798823106148606E-94 49.33666170786391 1.1736194662669484 706.5189186927026 0.0 0.0 259.0 253.7340275190175 2.7278292788708907 706.5077832275607 1.1602835032726877 698.49066897016 2.75284586698884 2.6593409043208296 666.4836234560199 
99.00063971049181 1.0086684536299129E-93 49.164285226734314 1.171528499249872 705.2601565484232 0.0 0.0 258.0 254.23001298484473 2.7335245523663945 705.2493345105297 1.1544331362113445 694.9687479992219 2.733621966343725 2.6593409043208296 666.4836234560199 
100.00007001111024 1.0086684536299129E-93 49.02817964727615 1.1740575970335314 706.782673414186 0.0 0.0 257.0 252.5471553417705 2.7500849994590943 706.771844860987 1.1548945898443057 695.2465430862654 2.752937534162254 2.6593409043208296 666.4836234560199 
101.00023816638384 1.0086684536299129E-93 48.86502445817076 1.1712321413703008 705.0817491049216 0.0 0.0 257.0 258.13573978175907 2.743467740549825 705.0712093213053 1.197401264001057 720.8355609286428 2.7924671009836666 2.6593409043208296 666.4836234560199 
102.00026706262554 9.200525811198987E-94 48.76170287699747 1.172987386033704 706.1384063922893 0.0 0.0 259.0 248.09613250157093 2.7263922687611175 706.1355976091291 1.1278485254290158 678.9648123082665 2.7367005098475983 2.6593409043208296 666.4836234560199 
103.00015158109032 7.82959383625466E-94 48.670765932481864 1.1702273171524047 704.4768449257477 0.0 0.0 260.0 253.318968416211 2.709516029798182 704.4741677475275 1.1730134349805248 706.1540878582831 2.787608414297858 2.6593409043208296 666.4836234560199 
104.00020820341398 6.732071236386866E-94 48.61266611189313 1.168029868212719 703.1539806640568 0.0 0.0 259.0 248.74873244606576 2.714870080473927 703.151350842747 1.1535435815744095 694.4332361077996 2.791705627116585 2.6593409043208296 666.4836234560199 
105.00012159522616 6.732071236386866E-94 48.61266611189313 1.1687867702205887 703.6096356727942 0.0 0.0 258.0 253.21339374625828 2.7271599718811177 703.6072727453283 1.198879391289924 721.7253935565274 2.8502654732385864 2.6593409043208296 666.4836234560199 
106.00005732328462 8.331087243508516E-94 48.5088001390176 1.1693881108320558 703.9716427208972 0.0 0.0 257.0 252.0661079467715 2.7391529679618136 703.9623127661857 1.1853891141722799 713.6042467317092 2.8310202134846314 2.6593409043208296 666.4836234560199 
107.0007662625229 1.0145300930010608E-93 48.52524201818488 1.1681507222683654 703.2267348055561 0.0 0.0 257.0 254.14799048295225 2.7362551506889474 703.2175737270596 1.2102482115465987 728.5694233510586 2.866713295535302 2.7367005098475983 678.9648123082665 
108.00020755907623 1.1524908340013755E-93 48.2598901124444 1.164211035151483 700.8550431611923 0.0 0.0 257.0 256.29451097095375 2.7270271616797848 700.8459805517045 1.1865120110276586 714.2802306386476 2.786950949252277 2.7367005098475983 678.9648123082665 
109.00117148746921 9.83720618967338E-94 48.2598901124444 1.1622927149220543 699.7002143830767 0.0 0.0 257.0 247.63085380019214 2.7225345304272484 699.6913743198029 1.1207835119703042 674.7116742061213 2.724667236945083 2.7367005098475983 678.9648123082665 
110.00009909899708 9.83720618967338E-94 48.13858875724 1.1642414520451891 700.8733541312038 0.0 0.0 258.0 252.4921921367664 2.716556348836019 700.8715379996926 1.1356840423155152 683.6817934739454 2.707734396411032 2.7367005098475983 678.9648123082665 
111.00030795395736 9.83720618967338E-94 48.17952395264715 1.163829615575479 700.6254285764385 0.0 0.0 258.0 253.0727497550495 2.7155956482126244 700.6236772388572 1.1664082917203984 702.1777916156778 2.774608456640707 2.7367005098475983 678.9648123082665 
112.00006621502011 1.006804142033364E-93 48.17952395264715 1.163970024777721 700.7099549161878 0.0 0.0 258.0 247.45346623402068 2.715923763265903 700.708330922603 1.1528812227494538 694.034496095168 2.804707109815987 2.7367005098475983 678.9648123082665 
113.00087780882988 1.3976732309257731E-93 48.17952395264715 1.1640623848938798 700.7655557061161 0.0 0.0 258.0 249.2043078870265 2.7161396235458546 700.7640228748307 1.1554795095986383 695.5986647783834 2.7912786527499516 2.7367005098475983 678.9648123082665 
114.00011444301416 1.8017208020934166E-93 47.92644548481656 1.1614291753108252 699.1803635371165 0.0 0.0 257.0 254.3901306435237 2.7205400594054927 699.1787952672116 1.1333419458678942 682.2718514124672 2.6819902552294104 2.8310202134846314 713.6042467317092 
115.0000490288327 2.192901478114076E-93 47.79323568121115 1.157295402103518 696.6918320663171 0.0 0.0 258.0 251.84871163962708 2.7003501950408837 696.6903503205479 1.127704292284337 678.8779839551644 2.695578546085945 2.8310202134846314 713.6042467317092 
116.00032024575555 1.7779758295823115E-93 47.41662973324707 1.1531900002413937 694.2203801453188 0.0 0.0 258.0 253.1997677372029 2.690771099764762 694.2189437393084 1.1334873313451963 682.35937346981 2.694944705391806 2.8310202134846314 713.6042467317092 
117.00041462387998 2.1038871424988058E-93 47.41662973324707 1.1542761738059915 694.8742566312069 0.0 0.0 258.0 252.52959682964737 2.69330568757432 694.8728673941748 1.1360781901234134 683.9190704542959 2.7082729273735677 2.8310202134846314 713.6042467317092 
118.00031258917194 1.9157281109312405E-93 47.33109361731308 1.15037572482348 692.5261863437348 0.0 0.0 259.0 254.36053499085816 2.6738411522229772 692.5248584257511 1.1551547564842835 695.4031634035435 2.7339271142378148 2.8310202134846314 713.6042467317092 
119.00032140023423 1.6806974837646927E-93 47.2533242246657 1.152957949348914 694.080685508046 0.0 0.0 259.0 249.52694740278392 2.679843035903176 694.0793462989221 1.0967042302142465 660.2159465889798 2.64587032968133 2.8310202134846314 713.6042467317092 
120.00026982454456 2.331117496985323E-93 46.51362254519685 1.1490893201349854 691.7517707212612 0.0 0.0 259.0 247.9415424257321 2.6708511120296654 691.7504380156831 1.0715344195933298 645.063720595178 2.601676646374816 2.8310202134846314 713.6042467317092 
121.00035047747357 3.232348219829511E-93 46.46016262465556 1.1476576810205013 690.8899239743424 0.0 0.0 259.0 248.96261673482542 2.6675235829444635 690.8886079826166 1.0870009735897284 654.3745861010193 2.628404997839517 2.8310202134846314 713.6042467317092 
122.00089191335363 2.942743205881334E-93 46.5097465713999 1.147299620119332 690.674371311838 0.0 0.0 259.0 257.64729033590595 2.6666913889229904 690.6730697310547 1.158952251399489 697.6892553424848 2.707923900278078 2.7082729273735677 683.9190704542959 
123.00032272103768 3.3361214048974776E-93 46.562746179612326 1.1455124663570002 689.5985047469134 0.0 0.0 259.0 250.449621492918 2.662537724125925 689.5972705486141 1.1389249737496825 685.6328341973084 2.7376077875873177 2.7082729273735677 683.9190704542959 
124.0000262308323 3.125181025191558E-93 46.562746179612326 1.143316848022097 688.2767425093019 0.0 0.0 259.0 254.68973825209886 2.6574343093428885 688.2754861198079 1.145568635461105 689.6323185475908 2.70773500055575 2.7912786527499516 695.5986647783834 
125.00093150638102 3.2756438057483584E-93 46.562746179612326 1.1460732708465389 689.9361090496169 0.0 0.0 259.0 256.7515886997977 2.6638413997927555 689.934922546324 1.13615885489654 683.9676306477103 2.6639275500157757 2.6819902552294104 682.2718514124672 
126.00163596192137 3.984576759963354E-93 46.78964390314307 1.1463062145129506 690.076341136796 0.0 0.0 259.0 254.21307664355996 2.6643830385884293 690.0752069944033 1.1255291557085672 677.5685517365638 2.6653567970722594 2.6819902552294104 682.2718514124672 
127.00000087957646 5.894174154170582E-93 46.84998943628118 1.1437655531207964 688.5468629787192 0.0 0.0 259.0 254.9477808647246 2.658477669666935 688.545716443736 1.1565994846283054 696.2728897462362 2.7310411857072756 1.5240232343850447E-9 4.880736829537162E-9 
128.00008061816288 6.145226138950341E-93 47.1528865440765 1.14328818649859 688.2594882721511 0.0 0.0 259.0 254.4173722096661 2.657368106097874 688.2583394793494 1.1290738358731935 679.7024491956663 2.671603921117154 1.5536645934089775E-9 4.8943912811686424E-9 
129.00025724315162 5.335640192647987E-93 47.31032508436635 1.1407939355731056 686.7579492150102 0.0 0.0 259.0 255.4485358051944 2.6515706655099227 686.7568023670702 1.144160866491525 688.7848416278914 2.696374200998201 2.7376077875873177 685.6328341973084 
130.00029966345724 4.854998904401275E-93 47.44930577661676 1.1436276919264838 688.4638705397433 0.0 0.0 259.0 255.6039745550696 2.6581573191225156 688.4627456527319 1.1347084536643188 683.0944891059156 2.672472093968725 2.7376077875873177 685.6328341973084 
131.00017480554646 4.854998904401275E-93 47.63101461200148 1.1400377020433858 686.3026966301185 0.0 0.0 259.0 252.42332565176125 2.6498130406842066 686.3015775372096 1.1396999634647045 686.0993780057554 2.718050624815418 0.0 0.0 
132.00098133441378 4.522623335395273E-93 47.740161577097886 1.1397407167488804 686.1239114828265 0.0 0.0 259.0 248.57262829298676 2.6491227637609014 686.1227958140738 1.0999375631575226 662.162413020827 2.6638589194959614 0.0 0.0 
133.00010745175726 5.122583369056922E-93 47.98905698448148 1.1408728358038427 686.8054471539127 0.0 0.0 258.0 254.03484734515672 2.6620322957539666 686.8043323045232 1.1368968894344593 684.4119274395513 2.69416552332146 2.7310411857072756 696.2728897462362 
134.0001034532072 8.625522517399957E-93 47.90807720173281 1.132666011498248 681.864938921946 0.0 0.0 258.0 255.1089785113534 2.64288347602731 681.8639368150461 1.126580269665671 678.2013223387303 2.6584768842565354 2.7310411857072756 696.2728897462362 
135.0002953272597 8.625522517399957E-93 48.18273602808226 1.1318852441627547 681.394916985978 0.0 0.0 257.0 254.65829862001755 2.651328641551745 681.3914608787987 1.1268416450967857 678.3586703482599 2.6637995856575523 2.696374200998201 688.7848416278914 
136.00017083583958 8.625522517399957E-93 48.256672893845455 1.1305136814644936 680.5692362416256 0.0 0.0 257.0 253.34335490566258 2.6481157866130247 680.5657571595478 1.1099632439857647 668.1978728794336 2.637518845237722 2.718050624815418 686.0993780057554 
137.0004917896635 1.1053261499854229E-92 48.21995817777623 1.12833354877188 679.2567963606712 0.0 0.0 257.0 252.76979981844218 2.643010120812574 679.2536010488315 1.1218749120583418 675.3686970591144 2.671872579494124 2.7310411857072756 696.2728897462362 
138.00018251048488 9.417660036872407E-93 48.21995817777623 1.1307204289891097 680.6936982514438 0.0 0.0 257.0 255.3125559001968 2.648601137429796 680.6904923194577 1.1380324592315458 685.0955404573963 2.6833601584608484 2.7310411857072756 696.2728897462362 
139.00006084115404 1.3348564836074803E-92 48.325890385765916 1.131525450356729 681.1783211147512 0.0 0.0 257.0 255.53897678190418 2.6504872730271196 681.1752291679699 1.1351308256983499 683.348757070403 2.674146878398215 2.7310411857072756 696.2728897462362 
140.00041671860373 1.1297872478912886E-92 48.364566566488215 1.1307402118389336 680.7056075270383 0.0 0.0 258.0 251.8236970532259 2.638390435347627 680.7047323196878 1.1123562336455428 669.6384526546129 2.659155831998912 2.6638589194959614 662.162413020827 
141.00003065947507 1.6396625357429914E-92 48.45197036079603 1.130293797416116 680.4368660445017 0.0 0.0 258.0 247.3489071591764 2.6373490814353215 680.4360630103132 1.0873006087631887 654.5549664754294 2.6462820232078235 2.6638589194959614 662.162413020827 
142.00023971854196 1.6396625357429914E-92 48.66562873405887 1.1295703913439308 680.0013755890466 0.0 0.0 257.0 248.50574580629188 2.6459169480644764 680.0006556525705 1.0946541938680603 658.9818247085745 2.6517770145332786 2.6638589194959614 662.162413020827 
143.00047717360482 1.5632693083171384E-92 48.6815828602483 1.1252603409039987 677.4067252242072 0.0 0.0 257.0 251.07432780648156 2.635821154056107 677.4060365924196 1.1108423652658745 668.7271038900508 2.663462687453573 2.671872579494124 675.3686970591144 
144.00004886480315 1.4551796136243312E-92 48.779043453909516 1.1258028894141545 677.7333394273209 0.0 0.0 257.0 250.56022998020507 2.637092119609358 677.732674739605 1.1123059653497414 669.6081911405385 2.6724440314947002 2.671872579494124 675.3686970591144 
145.00041989626658 2.1114593398055905E-92 48.76414102307542 1.1235770375197265 676.393376586875 0.0 0.0 259.0 246.5941767593289 2.611554965685838 676.392736112632 1.0997758212759041 662.0650444080925 2.684836491715922 2.659155831998912 669.6384526546129 
146.00008684978727 2.1114593398055905E-92 48.90413211869099 1.1235463682791917 676.3749137040738 0.0 0.0 259.0 244.9738257480891 2.611483938284712 676.3743400157404 1.0746346672402973 646.9300696786548 2.640813024424513 2.671872579494124 675.3686970591144 
147.0000152631251 2.1114593398055905E-92 48.84005538289163 1.1213473982171018 675.0511337266956 0.0 0.0 259.0 253.7783210067202 2.6063730088722186 675.0506092979045 1.1326332994705908 681.8452462813033 2.686774991561425 2.671872579494124 675.3686970591144 
148.00013808293383 1.9788326823612786E-92 48.91174002000919 1.1183677988996616 673.2574149375963 0.0 0.0 259.0 248.96651927822745 2.5994475981074614 673.2569279098326 1.1105175286855586 668.5315522687134 2.685226729308167 2.671872579494124 675.3686970591144 
149.00114939809606 1.7143610572741808E-92 48.91174002000919 1.118855011517598 673.5507169335939 0.0 0.0 259.0 254.04824521250083 2.600580049933437 673.5502329327602 1.0996643702192759 661.9979508719991 2.6057961955937357 2.671872579494124 675.3686970591144 
150.0008600303224 1.7143610572741808E-92 48.91174002000919 1.1146351683538096 671.010371348993 0.0 0.0 259.0 251.07093368206864 2.590771782833285 671.0098917538209 1.0729691702075346 645.9274404649417 2.5726890444549833 2.671872579494124 675.3686970591144 
151.00013763278764 2.2819477137404032E-92 48.91174002000919 1.1090988811907343 667.6775264768221 0.0 0.0 259.0 255.71614681492898 2.577903737541239 667.6770680231812 1.116272809286365 671.9962311903839 2.6278990965585445 2.671872579494124 675.3686970591144 
152.00043896108482 2.1031355258113235E-92 48.91174002000919 1.1109983530570902 668.8210085403686 0.0 0.0 259.0 255.16340971773926 2.582318730311913 668.8205511507856 1.1294395707404314 679.9226215857443 2.664655650815577 2.671872579494124 675.3686970591144 
153.00034607158327 2.5786414026970842E-92 48.91174002000919 1.1096525751265627 668.0108502261905 0.0 0.0 259.0 259.25981976953574 2.579190889765779 668.0104404493368 1.1696457369246758 704.1267336286605 2.7159115294247336 2.671872579494124 675.3686970591144 
154.000149877978 2.7056753837757984E-92 48.91174002000919 1.1135564214980527 670.360965741828 0.0 0.0 259.0 254.23885707187614 2.588264714662824 670.3605610976716 1.0763477775444827 647.961362081775 2.5486322961977015 2.671872579494124 675.3686970591144 
155.00066867639543 3.2857717664982324E-92 48.97699916978933 1.1095811365690158 667.967844214548 0.0 0.0 259.0 260.39253948171745 2.5790249124590368 667.9674523268907 1.1849780058644717 713.3567595304072 2.7395437709170354 2.685226729308167 668.5315522687134 
156.00016099992376 2.7762358666293026E-92 48.95659633769253 1.1096947481515096 668.0362383872089 0.0 0.0 259.0 262.0996064896217 2.579289055326887 668.0358653296636 1.1737441092530698 706.5939537703498 2.6958985678535488 2.685226729308167 668.5315522687134 
157.00006489945724 2.6021996759545114E-92 49.08295836034588 1.109911688961451 668.1668367547928 0.0 0.0 259.0 257.8000831164137 2.5797932822271994 668.1664600968444 1.1365952889255588 684.2303639331883 2.654112270492222 2.685226729308167 668.5315522687134 
158.00039756630125 3.3711232767503015E-92 49.052154839792216 1.1092660748362861 667.778177051444 0.0 0.0 259.0 253.01439579631295 2.5782927155942024 667.7778133388982 1.0942171038385908 658.7186965108324 2.6034830723273474 2.685226729308167 668.5315522687134 
159.00026826103627 4.4730149736655076E-92 49.052154839792216 1.1080815191249542 667.065074513222 0.0 0.0 259.0 246.9078142826912 2.5755394043208155 667.0647057190909 1.032602202873622 621.6265261299217 2.5176462232912775 2.685226729308167 668.5315522687134 
160.00017201922435 4.160822087857909E-92 49.07259749622771 1.101129680460524 662.8800676372351 0.0 0.0 259.0 246.31513154696694 2.5593810900524216 662.8797023235767 1.0247212093804883 616.882168047048 2.5044428418699156 2.685226729308167 668.5315522687134 
161.00047786800786 3.870031598650161E-92 49.24465250813234 1.0997935672112968 662.0757274612012 0.0 0.0 259.0 253.99915692720214 2.5562756133835696 662.0753838663446 1.07411110925294 646.6148877702738 2.545736354375373 2.685226729308167 668.5315522687134 
162.0001930289851 4.6981994457678456E-92 49.4640047185109 1.1012469270261982 662.9506500697722 0.0 0.0 259.0 247.3915185637382 2.559653704959395 662.9503095844839 1.0438040798403228 628.3700560638811 2.539982210028705 2.685226729308167 668.5315522687134 
163.00030457146337 6.48927984572646E-92 49.46510393082949 1.1004966447473683 662.4989801379154 0.0 0.0 259.0 255.11732011130158 2.5579098091722043 662.498640575601 1.082339359140549 651.5682942026117 2.5539947421772387 2.685226729308167 668.5315522687134 
164.00005358774845 6.647977492419953E-92 49.4582342545733 1.0995890205613466 661.9525903779307 0.0 0.0 258.0 254.86113821310843 2.565706502388498 661.9522776162328 1.0652032471929649 641.2523548101641 2.516085266298878 2.685226729308167 668.5315522687134 
165.00028235264017 6.647977492419953E-92 49.606831742246044 1.0941616340226845 658.685303681656 0.0 0.0 258.0 244.39691383876635 2.5530426231004313 658.6849967599115 1.0478729759946999 630.8195315488093 2.5811272394584077 2.685226729308167 668.5315522687134 
166.00007865142177 6.035155139770249E-92 49.62116467495248 1.0921023240007006 657.4455990484216 0.0 0.0 256.0 252.3208065843101 2.568145692808028 657.4452973588552 1.0831521954197123 652.0576216426693 2.584240398045778 2.5176462232912775 621.6265261299217 
167.00018776164868 5.74988203312082E-92 49.57156831259549 1.089606357112283 655.9430269815937 0.0 0.0 257.0 254.0434971619545 2.5523063380187856 655.9427288708275 1.0879572168643457 654.9502445523358 2.578102773222337 2.545736354375373 646.6148877702738 
168.00008831210104 5.3903327431901045E-92 49.58120816582725 1.0860457212753685 653.799524207772 0.0 0.0 257.0 247.8264866851781 2.5439659105157255 653.7992390025416 1.0483580767331302 631.1115621933518 2.546586406621956 2.545736354375373 646.6148877702738 
169.0005170703799 5.3903327431901045E-92 49.58120816582725 1.0834329622415968 652.2266432694408 0.0 0.0 258.0 255.18441632720064 2.5280091964699922 652.2263726892578 1.106643811889379 666.1995747574113 2.6106593198199137 2.539982210028705 628.3700560638811 
170.00027694534447 5.012277736431746E-92 49.58120816582725 1.0842875813776482 652.7411239893437 0.0 0.0 258.0 253.83308673621178 2.5300033224625933 652.7408571953487 1.096089431460382 659.8458377391529 2.599526508633909 2.539982210028705 628.3700560638811 
171.00095990165036 4.3325536101331765E-92 49.71802034955447 1.0816770095050605 651.169559722046 0.0 0.0 258.0 250.3230920638514 2.523912067688342 651.1693134635922 1.0791291833442735 649.6357683732543 2.595189133440186 2.539982210028705 628.3700560638811 
172.00003794773224 4.439198237884834E-92 49.687094314956525 1.083427397263249 652.2232931524766 0.0 0.0 258.0 254.45012201891532 2.5279963082490764 652.2230475282622 1.111073729898666 668.8663853989902 2.6286738638280864 2.539982210028705 628.3700560638811 
173.0000133692843 4.439198237884834E-92 49.71802034955447 1.079060238497267 649.5942635753544 0.0 0.0 258.0 256.7184509818451 2.517806302403978 649.5940260202261 1.1285876880086727 679.4097881812228 2.6465171692285963 2.539982210028705 628.3700560638811 
174.0001015576726 6.974397927286299E-92 49.83970194959771 1.0791445138283347 649.644997324657 0.0 0.0 258.0 249.37569310818688 2.5180029865467506 649.6447705290612 1.0886941058038972 655.3938516939478 2.6281384666051544 2.539982210028705 628.3700560638811 
175.00022417360952 6.974397927286299E-92 49.88624071945822 1.074866938932243 647.0698972372103 0.0 0.0 258.0 248.69463272186172 2.5080219829515067 647.0696716014885 1.1053256773825153 665.4060577842753 2.675594766568447 2.539982210028705 628.3700560638811 
176.00059305966099 6.974397927286299E-92 49.871277091900474 1.072597924393837 645.7039504850896 0.0 0.0 258.0 261.0227714881545 2.502727637073174 645.7037303648783 1.160772546350013 698.7850729027091 2.677103874572954 2.539982210028705 628.3700560638811 
177.00083100407056 9.62734143354113E-92 49.88208370593731 1.0730476462438312 645.974683038786 0.0 0.0 258.0 267.1963537214998 2.5037769910980963 645.9744637033085 1.193119228014569 718.2577752647661 2.68812715915057 2.539982210028705 628.3700560638811 
178.00025101652795 1.3262794008092642E-91 49.83804065390505 1.072116989233612 645.4144275186343 0.0 0.0 259.0 252.73682003934186 2.4919467822776937 645.4142166099223 1.1417230726910637 687.3172897600266 2.7194980519776917 2.539982210028705 628.3700560638811 
179.0002942137655 1.7155108576563045E-91 49.863242922251246 1.070627159515261 644.5175500281872 0.0 0.0 260.0 268.1412850679913 2.4789128763712127 644.5173478565151 1.1869344595270723 714.5345446352965 2.6647688529355538 2.6465171692285963 679.4097881812228 
180.00111166744398 1.481582705955293E-91 49.793483225347096 1.0715879616375166 645.0959529057856 0.0 0.0 260.0 269.24456982678635 2.481137539156289 645.0957601806352 1.1848888171215728 713.3030679071776 2.649275594921258 2.6465171692285963 679.4097881812228 
181.0012071656402 1.7967765350169002E-91 49.7658278618529 1.0693113716008524 643.7254457037133 0.0 0.0 259.0 254.16442271705105 2.485425697934641 643.7252557650721 1.1024102724752263 663.6509840300919 2.6111088913844656 2.6465171692285963 679.4097881812228 
182.00048481762946 1.5896629672994295E-91 49.76665729923289 1.0699141595391444 644.0883240425648 0.0 0.0 257.0 254.10941944139503 2.506179545105099 644.0881430920106 1.025496075996179 617.3486377496996 2.4294598724707175 2.6465171692285963 679.4097881812228 
183.0001859827081 2.9760420471970284E-91 49.76665729923289 1.0723048837442892 645.5275400140621 0.0 0.0 258.0 253.87209007284986 2.5020440317334827 645.5273601872384 1.0283466603705973 619.0646895430987 2.4384905381503534 2.6465171692285963 679.4097881812228 
184.00143816700367 2.791030583370637E-91 49.733490584493715 1.069522673123444 643.8526492203132 0.0 0.0 258.0 252.26210764323997 2.495552215134259 643.8524715046386 1.0364870653704505 623.9652133530151 2.4734797436777693 2.6465171692285963 679.4097881812228 
185.00006827086656 2.408998045671247E-91 49.72023008846709 1.0684765159095746 643.2228625775642 0.0 0.0 258.0 250.30837493919634 2.493111225037929 643.222696059786 1.042243560038342 627.4306231430791 2.5066305643808016 2.6465171692285963 679.4097881812228 
186.0004176912484 2.0278416961149336E-91 49.68709431488788 1.0636687354413936 640.3285787357194 0.0 0.0 258.0 253.79374577353866 2.4818930697268278 640.3284119895218 1.0638849828512194 640.458759676438 2.5235403564590686 2.6465171692285963 679.4097881812228 
187.0005558228617 1.837315165422529E-91 49.60931214574208 1.061326805499447 638.9187369106673 0.0 0.0 258.0 245.38330597418877 2.476428570386655 638.918571159757 1.0402763025259356 626.24633412062 2.5521146666207732 2.6465171692285963 679.4097881812228 
188.00040046445736 2.791030583370637E-91 49.45795948736985 1.0632626442850828 640.08411185962 0.0 0.0 257.0 255.4696643786011 2.4905990118018115 640.0839460330658 1.0605911922809104 638.4758977531079 2.499223926669035 2.6111088913844656 663.6509840300919 
189.00006584176884 3.0693349587324975E-91 49.43378595013731 1.0628773342681603 639.8521552294322 0.0 0.0 258.0 253.02085408171 2.480046500315135 639.8519970813047 1.0504189096103185 632.35218358542 2.4992097425345405 2.4384905381503534 619.0646895430987 
190.00064403213997 2.3619526955445986E-91 49.45795948736985 1.0624176292045298 639.5754127811273 0.0 0.0 259.0 243.4070350586275 2.4694025299212163 639.575255249595 1.0101240016183155 608.0946489742252 2.4982624221512673 2.4384905381503534 619.0646895430987 
191.00014980610544 1.888983191044916E-91 49.40742829360355 1.0645603818092804 640.8653498491867 0.0 0.0 259.0 244.13229390868256 2.4743830326459424 640.865205455299 1.0051774749657787 605.1168399293946 2.478643157941808 2.6111088913844656 663.6509840300919 
192.00020438770304 2.602455329231048E-91 49.420879924328446 1.0676453297862758 642.7224885313375 0.0 0.0 259.0 250.6264624313856 2.4815534379898545 642.7223404393721 1.05099403796536 632.6984108551393 2.524467706710556 2.6111088913844656 663.6509840300919 
193.00099085063553 2.9580913486426034E-91 49.28023093656234 1.0677833603097486 642.8055829064685 0.0 0.0 259.0 250.21232076548824 2.481874273036917 642.8054367165615 1.0537154524897359 634.336702398828 2.5351937125165023 2.5521146666207732 626.24633412062 
194.00011024068104 3.647386604589351E-91 49.30131643385778 1.066298471537505 641.9116798655776 0.0 0.0 260.0 248.13304476322233 2.4688905611910683 641.9115459096771 1.0440401624436209 628.5121777910543 2.5329644360379477 2.5521146666207732 626.24633412062 
195.00014814281184 3.146039140015351E-91 49.117601334081456 1.0644676004409166 640.8094954654317 0.0 0.0 260.0 255.37351022672766 2.4646514418291687 640.8093748755837 1.0555730335333802 635.4549661870982 2.488335480147975 2.5521146666207732 626.24633412062 
196.00016929344932 2.780460239958105E-91 49.117601334081456 1.065912801120194 641.6795062743569 0.0 0.0 260.0 244.12127332091103 2.4679976589009325 641.6793913142426 1.0046817077210968 604.8183880480957 2.4775324977640443 2.5521146666207732 626.24633412062 
197.0002588674917 2.6730995791044495E-91 48.9854348236656 1.0662034678440584 641.854487642123 0.0 0.0 259.0 256.8488735443035 2.478202212392788 641.8543730097321 1.054628168604466 634.8861574998868 2.4718276889401123 2.5521146666207732 626.24633412062 
198.00011527911138 2.6730995791044495E-91 48.9854348236656 1.066723699543637 642.1676671252698 0.0 0.0 261.0 251.41373560057335 2.4604120814973145 642.167553270799 1.049100564332709 631.5585397282878 2.5120287808445716 2.5521146666207732 626.24633412062 
199.0000482279801 3.454211618909917E-91 48.956596337532126 1.067760348436143 642.7917297585574 0.0 0.0 261.0 255.99258262038558 2.4628031412867335 642.7916198758372 1.0476371733837515 630.677578377014 2.4636556728374166 2.5521146666207732 626.24633412062 
200.0004919859099 3.239833771685598E-91 48.76116108336448 1.0689873210781904 643.5303672890702 0.0 0.0 261.0 245.76577602021177 2.465633174604185 643.5302585716918 1.0295408822011254 619.7836110850737 2.5218466994123006 2.5521146666207732 626.24633412062 
201.00035264276588 3.239833771685598E-91 48.65049067107749 1.068918684089789 643.489047822053 0.0 0.0 261.0 256.07812124819384 2.465474885391924 643.4889450872922 1.0503550021558405 632.3137112978177 2.4692219242149624 2.5521146666207732 626.24633412062 
202.00108838789558 4.4627805944655326E-91 48.699165494981465 1.0672196078034193 642.466203897659 0.0 0.0 261.0 251.90104002655946 2.461555952377986 642.4661035706545 1.0453787398740009 629.3180014041418 2.4982747246211807 2.5521146666207732 626.24633412062 
203.00029247601864 4.185994230385537E-91 48.61077565609076 1.0661993042769793 641.8519811747414 0.0 0.0 261.0 249.72578449849212 2.4592026165410013 641.8518829172017 1.0324499669687408 621.5348801151914 2.488869466816889 2.4718276889401123 634.8861574998868 
204.00034207088547 4.185994230385537E-91 48.386335518839786 1.0664462413758964 642.0006373082896 0.0 0.0 261.0 247.36204097923266 2.459772185972376 642.0005405387899 1.0172227917707188 612.3681206459738 2.475594550488793 2.5120287808445716 631.5585397282878 
205.00007046438304 3.519843287486838E-91 48.41994881063438 1.0686286970134649 643.3144756021063 0.0 0.0 260.0 256.0466344859607 2.4742851081319945 643.3141281143191 1.028770263174807 619.3196984312335 2.41877695316941 2.5120287808445716 631.5585397282878 
206.00047793125904 3.108926777736866E-91 48.173903336049186 1.069686006136758 643.9509756943286 0.0 0.0 261.0 259.5341084180476 2.467244779589205 643.9508874727827 1.0526327201662846 633.6848975401 2.4416247305706142 2.4636556728374166 630.677578377014 
207.00018465005238 2.9580913486426034E-91 48.06082757927747 1.0680572577300735 642.9704691535044 0.0 0.0 260.0 260.1531653167367 2.47296300093594 642.9703802433444 1.079949154595576 650.1293910665403 2.499025488600176 2.5120287808445716 631.5585397282878 
208.00072269215235 2.9580913486426034E-91 47.91047266525696 1.0703751166083117 644.3658201982036 0.0 0.0 261.0 259.99972385012114 2.4688342299911037 644.3657340276775 1.0801649874165689 650.2593224247754 2.501000050290909 2.4692219242149624 632.3137112978177 
209.0004849179122 3.4590316852483564E-91 47.91047266525696 1.0697957467291965 644.0170395309763 0.0 0.0 261.0 257.00796384414605 2.467497922816623 644.0169578551385 1.0696218047979027 643.912326488336 2.5054177966205566 2.5120287808445716 631.5585397282878 
210.0007847750898 4.7247323432614786E-91 47.936830673130984 1.0679985571381245 642.9351313971515 0.0 0.0 261.0 255.14436570255552 2.463352684470842 642.9350506468901 1.040488772417092 626.3742409950873 2.454979710291967 2.488869466816889 621.5348801151914 
211.00163596192135 5.722815544704824E-91 47.936830673130984 1.0733196081024268 646.138404077661 0.0 0.0 261.0 255.62496774208248 2.4756257868325604 646.1383303632981 1.049593990175656 631.8555820857474 2.4718069900091675 2.475594550488793 612.3681206459738 
212.00021769625124 5.049385071727288E-91 47.98799057281518 1.0708352533906706 644.6428225411832 0.0 0.0 261.0 251.1445354785977 2.4698956063907023 644.6427532679729 1.0427944199709878 627.7622408225291 2.499605414970402 2.41877695316941 619.3196984312335 
213.00029025113253 4.4539629294197724E-91 47.98799057281518 1.072215841316235 645.4739364723739 0.0 0.0 261.0 251.6862797125616 2.4730799589575136 645.4738692879113 1.0505809426061914 632.4497274489264 2.5128494416589406 2.41877695316941 619.3196984312335 
214.00009260535668 4.0277844798799177E-91 47.98799057281518 1.0729620398550272 645.9231479927266 0.0 0.0 261.0 245.0574919334578 2.474801073796188 645.9230802608051 1.0124975401313703 609.5235191590776 2.4872674340623133 2.41877695316941 619.3196984312335 
215.00041997844895 3.6417375346978815E-91 47.94934914643524 1.0715866148637962 645.0951421480046 0.0 0.0 261.0 256.69704963006797 2.471628636623442 645.0950741587177 1.0549127993386234 635.0575052018497 2.473957165137058 2.41877695316941 619.3196984312335 
216.0000539244795 3.8299850980097527E-91 47.94934914643524 1.07178519775309 645.2146890473596 0.0 0.0 261.0 255.59604780961843 2.4720866838233966 645.2146244779062 1.060654253154576 638.5138603990504 2.498136672577385 2.41877695316941 619.3196984312335 
217.00044013560395 3.8299850980097527E-91 47.49150168806723 1.070295728693308 644.3180286733716 0.0 0.0 261.0 253.2526491682202 2.4686512246445744 644.3179696322336 1.0462737672540634 629.8568078869444 2.4870689801494206 2.41877695316941 619.3196984312335 
218.00021943439742 3.8299850980097527E-91 47.53558369392516 1.0723540115361567 645.5571149447657 0.0 0.0 261.0 257.8416900786207 2.4733987001594326 645.5570607416116 1.0573309020531445 636.5132030359878 2.4686201942048362 2.41877695316941 619.3196984312335 
219.00031337458296 3.209985653985981E-91 47.26382613021481 1.0750324913025187 647.1695597641168 0.0 0.0 261.0 258.4300146916099 2.4795766510211075 647.169505916509 1.0591143656106163 637.5868480975972 2.4671547879546547 2.5128494416589406 632.4497274489264 
220.0005083127095 3.292106320811257E-91 47.31032508411423 1.0706868435388157 644.5534798103672 0.0 0.0 261.0 257.0208280197935 2.4695533561466743 644.5534259542819 1.0652636785208358 641.2887344695414 2.495084695704719 2.5128494416589406 632.4497274489264 
221.00121332282683 4.8284600130939366E-91 47.07305625030425 1.0712402493107902 644.8866300850956 0.0 0.0 261.0 257.83648169199205 2.4708297980315614 644.8865772862374 1.06208308024698 639.3740143086833 2.4797655091821755 2.5128494416589406 632.4497274489264 
222.00009281444216 4.417000794117613E-91 47.07305625030425 1.069587679802228 643.8917832409412 0.0 0.0 261.0 254.43083193501553 2.4670181329770036 643.8917327069981 1.0526383170822022 633.6882668834886 2.4906111498520733 2.498136672577385 638.5138603990504 
223.00022022516745 4.1439284785956605E-91 47.07305625030425 1.0731306325018668 646.0246407661241 0.0 0.0 259.0 256.99229238978364 2.4943029218724426 646.0244567649627 1.0627828040806606 639.7952480565525 2.489550336732148 2.498136672577385 638.5138603990504 
224.0001706054585 4.1439284785956605E-91 46.99701629157005 1.0742118155545073 646.6755129638133 0.0 0.0 259.0 255.93875589494294 2.496815994759966 646.6753426428315 1.0557490653272286 635.5609373269892 2.48325399216941 2.498136672577385 638.5138603990504 
225.00015888147817 3.471217360552124E-91 47.048218692277636 1.071302547774301 644.9241337601288 0.0 0.0 260.0 257.145747736404 2.480477264552136 644.9240887835551 1.0755921706576725 647.5064867359227 2.5180524758265546 2.498136672577385 638.5138603990504 
226.00047146669655 3.471217360552124E-91 47.07305625030425 1.0721828731659357 645.4540896458938 0.0 0.0 259.0 254.98232261482755 2.492100558177663 645.4540445680149 1.0559838810670132 635.7022964023497 2.4931230129338493 2.498136672577385 638.5138603990504 
227.0002070228038 3.471217360552124E-91 46.97065314062628 1.070435037830998 644.4018927742607 0.0 0.0 259.0 248.62227190338592 2.4880380388480225 644.4018520616374 1.0492094478059002 631.6240875791464 2.5404968056304873 2.498136672577385 638.5138603990504 
228.0009672999055 3.471217360552124E-91 46.8312531879667 1.0656981122988012 641.5502636038781 0.0 0.0 258.0 248.5128341713743 2.4866283771045 641.5501212929605 1.0333137049611731 622.0548503866299 2.5031095575436613 2.498136672577385 638.5138603990504 
229.00000454170845 3.471217360552124E-91 46.44571059996266 1.0637733486179417 640.3915558680008 0.0 0.0 258.0 256.8242958747015 2.4821372818080123 640.3914187064668 1.0701867531873421 644.2524254187821 2.508533794377062 2.498136672577385 638.5138603990504 
230.00024246033047 3.1362840959635186E-91 46.33823591000844 1.062221254325916 639.457195104201 0.0 0.0 258.0 252.17174811409467 2.4785157625972962 639.4570667501024 1.0403031591860978 626.262501830036 2.483476069439327 2.498136672577385 638.5138603990504 
231.00076390036483 3.2169124190827445E-91 46.33823591000844 1.063912690456316 640.475439654702 0.0 0.0 258.0 252.3297497207652 2.482462450154054 640.4753121397458 1.0409677899266019 626.6626095358146 2.4835066425155814 2.498136672577385 638.5138603990504 
232.00015969981555 4.425548588993254E-91 46.16761420208355 1.0645004328875116 640.8292605982826 0.0 0.0 258.0 251.90560774640602 2.483833856096006 640.8291348727696 1.015617049984088 611.4014640904236 2.4271054128573546 2.498136672577385 638.5138603990504 
233.00029631542006 4.425548588993254E-91 45.811198088449785 1.06538957664522 641.3645251404226 0.0 0.0 258.0 248.77164784946595 2.4859085606259463 641.3644086414946 1.012501776699761 609.5260695732571 2.4501428311560933 2.5404968056304873 631.6240875791464 
234.00001940408143 4.314627147832315E-91 45.507564322226116 1.0652673799356531 641.2909627212634 0.0 0.0 258.0 249.91707102657503 2.4856234713215115 641.2908556009505 1.0303225614422604 620.2541819882468 2.4818399937245257 2.5031095575436613 622.0548503866299 
235.00009326175305 4.425548588993254E-91 45.507564322226116 1.067573655818672 642.679340802841 0.0 0.0 257.0 251.62457340332492 2.5006974036076777 642.6792327271736 1.0475722825518234 630.6385140962078 2.5062675936875514 2.483476069439327 626.262501830036 
236.00007655432557 4.425548588993254E-91 45.507564322226116 1.065449716392911 641.4007292685326 0.0 0.0 258.0 251.10209087513203 2.486048957816803 641.4006311167356 1.052146747408524 633.3923419399327 2.5224494934807447 2.4835066425155814 626.6626095358146 
237.0010605717165 3.8976213938229846E-91 45.507564322226116 1.0686780658626591 643.3441956493206 0.0 0.0 259.0 252.5428858006763 2.4839540436757317 643.3440973120148 1.0341832215446154 622.5782993698549 2.465237923436241 2.4271054128573546 611.4014640904236 
238.0006048004212 4.903584497764439E-91 45.41058499980117 1.0685986591089403 643.2963927835824 0.0 0.0 259.0 254.7599326230899 2.4837694752455177 643.2962940885891 1.0582670474389346 637.0767625582397 2.5006945008922448 2.4501428311560933 609.5260695732571 
239.0000282893027 5.498451283769428E-91 44.83303372543083 1.065712623088073 641.5589990990205 0.0 0.0 259.0 253.51104291487556 2.477061393087787 641.5589008097372 1.045081404070994 629.1390052507338 2.4817025641837125 2.4818399937245257 620.2541819882468 
240.0000476996818 5.498451283769428E-91 44.57103089720914 1.0638370649116362 640.4299130768053 0.0 0.0 259.0 252.05553709940392 2.472701997128018 640.4298172561568 1.043988497354283 628.4810754072842 2.4934230076422725 2.5062675936875514 630.6385140962078 
241.00001983028633 5.092742402198887E-91 44.624300324760846 1.062783398830701 639.7956060960817 0.0 0.0 259.0 257.2487291033385 2.4702529706360186 639.7955193947281 1.061535941430337 639.0446367410607 2.48415080209921 2.5224494934807447 633.3923419399327 
242.00000760150095 6.164249958066621E-91 44.48098944064412 1.063736027393361 640.3690884908033 0.0 0.0 260.0 254.0773535779942 2.462957705355439 640.369003392414 1.0393979069454595 625.7175399811615 2.462704885616989 2.465237923436241 622.5782993698549 
243.0001496097939 1.025204890706973E-90 44.48098944064412 1.0657870867953878 641.6038262508242 0.0 0.0 260.0 254.3908996462639 2.4677067118584226 641.6037450831901 1.0483682885721235 631.117709720416 2.480897353631749 2.5006945008922448 637.0767625582397 
244.00001151345728 8.250943678290645E-91 44.13121917833506 1.066536590128414 642.0550272573058 0.0 0.0 260.0 253.07885536894443 2.469442099222411 642.0549457978269 1.037398507318276 624.5139014056033 2.4676652677884605 2.483476069439327 626.262501830036 
245.00028913130924 9.970800905907403E-91 43.81461554074485 1.06357057817238 640.2694880597724 0.0 0.0 261.0 250.09292636996682 2.453139706105551 640.2694632935487 1.0212717638194586 614.8056018193041 2.4583086404843435 2.4817025641837125 629.1390052507338 
246.00008105289086 1.4591817293855424E-90 43.760367710971416 1.0638624598405686 640.4452008240212 0.0 0.0 261.0 254.03146535092512 2.45381293423415 640.4451758351128 1.0439076090969077 628.4323806763341 2.473836773756364 2.4817025641837125 629.1390052507338 
247.0008085397105 1.267847098269388E-90 43.65643888975522 1.063127806906303 640.0029397575933 0.0 0.0 261.0 251.03441854690527 2.4521184488831826 640.0029151585103 1.0526987839161304 633.7246679175137 2.524453306386365 2.4934230076422725 628.4810754072842 
248.00003135016274 1.005384709533325E-90 43.81461554074485 1.0659997939259094 641.7318759433971 0.0 0.0 263.0 242.81411363755967 2.4400451107395935 641.7318641245125 0.9950855034788284 599.0414730942587 2.4670784746410064 2.4934230076422725 628.4810754072842 
249.00004060754625 1.0316783379283223E-90 43.60093351352703 1.0676523509382199 642.7267152648084 0.0 0.0 263.0 252.82260688758458 2.44382777548184 642.726704951724 1.037788423807541 624.7486311321377 2.4710948076329537 2.4934230076422725 628.4810754072842 
250.00029996534983 1.0316783379283223E-90 43.64382885159986 1.0668953151322127 642.2709797095921 0.0 0.0 262.0 255.45259168056944 2.451415914068798 642.2709694860249 1.0468809819277438 630.222351120505 2.4670814532528453 2.4934230076422725 628.4810754072842 
251.00019415055178 1.0316783379283223E-90 43.625647710959385 1.066529697412075 642.0508778420691 0.0 0.0 263.0 253.2791595986127 2.441258051939303 642.0508676600365 1.0194535291586224 613.7110245534884 2.4230616744230935 2.4934230076422725 628.4810754072842 
252.00000529892023 0.0 0.0 0.0 0.0 0.0 0.0 262.0 256.16074325915696 0.0 0.0 0.6678307564068546 402.0341153569307 1.569460293727342 2.4583086404843435 614.8056018193041 
253.00032574372108 0.0 0.0 0.0 0.0 0.0 0.0 261.0 254.94116610165324 0.0 0.0 0.2738864435978945 164.87963904593082 0.6467360354827435 2.473836773756364 628.4323806763341 
254.00004878984362 0.0 0.0 0.0 0.0 0.0 0.0 262.0 252.08096333553215 0.0 0.0 0.0748479854178995 45.058487221576044 0.17874609262580843 2.473836773756364 628.4323806763341 
255.00015183613866 0.0 0.0 0.0 0.0 0.0 0.0 262.0 246.5437730457972 0.0 0.0 0.014352436486016057 8.640166764581627 0.035045163209117665 2.473836773756364 628.4323806763341 
256.000067170979 0.0 0.0 0.0 0.0 0.0 0.0 263.0 259.1174851046296 0.0 0.0 0.002905784108109347 1.749282033081817 0.006750922394818206 2.473836773756364 628.4323806763341 
257.00013220821893 0.0 0.0 0.0 0.0 0.0 0.0 262.0 259.65191912343306 0.0 0.0 0.0014606488973622556 0.8793106362120849 0.003386497735817154 2.473836773756364 628.4323806763341 
258.0004560543327 0.0 0.0 0.0 0.0 0.0 0.0 263.0 256.84254616482633 0.0 0.0 0.0013339512027404257 0.8030386240497308 0.0031265794395854813 2.473836773756364 628.4323806763341 
259.0001470110049 0.0 0.0 0.0 0.0 0.0 0.0 262.0 259.2102075232907 0.0 0.0 0.001298803437693984 0.7818796694917708 0.0030163922823969688 2.473836773756364 628.4323806763341 
260.0000154379246 0.0 0.0 0.0 0.0 0.0 0.0 262.0 259.56551490070564 0.0 0.0 0.001279973328832157 0.7705439439569693 0.0029685913564124022 2.473836773756364 628.4323806763341 
261.0004686811127 0.0 0.0 0.0 0.0 0.0 0.0 264.0 257.58950211888595 0.0 0.0 0.0012347241188688787 0.7433039195590591 0.002885614178546764 2.473836773756364 628.4323806763341 
262.00027354636666 0.0 0.0 0.0 0.0 0.0 0.0 264.0 256.5997445142095 0.0 0.0 2.44905709485786E-4 0.14743323711044262 5.745650191100575E-4 2.473836773756364 628.4323806763341 
263.00023555938344 0.0 0.0 0.0 0.0 0.0 0.0 264.0 257.6431478924437 0.0 0.0 1.0665063632151718E-6 6.42036830655529E-4 2.4919615984646914E-6 2.473836773756364 628.4323806763341 
264.00163596192135 0.0 0.0 0.0 0.0 0.0 0.0 264.0 258.34255832502515 0.0 0.0 2.858427408563582E-7 1.7207732999552879E-4 6.66082007978861E-7 2.473836773756364 628.4323806763341 
265.0010833451665 0.0 0.0 0.0 0.0 0.0 0.0 263.0 259.5454412689073 0.0 0.0 5.2501626434538056E-8 3.160597911359202E-5 1.2177435657922425E-7 2.473836773756364 628.4323806763341 
266.00001391667394 0.0 0.0 0.0 0.0 0.0 0.0 263.0 257.8335938912916 0.0 0.0 7.156709237899561E-9 4.308338961215512E-6 1.6709765768660866E-8 2.473836773756364 628.4323806763341 
267.00026596460117 0.0 0.0 0.0 0.0 0.0 0.0 261.0 259.725860231276 0.0 0.0 1.7876144769232247E-9 1.0761439151077734E-6 4.143383774528683E-9 2.473836773756364 628.4323806763341 
268.00011953947643 0.0 0.0 0.0 0.0 0.0 0.0 262.0 261.2863192653696 0.0 0.0 9.664249546684657E-10 5.817878227104082E-7 2.2266294857922826E-9 2.473836773756364 628.4323806763341 
269.00003480677293 0.0 0.0 0.0 0.0 0.0 0.0 262.0 257.8841031463209 0.0 0.0 6.460152987474683E-10 3.8890120984597277E-7 1.5080464639005455E-9 2.473836773756364 628.4323806763341 
270.0000846953457 0.0 0.0 0.0 0.0 0.0 0.0 262.0 259.7750162073763 0.0 0.0 5.967017673530514E-10 3.5921446394653956E-7 1.382790651660595E-9 2.473836773756364 628.4323806763341 
271.0009016401653 0.0 0.0 0.0 0.0 0.0 0.0 262.0 252.53950928354877 0.0 0.0 2.3535564636800515E-11 1.4168409911354018E-8 5.6103735813653905E-11 2.473836773756364 628.4323806763341 
272.00163596192135 0.0 0.0 0.0 0.0 0.0 0.0 262.0 256.94341139287474 0.0 0.0 8.620581153820913E-12 5.1895898546001685E-9 2.0197403881530627E-11 2.473836773756364 628.4323806763341 
273.0003344466291 0.0 0.0 0.0 0.0 0.0 0.0 262.0 260.40643340801023 0.0 0.0 4.4982489633299545E-12 2.7079458759246666E-9 1.0398920796560354E-11 2.473836773756364 628.4323806763341 
274.0000330113093 0.0 0.0 0.0 0.0 0.0 0.0 262.0 256.1813850645443 0.0 0.0 3.9639747252707866E-12 2.3863127846130123E-9 9.314934354078015E-12 2.473836773756364 628.4323806763341 
275.0000899265184 0.0 0.0 0.0 0.0 0.0 0.0 262.0 256.5771422084304 0.0 0.0 1.979469436234256E-12 1.1916406006130155E-9 4.64437552915367E-12 2.473836773756364 628.4323806763341 
276.00043632378805 0.0 0.0 0.0 0.0 0.0 0.0 261.0 255.67183474096933 0.0 0.0 4.399096206549268E-13 2.6482559163426736E-10 1.0358027582606901E-12 2.473836773756364 628.4323806763341 
277.00005094556536 0.0 0.0 0.0 0.0 0.0 0.0 261.0 257.4765842944226 0.0 0.0 1.6595006911304715E-15 9.990194160605563E-13 3.88003988323142E-15 2.473836773756364 628.4323806763341 
278.0002857107241 0.0 0.0 0.0 0.0 0.0 0.0 261.0 258.3321270047563 0.0 0.0 7.533403173785806E-17 4.5351087106190956E-14 1.7555341502435728E-16 2.4919615984646914E-6 6.42036830655529E-4 
279.00026527796695 0.0 0.0 0.0 0.0 0.0 0.0 261.0 255.9098433012768 0.0 0.0 -3.892709897913998E-17 -2.3434113585442555E-14 -9.157175543988009E-17 1.0398920796560354E-11 2.7079458759246666E-9 
280.0006164552713 0.0 0.0 0.0 0.0 0.0 0.0 262.0 253.30804295898753 0.0 0.0 -3.8918586422384136E-17 -2.3428989026275565E-14 -9.249208494366242E-17 1.0398920796560354E-11 2.7079458759246666E-9 
281.0001352395982 0.0 0.0 0.0 0.0 0.0 0.0 262.0 254.541160691453 0.0 0.0 -3.894106996782405E-17 -2.3442524120630356E-14 -9.209718403479218E-17 1.0398920796560354E-11 2.7079458759246666E-9 
282.00001266427006 0.0 0.0 0.0 0.0 0.0 0.0 261.0 255.70676492204328 0.0 0.0 -1.5618221453514054E-17 -9.402169315015477E-15 -3.676934131125508E-17 1.5080464639005455E-9 3.8890120984597277E-7 
283.00010564370393 0.0 0.0 0.0 0.0 0.0 0.0 261.0 253.26186771802048 0.0 0.0 -2.009317079012922E-18 -1.2096088815657684E-15 -4.776119249473972E-18 1.5080464639005455E-9 3.8890120984597277E-7 
284.00005873523065 0.0 0.0 0.0 0.0 0.0 0.0 262.0 256.7383965766226 0.0 0.0 -4.533925362959063E-20 -2.7294230685013313E-17 -1.0631144795230289E-19 1.0398920796560354E-11 2.7079458759246666E-9 
285.0005330910859 0.0 0.0 0.0 0.0 0.0 0.0 261.0 250.9437485757051 0.0 0.0 -4.3540743694250117E-23 -2.6211527703938405E-20 -1.0445180584377408E-22 1.0398920796560354E-11 2.7079458759246666E-9 
286.00000801665 0.0 0.0 0.0 0.0 0.0 0.0 262.0 258.8215247957857 0.0 0.0 -2.9806674825741298E-27 -1.794361824509645E-24 -6.932815290093917E-27 1.0398920796560354E-11 2.7079458759246666E-9 
287.0000440519622 0.0 0.0 0.0 0.0 0.0 0.0 262.0 248.49482764551527 0.0 0.0 -1.2339325249447286E-29 -7.428273800167346E-27 -2.989307210355293E-29 1.0398920796560354E-11 2.7079458759246666E-9 
288.00059115872097 0.0 0.0 0.0 0.0 0.0 0.0 262.0 258.2432407653343 0.0 0.0 -1.2331348874100469E-29 -7.423472022208472E-27 -2.8746045783069237E-29 -4.776119249473972E-18 -1.2096088815657684E-15 
289.0000976752895 0.0 0.0 0.0 0.0 0.0 0.0 263.0 251.25188557518544 0.0 0.0 -1.2468316497774423E-29 -7.505926531660245E-27 -2.987411025583785E-29 -4.776119249473972E-18 -1.2096088815657684E-15 
290.000172880082 0.0 0.0 0.0 0.0 0.0 0.0 263.0 256.68544476388934 0.0 0.0 -1.2795704269520765E-29 -7.703013970251539E-27 -3.000954720022054E-29 1.0358027582606901E-12 2.6482559163426736E-10 
291.0004073437922 0.0 0.0 0.0 0.0 0.0 0.0 262.0 254.73919021066442 0.0 0.0 -1.271878614746956E-29 -7.65670926077671E-27 -3.0057052683745906E-29 -1.0445180584377408E-22 -2.6211527703938405E-20 
292.0002710722129 0.0 0.0 0.0 0.0 0.0 0.0 262.0 256.14334868530125 0.0 0.0 -1.2693718358315781E-29 -7.641618451706184E-27 -2.9833366710195965E-29 -1.0445180584377408E-22 -2.6211527703938405E-20 
293.00040960543913 0.0 0.0 0.0 0.0 0.0 0.0 262.0 259.38309477726943 0.0 0.0 -1.417977025886586E-35 -8.536221695837257E-33 -3.290970717720542E-35 -2.8746045783069237E-29 -7.423472022208472E-27 
294.00056067794975 0.0 0.0 0.0 0.0 0.0 0.0 263.0 248.33140184929036 0.0 0.0 -1.266086294469061E-35 -7.621839492703729E-33 -3.069220982906278E-35 -2.8746045783069237E-29 -7.423472022208472E-27 
295.0005583779459 0.0 0.0 0.0 0.0 0.0 0.0 263.0 253.9829237662537 0.0 0.0 7.861871895898982E-55 4.732846881331169E-52 1.863450822263514E-54 -2.987411025583785E-29 -7.505926531660245E-27 
296.0004120335238 0.0 0.0 0.0 0.0 0.0 0.0 262.0 260.68904445768504 0.0 0.0 2.6355841826752318E-55 1.5866216779704888E-52 6.086261435616366E-55 -3.000954720022054E-29 -7.703013970251539E-27 
297.0000816380577 0.0 0.0 0.0 0.0 0.0 0.0 262.0 256.8965934271359 0.0 0.0 2.0377309455064844E-58 1.2267140291948954E-55 4.775127660627508E-58 -2.9833366710195965E-29 -7.641618451706184E-27 
298.0002283065904 0.0 0.0 0.0 0.0 0.0 0.0 262.0 245.8223806934608 0.0 0.0 -4.697508861161193E-64 -2.827900334419012E-61 -1.1503835925929743E-63 -3.290970717720542E-35 -8.536221695837257E-33 
299.00011801279106 0.0 0.0 0.0 0.0 0.0 0.0 262.0 258.2465640795551 0.0 0.0 -1.0019701852596095E-67 -6.031860515262922E-65 -2.3356982644712958E-67 -3.069220982906278E-35 -7.621839492703729E-33 
300.00016408574703 0.0 0.0 0.0 0.0 0.0 0.0 262.0 248.67300022731476 0.0 0.0 0.0 0.0 0.0 -3.069220982906278E-35 -7.621839492703729E-33 
#####################################################################
# End of data export. Simulation finished at: 2021-12-09T08:54+0000 #
#####################################################################
