#####################################################################
# Alchemist log file - simulation started at: 2021-12-09T08:43+0000 #
#####################################################################
# random = 14.0
#
# The columns have the following meaning: 
# time localWarningInSystem[Min] localWarningInSystem[Max] localWarningInSystem[Mean] localWarningInSystem[Sum] meanWarningAtDetector[Sum] dataAtCollector[Sum] inSurveillanceArea[Sum] numDevicesAtDetector[Sum] localWarningInSurveillanceArea[Mean] localWarningInSurveillanceArea[Sum] sumWarningAtDetector[Mean] sumWarningAtDetector[Sum] meanWarningOverallAtDetector[Sum] meanWarningAtCollector[Sum] sumWarningAtCollector[Sum] 
0.0 0.0 0.0 0.0 0.0 0.0 0.0 0.0 0.0 0.0 0.0 0.0 0.0 0.0 0.0 0.0 
1.0015837731381736 0.0 0.0 0.0 0.0 0.0 0.0 62.0 1.0 0.0 0.0 0.0 0.0 0.0 0.0 0.0 
2.0 0.0 0.0 0.0 0.0 0.0 0.0 223.0 11.933529661033702 0.0 0.0 0.0 0.0 0.0 0.0 0.0 
3.000867643271788 0.0 0.0 0.0 0.0 0.0 0.0 253.0 44.865961996798674 0.0 0.0 0.0 0.0 0.0 0.0 0.0 
4.00024379963547 0.0 0.0 0.0 0.0 0.0 0.0 256.0 100.12098157773815 0.0 0.0 0.0 0.0 0.0 0.0 0.0 
5.00018187735089 0.0 0.0 0.0 0.0 0.0 0.0 256.0 165.0029756986769 0.0 0.0 0.0 0.0 0.0 0.0 0.0 
6.000673521647758 0.0 0.0 0.0 0.0 0.0 0.0 257.0 211.63463819795106 0.0 0.0 0.0 0.0 0.0 0.0 0.0 
7.00035924908337 0.0 0.0 0.0 0.0 0.0 0.0 257.0 239.44050584028085 0.0 0.0 0.0 0.0 0.0 0.0 0.0 
8.000694806859991 0.0 0.0 0.0 0.0 0.0 0.0 258.0 245.19580246690302 0.0 0.0 0.0 0.0 0.0 0.0 0.0 
9.000156659594923 0.0 0.0 0.0 0.0 0.0 0.0 256.0 251.0000645151775 0.0 0.0 0.0 0.0 0.0 0.0 0.0 
10.00031518406648 0.0 0.0 0.0 0.0 0.0 0.0 258.0 251.58054590774464 0.0 0.0 0.0 0.0 0.0 0.0 0.0 
11.000054787820426 0.0 0.0 0.0 0.0 0.0 0.0 256.0 252.13727295914683 0.0 0.0 0.0 0.0 0.0 0.0 0.0 
12.00128035721756 0.0 0.0 0.0 0.0 0.0 0.0 256.0 252.24611624273592 0.0 0.0 0.0 0.0 0.0 0.0 0.0 
13.00038331779112 0.0 0.0 0.0 0.0 0.0 0.0 257.0 255.3636674053866 0.0 0.0 0.0 0.0 0.0 0.0 0.0 
14.000087500485296 0.0 0.0 0.0 0.0 0.0 0.0 258.0 254.18566569941441 0.0 0.0 0.0 0.0 0.0 0.0 0.0 
15.000864994829106 0.0 0.0 0.0 0.0 0.0 0.0 259.0 250.4217879357343 0.0 0.0 0.0 0.0 0.0 0.0 0.0 
16.00076646369464 0.0 0.0 0.0 0.0 0.0 0.0 259.0 249.63984501848734 0.0 0.0 0.0 0.0 0.0 0.0 0.0 
17.000171265329495 0.0 0.0 0.0 0.0 0.0 0.0 260.0 251.4908503879853 0.0 0.0 0.0 0.0 0.0 0.0 0.0 
18.001036789662976 0.0 0.0 0.0 0.0 0.0 0.0 260.0 252.41920239708662 0.0 0.0 0.0 0.0 0.0 0.0 0.0 
19.000096895675615 0.0 0.0 0.0 0.0 0.0 0.0 260.0 249.21002047468684 0.0 0.0 0.0 0.0 0.0 0.0 0.0 
20.0002491283209 0.0 0.0 0.0 0.0 0.0 0.0 259.0 251.26291114691287 0.0 0.0 0.0 0.0 0.0 0.0 0.0 
21.00001790929118 0.0 0.0 0.0 0.0 0.0 0.0 258.0 252.59252769343965 0.0 0.0 0.0 0.0 0.0 0.0 0.0 
22.00000935834479 0.0 0.0 0.0 0.0 0.0 0.0 258.0 256.1644324290558 0.0 0.0 0.0 0.0 0.0 0.0 0.0 
23.00015629842087 0.0 0.0 0.0 0.0 0.0 0.0 258.0 258.36067555097895 0.0 0.0 0.0 0.0 0.0 0.0 0.0 
24.00026473380892 0.0 0.0 0.0 0.0 0.0 0.0 259.0 257.6039397993063 0.0 0.0 0.0 0.0 0.0 0.0 0.0 
25.00031958971634 0.0 0.0 0.0 0.0 0.0 0.0 257.0 252.49209184628285 0.0 0.0 0.0 0.0 0.0 0.0 0.0 
26.000401312646737 0.0 0.0 0.0 0.0 0.0 0.0 257.0 254.86992723125888 0.0 0.0 0.0 0.0 0.0 0.0 0.0 
27.00070477290189 0.0 0.0 0.0 0.0 0.0 0.0 258.0 257.9251320328129 0.0 0.0 0.0 0.0 0.0 0.0 0.0 
28.000542325419065 0.0 0.0 0.0 0.0 0.0 0.0 257.0 257.2561064327171 0.0 0.0 0.0 0.0 0.0 0.0 0.0 
29.000392757625328 0.0 0.0 0.0 0.0 0.0 0.0 257.0 256.86310697203095 0.0 0.0 0.0 0.0 0.0 0.0 0.0 
30.000236631369454 0.0 0.0 0.0 0.0 0.0 0.0 258.0 251.61461945972775 0.0 0.0 0.0 0.0 0.0 0.0 0.0 
31.000338930434413 3.1149651086071704E-95 49.383279454391435 1.1465848205412472 690.2440619658311 0.0 0.0 258.0 255.58798673077993 2.673047046999576 689.6461381258906 2.918698103002385E-4 0.17570562580074459 6.874565117405995E-4 0.0 0.0 
32.000324390392365 4.0703502905937376E-95 49.38766927432937 1.1480158561363467 691.105545394081 0.0 0.0 258.0 254.46917855112568 2.6763897747214256 690.5085618781281 0.05014484240617047 30.187195128514464 0.11862809987595226 0.0 0.0 
33.00003380107853 6.07791916928799E-95 49.19406594887159 1.1468895081928219 690.4274839320786 0.0 0.0 258.0 252.1657381961612 2.6738768716527788 689.8602328864166 0.500943189243209 301.5677999244164 1.1959110784900726 0.0 0.0 
34.00015869082537 5.1141276628784886E-95 49.19406594887159 1.1490814391707809 691.7470263808109 0.0 0.0 258.0 254.52463179758098 2.6790092286060583 691.1843809803635 0.9574249554278313 576.3698231675553 2.2644952635701374 0.0 0.0 
35.00006281129509 5.2236755598903E-95 49.23234288356545 1.1502742567417128 692.4651025585114 0.0 0.0 258.0 254.41197639047306 2.681815101444673 691.9082961727262 1.0969525638013757 660.3654434084336 2.5956539184102745 0.0 0.0 
36.00008724107517 6.38244520132526E-95 49.23234288356545 1.1531092064171151 694.171742263103 0.0 0.0 258.0 255.16246690234277 2.6884760867009123 693.6268303688354 1.1161430287934173 671.9181033336407 2.6332952157528755 0.0 0.0 
37.000600893855115 8.91063697439678E-95 49.12742583672006 1.1508493574242145 692.8113131693765 0.0 0.0 258.0 255.52606153315926 2.683209678628552 692.2680970861659 1.11454831658066 670.9580865815611 2.6257912111031065 6.874565117405995E-4 0.17570562580074459 
38.00012287829994 7.496571096940348E-95 49.12742583672006 1.1535786452293502 694.4543444280678 0.0 0.0 258.0 256.40723047573925 2.6896039253234627 693.9178127334534 1.125874666644762 677.7765493201456 2.643359737019099 0.11862809987595226 30.187195128514464 
39.00046760487715 7.496571096940348E-95 49.12742583672006 1.1579883767702883 697.1090028157133 0.0 0.0 258.0 251.6788191050073 2.6999339044129567 696.5829473385422 1.1186753023705869 673.4425320270919 2.6758013821819198 0.11862809987595226 30.187195128514464 
40.00051955761816 7.821781919046282E-95 49.096867168777905 1.1589763314672856 697.703751543306 0.0 0.0 259.0 252.23698942743573 2.6918373440102084 697.1858720986438 1.1271054026304475 678.5174523835392 2.689999805039447 2.2644952635701374 576.3698231675553 
41.00006733430465 1.0917692273247729E-94 49.05760538184452 1.1607205598860348 698.7537770513934 0.0 0.0 259.0 252.4367037615546 2.695942161139292 698.249019735077 1.139190274029468 685.792544965745 2.7166910942298133 2.5956539184102745 660.3654434084336 
42.000038309615064 1.0917692273247729E-94 49.00966138856697 1.1618652584846847 699.4428856077808 0.0 0.0 258.0 252.786826229056 2.7091266883059424 698.9546855829335 1.1332172258441517 682.1967699581882 2.69870380563279 2.6332952157528755 671.9181033336407 
43.00000837500714 1.0917692273247729E-94 49.00966138856697 1.1645080530091079 701.0338479114826 0.0 0.0 258.0 252.20528287531843 2.7152790716554156 700.5420004870969 1.113254595045501 670.1792662173912 2.6572768761101035 2.6257912111031065 670.9580865815611 
44.000600503355514 1.6284025842588594E-94 48.9530607110006 1.1713843722534094 705.1733920965517 0.0 0.0 257.0 255.15417107849777 2.7419988483572566 704.6937040278145 1.156812473837288 696.4011092500452 2.729334607019999 2.6257912111031065 670.9580865815611 
45.000086432031225 2.773316701680631E-94 48.812929554237854 1.1732550474346606 706.299538555665 0.0 0.0 257.0 252.0412239863564 2.7461373862646274 705.7573082700088 1.091842352439567 657.289096168624 2.607863450957549 2.6257912111031065 670.9580865815611 
46.000271787814036 3.3855869966706964E-94 48.64913928736666 1.1750035954702265 707.3521644730769 0.0 0.0 257.0 249.1372479784585 2.750265456593825 706.8182223446131 1.0978744208132063 660.9204013295575 2.6528365657579376 2.6257912111031065 670.9580865815611 
47.000059286373855 3.3855869966706964E-94 48.64913928736666 1.1751575440123958 707.4448414954618 0.0 0.0 258.0 250.3240101471502 2.7399730478605946 706.913046348033 1.1554646288287127 695.5897065548746 2.7787574437864744 2.6257912111031065 670.9580865815611 
48.00038651243435 3.3855869966706964E-94 48.663465865080354 1.1720129506710815 705.5517963039914 0.0 0.0 259.0 252.59675949245823 2.722404140968474 705.1026725108346 1.1466080874834481 690.2580686650317 2.7326481545209242 2.6257912111031065 670.9580865815611 
49.00039118434258 5.043972515120326E-94 48.663465865080354 1.1707518331185773 704.7926035373837 0.0 0.0 258.0 253.33871312120806 2.729847284796802 704.3005994775749 1.1713105603429665 705.1289573264647 2.7833446717995325 2.6257912111031065 670.9580865815611 
50.000254356498736 4.4165088220349005E-94 48.56218917772065 1.1685613317748125 703.4739217284365 0.0 0.0 258.0 255.86152618301102 2.7247843422345697 702.994360296519 1.1919692637664179 717.5654967873792 2.804507217212968 2.6257912111031065 670.9580865815611 
51.00048638375227 4.4165088220349005E-94 48.419948810768176 1.1689567636346914 703.7119717080843 0.0 0.0 258.0 254.5073310151821 2.7244443580462123 702.9066443759228 1.1680653494047735 703.1753403416667 2.7628883519261778 2.6257912111031065 670.9580865815611 
52.00015887688648 6.578123515535823E-94 48.35086521341652 1.1698405199819006 704.2439930291036 0.0 0.0 260.0 256.25078996849976 2.707063219394483 703.8364370425654 1.1527915663875872 693.9805229653247 2.708208326111439 2.6257912111031065 670.9580865815611 
53.00019810883216 8.026909018286326E-94 48.242198063085496 1.1685717148545045 703.4801723424117 0.0 0.0 259.0 252.89077016406512 2.714350179430135 703.0166964724044 1.145390408010483 689.5250256223113 2.726572524473613 2.804507217212968 717.5654967873792 
54.00158377313817 7.02946524750015E-94 48.242198063085496 1.1708663029872322 704.8615143983143 0.0 0.0 260.0 254.6743474290478 2.7095360885884396 704.4793830329942 1.1535605820239847 694.4434703784292 2.726790025728449 2.7628883519261778 703.1753403416667 
55.00041131831339 5.929721826372486E-94 48.33394537197967 1.172191094060408 705.6590386243658 0.0 0.0 260.0 252.33012796353015 2.7126476109173265 705.288378838505 1.1213657039431029 675.0621537737411 2.675313325530867 2.708208326111439 693.9805229653247 
56.000190108152125 6.488437501352753E-94 48.27919793001045 1.1762915611847595 708.1275198332252 0.0 0.0 260.0 253.03254415512967 2.722133538913614 707.7547201175396 1.152885220351838 694.0369026518007 2.742876039796285 2.726572524473613 689.5250256223113 
57.00035176319334 7.731559863667034E-94 48.27919793001045 1.1768421755143033 708.4589896596109 0.0 0.0 260.0 256.5300913947166 2.7234472546381947 708.0962862059308 1.1719111925647532 705.4905379239743 2.75012780796329 2.726790025728449 694.4434703784292 
58.000454678903964 7.731559863667034E-94 48.27919793001045 1.1766076568294963 708.317809411357 0.0 0.0 260.0 250.80326727495185 2.7229448114881976 707.9656509869311 1.1517018141283453 693.3244921052733 2.764415709725153 2.675313325530867 675.0621537737411 
59.00000551450285 7.235460225968604E-94 48.403811517532674 1.1764785200859107 708.2400690917178 0.0 0.0 259.0 251.70592716120282 2.7330145147690934 707.8507593251951 1.162722036592197 699.9586660284995 2.7808588932441674 2.742876039796285 694.0369026518007 
60.00000984951868 7.235460225968604E-94 48.50664424039315 1.1767697463051894 708.415387275724 0.0 0.0 260.0 252.62069662549573 2.7234290870269904 708.0915626270177 1.1865986712960657 714.3324001202419 2.827687555541908 2.75012780796329 705.4905379239743 
61.00079212612494 1.0769599484245639E-93 48.73570356937762 1.1774807634316227 708.8434195858368 0.0 0.0 260.0 255.2107996727145 2.725069380226645 708.5180388589276 1.1803719405161175 710.5839081907047 2.7843018755552915 2.764415709725153 693.3244921052733 
62.00052410404134 1.0769599484245639E-93 48.8788715101454 1.1824357713960834 711.8263343804426 0.0 0.0 258.0 253.51297142471765 2.757608724311485 711.4630508723632 1.1771713268126882 708.6571387412458 2.79534863545113 2.7808588932441674 699.9586660284995 
63.00001621750046 1.0769599484245639E-93 49.00285496405225 1.1821656696273204 711.6637331156472 0.0 0.0 258.0 252.44933997541415 2.757011379529801 711.3089359186886 1.1761322558631875 708.0316180296409 2.8046483230995793 2.7808588932441674 699.9586660284995 
64.00044822162953 1.0769599484245639E-93 49.00285496405225 1.1820187705733147 711.5752998851355 0.0 0.0 258.0 256.9255444772605 2.7566849259639308 711.2247108986943 1.1729520201259327 706.117116115817 2.7483336370950564 2.827687555541908 714.3324001202419 
65.00012988567866 1.403649376756807E-93 49.129609326461384 1.1815531409843125 711.2949908725559 0.0 0.0 258.0 252.82827078451598 2.7556321028504924 710.9530825354268 1.1658067080141357 701.8156382245071 2.7758590289242626 2.7843018755552915 710.5839081907047 
66.00008880169098 1.1336118652080267E-93 49.17657783458113 1.1833118477180216 712.3537323262494 0.0 0.0 257.0 252.89231749903226 2.7705333584483283 712.0270731212204 1.1581641975797332 697.2148469429943 2.756963334584738 2.79534863545113 708.6571387412458 
67.00015920382339 1.0609791514795394E-93 49.15336104394748 1.184180453980136 712.876633296042 0.0 0.0 257.0 249.01789063304918 2.7726035156191484 712.5591035141217 1.1639057294170454 700.6712491090574 2.8137385925477982 2.7483336370950564 706.117116115817 
68.00010278055316 1.0609791514795394E-93 49.27639817887028 1.1844297454188242 713.0267067421328 0.0 0.0 256.0 250.4991059983422 2.784052194795739 712.7173618677098 1.166061858188155 701.9692386292693 2.8022824106762076 2.7758590289242626 701.8156382245071 
69.0009151605791 1.1603802637458992E-93 49.25860713645122 1.1865627451409744 714.3107725748671 0.0 0.0 254.0 250.5834264239287 2.811053256217653 714.0075270792845 1.1676450974613823 702.922348671747 2.805143016452199 2.7758590289242626 701.8156382245071 
70.000295959447 1.6504496482968884E-93 49.25860713645122 1.1855371749290469 713.6933793072868 0.0 0.0 254.0 251.19024099775697 2.8086412164763512 713.3948689849936 1.1868246808576954 714.468457876324 2.8443320689465157 2.7758590289242626 701.8156382245071 
71.00007445064655 1.5147123345516936E-93 49.39864553153569 1.1868881691863309 714.5066778501713 0.0 0.0 255.0 254.746641266739 2.8008473626439416 714.2160774742049 1.2026748790531054 724.0102771899733 2.8420797761642707 2.7758590289242626 701.8156382245071 
72.000006842743 1.893223815327351E-93 49.45054134987599 1.187127381683696 714.6506837735849 0.0 0.0 255.0 252.50203447198393 2.8014433146710567 714.3680452411195 1.195703393356824 719.8134428008168 2.850723338946732 2.7758590289242626 701.8156382245071 
73.00158377313818 2.465877591337486E-93 49.51541902578432 1.1921101247854688 717.6502951208519 0.0 0.0 255.0 247.36261443025418 2.813191082047351 717.3637259220744 1.1599103306120264 698.2660190284373 2.82284378598092 2.7758590289242626 701.8156382245071 
74.00030074934928 2.16376068356809E-93 49.57817829561355 1.1935210079835459 718.4996468060949 0.0 0.0 254.0 252.1677815450394 2.827675901471336 718.2296789737193 1.2298435561064613 740.3658207760951 2.9360048148889284 2.7758590289242626 701.8156382245071 
75.00002330435322 2.6378506337068533E-93 49.62529994423055 1.1946726758172854 719.192950842006 0.0 0.0 254.0 253.30904412762064 2.8304386351969617 718.9314133400278 1.2265896169212605 738.4069493866023 2.915043763753585 2.7758590289242626 701.8156382245071 
76.00002521459605 2.419616063570686E-93 49.73128025631341 1.1934358534721157 718.4483837902133 0.0 0.0 255.0 252.8670952765681 2.8164368890117766 718.1914066980029 1.2073262901705468 726.8104266826647 2.874278386785481 2.7758590289242626 701.8156382245071 
77.0003995160997 1.8654000663373026E-93 49.777717785327674 1.1965275526440766 720.3095866917338 0.0 0.0 255.0 252.188913655383 2.8237768517999253 720.0630972089805 1.1932621624456712 718.343821792288 2.848435370850232 2.7758590289242626 701.8156382245071 
78.00014872386865 1.5660971833848966E-93 49.79929280398856 1.192548453303228 717.9141688885438 0.0 0.0 255.0 249.96105650046286 2.814412598193759 717.675212539408 1.1773016283615858 708.7355802736705 2.835384000196679 2.9360048148889284 740.3658207760951 
79.00052780666088 2.133311661158124E-93 49.839148178259116 1.1896550206596888 716.1723224371316 0.0 0.0 254.0 251.98662523042643 2.8186506043122934 715.937253495322 1.2097727134225433 728.2831734803731 2.890165987240007 2.915043763753585 738.4069493866023 
80.00005865050899 2.133311661158124E-93 49.874601954560646 1.188836837553882 715.6797762074361 0.0 0.0 254.0 248.5367561560572 2.81673057949146 715.4495671908302 1.216339612936392 732.2364469877087 2.946189764092417 2.874278386785481 726.8104266826647 
81.00008514734466 2.133311661158124E-93 49.874601954560646 1.1884123093647259 715.4242102375649 0.0 0.0 253.0 251.58232375003374 2.826878458056072 715.2002498881858 1.2257463387993779 737.899295957219 2.9330331517661725 2.848435370850232 718.343821792288 
82.00039506291245 2.133311661158124E-93 49.91784534567446 1.1909749173609885 716.9669002513153 0.0 0.0 253.0 246.2026269627823 2.832998736222118 716.7486802641957 1.1496336055369527 692.0794305332432 2.8110156218514386 2.848435370850232 718.343821792288 
83.00019560500601 2.133311661158124E-93 49.977782715315605 1.1928146025307012 718.0743907234821 0.0 0.0 253.0 248.64580129361136 2.8373927389890423 717.8603629642273 1.1624021862909721 699.7661161471631 2.8143089990120123 2.848435370850232 718.343821792288 
84.0000678907747 2.6585654000931637E-93 49.99722229938051 1.1912947990035843 717.1594690001577 0.0 0.0 253.0 247.94433494743632 2.833788425049147 716.9484715374342 1.1649501254440928 701.2999755173404 2.828457345742602 2.848435370850232 718.343821792288 
85.00000601661166 2.7777218084388693E-93 49.99055644746812 1.1900103157175268 716.386210061951 0.0 0.0 253.0 248.62127006551398 2.830735532941197 716.1760898341221 1.1735577972483822 706.4817939435256 2.8415983626717103 2.8110156218514386 692.0794305332432 
86.00058863277339 2.7777218084388693E-93 49.97944866915555 1.1864805597850059 714.2612969905728 0.0 0.0 253.0 245.36658539749067 2.822338777960295 714.0517108239541 1.1490168344213596 691.7081343216526 2.8190804106479876 2.8110156218514386 692.0794305332432 
87.0004312535096 2.7777218084388693E-93 49.97944866915555 1.1865954803745737 714.3304791854938 0.0 0.0 253.0 247.69566191244067 2.82263068194655 714.125562532477 1.1667606018532564 702.3898823156698 2.835697149043981 2.8110156218514386 692.0794305332432 
88.000100311297 3.861254804227845E-93 49.97944866915555 1.1866770596935319 714.3795899355057 0.0 0.0 254.0 246.68591129354527 2.8118000699587067 714.1972177695114 1.1467229120097078 690.3271930298466 2.798405427411653 2.8143089990120123 699.7661161471631 
89.0000492561691 3.861254804227845E-93 49.95946088752091 1.1827628917202846 712.0232608156113 0.0 0.0 254.0 248.66455066512407 2.802535062794788 711.8439059498758 1.155417138756468 695.561117531393 2.7971864733872076 2.8143089990120123 699.7661161471631 
90.0005434322299 3.861254804227845E-93 49.922005339425645 1.1817531214245562 711.4153790975831 0.0 0.0 254.0 249.7930381670314 2.8001526591104886 711.2387754140642 1.1689603844013376 703.7141514096012 2.817188807876392 2.8143089990120123 699.7661161471631 
91.00020359304106 3.861254804227845E-93 49.922005339425645 1.1813567424654852 711.1767589642218 0.0 0.0 254.0 250.17751401279148 2.7992111305711718 710.9996271650781 1.16930863660059 703.9237992335552 2.8136973141301733 2.8143089990120123 699.7661161471631 
92.00042895695732 3.861254804227845E-93 49.922005339425645 1.1770342026662406 708.5745900050769 0.0 0.0 256.0 246.1810211567375 2.767182080341875 708.39861256752 1.1400627162576151 686.3177551870808 2.7878581052359794 2.8143089990120123 699.7661161471631 
93.00005580691413 3.861254804227845E-93 49.922005339425645 1.1762699458947765 708.1145074286546 0.0 0.0 256.0 248.43556630183804 2.7654234047687583 707.948391620802 1.1639155639895389 700.6771695217041 2.8203577287738777 2.8143089990120123 699.7661161471631 
94.00052073118383 3.861254804227845E-93 49.922005339425645 1.1751967924961924 707.4684690827079 0.0 0.0 256.0 251.15668913944222 2.762917059715106 707.3067672870669 1.1785881633617687 709.5100743437931 2.8249698495980455 2.8143089990120123 699.7661161471631 
95.00158377313818 3.4601009501437747E-93 49.922005339425645 1.1765908990421807 708.3077212233927 0.0 0.0 256.0 251.98635293019686 2.766236373857603 708.156511707546 1.1819959013385581 711.5615326058175 2.823809798949423 2.817188807876392 703.7141514096012 
96.00027660517698 4.502292240730241E-93 49.922005339425645 1.1752912128782846 707.5253101527272 0.0 0.0 256.0 251.48052667887103 2.7631821948804727 707.3746418894008 1.1713293674483907 705.140279203928 2.8039557913935793 2.817188807876392 703.7141514096012 
97.00006979762642 4.404445764101749E-93 49.892892661668746 1.1776112785363704 708.9219896788944 0.0 0.0 256.0 252.6036437606012 2.768659904522426 708.7769355577408 1.1628207702707736 700.0181037030054 2.771211425463166 2.817188807876392 703.7141514096012 
98.00059715909352 4.502292240730241E-93 49.88984374472555 1.1790402648059837 709.7822394132019 0.0 0.0 257.0 250.2550336528935 2.7612451966430043 709.6400155372521 1.1522709810177996 693.6671305727124 2.771840871480077 2.817188807876392 703.7141514096012 
99.0003395849431 4.502292240730241E-93 49.786844536826784 1.1771202754614531 708.6264058277942 0.0 0.0 256.0 249.88127020853727 2.7675427008444338 708.4909314161746 1.1433235485438535 688.2807762234011 2.7544312370791117 2.817188807876392 703.7141514096012 
100.00060838026855 3.945543262460176E-93 49.71608690861454 1.1772710497222276 708.717171932781 0.0 0.0 257.0 251.11485769857046 2.7571487476736447 708.5872281521264 1.1547781040861882 695.176418659882 2.768360363186266 2.817188807876392 703.7141514096012 
101.0004202220955 6.252081395566268E-93 49.740398493410495 1.17549371149719 707.6472143213083 0.0 0.0 257.0 250.0480803466179 2.752996904559201 707.5202044717148 1.1473617377301808 690.7117661135725 2.7623158120474445 2.817188807876392 703.7141514096012 
102.0000207202339 5.481878120871785E-93 49.698137118321426 1.1771828468419614 708.66407379886 0.0 0.0 257.0 251.9709221729566 2.756975736927431 708.5427643903496 1.1556990721000668 695.7308414042423 2.761155276983438 2.817188807876392 703.7141514096012 
103.0007050492587 5.481878120871785E-93 49.63412300403818 1.1719786373586316 705.5311396898968 0.0 0.0 258.0 250.9649580344659 2.73416679766367 705.4150337972275 1.1581537877872152 697.2085802479068 2.778111277799017 2.817188807876392 703.7141514096012 
104.00029939429248 5.481878120871785E-93 49.57817829558908 1.1731781362516556 706.2532380234969 0.0 0.0 258.0 251.65530749745213 2.7369653131591734 706.137050795067 1.1876436499328207 714.961477259565 2.84103476445377 2.817188807876392 703.7141514096012 
105.00001307559464 5.481878120871785E-93 49.482694650404675 1.1723754093555145 705.769996432019 0.0 0.0 258.0 250.6749990785009 2.7350966325543493 705.6549311990217 1.1897705469976407 716.2418692925838 2.85725290485904 2.817188807876392 703.7141514096012 
106.00037910740105 7.440076257423731E-93 49.399194408442916 1.169508041315775 704.0438408720961 0.0 0.0 257.0 252.6031897473627 2.7390351717616186 703.932039142736 1.1680093492190555 703.141628229868 2.783581747059903 2.7623158120474445 690.7117661135725 
107.00016670715529 1.1778496551796694E-92 49.442025600992395 1.167814680539862 703.0244376849969 0.0 0.0 258.0 254.3041854986342 2.7244698190117833 702.9132133050399 1.1539581008875748 694.6827767343237 2.7317001305826114 2.7623158120474445 690.7117661135725 
108.00019078627194 1.4339130654687502E-92 49.30706858963276 1.166832840727431 702.4333701179133 0.0 0.0 258.0 253.18298993715004 2.722186734435033 702.3241774842385 1.1486333988538364 691.4773061100093 2.731136504398108 2.7623158120474445 690.7117661135725 
109.0007379104329 1.4659634509845173E-92 49.30706858963276 1.1673409236855246 702.7392360586864 0.0 0.0 257.0 256.38691309051507 2.7339873941925585 702.634760307488 1.1723471731519999 705.7529982374964 2.752687294878958 2.7623158120474445 690.7117661135725 
110.00001485934648 1.7844840729194057E-92 49.201718954220645 1.1657371659758193 701.7737739174426 0.0 0.0 257.0 256.04849811063883 2.730250595102598 701.6744029413671 1.1743742604323217 706.9733047802547 2.7610913947824476 2.7623158120474445 690.7117661135725 
111.000312747594 1.6712996561007332E-92 49.184501365852576 1.1671463554724197 702.6221059943964 0.0 0.0 257.0 254.20015396036348 2.7335668355772236 702.5266767433462 1.1850936298418349 713.4263651647874 2.806553631261881 2.7623158120474445 690.7117661135725 
112.00005928877167 1.6712996561007332E-92 49.201718954220645 1.165852035239698 701.8429252142975 0.0 0.0 256.0 249.9908316893513 2.741158077643645 701.7364678767732 1.1274864867383212 678.7468650164678 2.715087031111229 2.7623158120474445 690.7117661135725 
113.00007037458552 1.463457169566535E-92 49.110234246398015 1.161843492765801 699.4297826450119 0.0 0.0 255.0 250.81079717245134 2.742283797423993 699.2823683431184 1.1637222937636955 700.5608208457514 2.7931844591365937 2.7623158120474445 690.7117661135725 
114.00006332655411 1.4962510385938358E-92 49.02463885112523 1.1573748716405958 696.7396727276387 0.0 0.0 257.0 253.172767788714 2.7106550420291917 696.6383458015019 1.182451837062431 711.836005911587 2.8116610334080305 2.7623158120474445 690.7117661135725 
115.00069831278155 1.4313661513361713E-92 48.98108075650149 1.1551088322614413 695.375517021387 0.0 0.0 257.0 253.77118997763992 2.7053574501751454 695.2768646950118 1.147811157171372 690.9823166171583 2.7228556428254977 2.761155276983438 695.7308414042423 
116.00019268055797 1.4962510385938358E-92 49.1599152623183 1.1539172651642084 694.6581936288538 0.0 0.0 258.0 251.48577453320408 2.69209448912757 694.560378194913 1.1203495042894411 674.4504015822467 2.6818630311560545 2.806553631261881 713.4263651647874 
117.00009580019405 1.8212310471930973E-92 49.321862929318996 1.1541090381909587 694.773640990957 0.0 0.0 257.0 251.65197185078227 2.703024444900235 694.6772823393604 1.153060495944401 694.1424185585237 2.7583428552275255 2.715087031111229 678.7468650164678 
118.0000031269463 2.3665277184414704E-92 49.41456543767749 1.152794097315 693.9820465836291 0.0 0.0 257.0 254.31761781373712 2.6999519150979094 693.8876421801623 1.170424235260644 704.5953896269004 2.770533145458086 2.7931844591365937 700.5608208457514 
119.00003703227443 2.3665277184414704E-92 49.42939203118491 1.1526750158274788 693.9103595281415 0.0 0.0 257.0 254.360443505189 2.699685200000226 693.8190964000574 1.1758953447311022 707.8889975281197 2.783015266733794 2.8116610334080305 711.836005911587 
120.00027538086788 2.263903305664107E-92 49.488742904978615 1.152230700138488 693.6428814833699 0.0 0.0 257.0 255.33292035383593 2.698660152950139 693.5556593081858 1.1730266956447595 706.1620707781481 2.7656522699836783 2.7228556428254977 690.9823166171583 
121.0002578381527 2.2142353212849898E-92 49.488742904978615 1.151653781656045 693.2955765569388 0.0 0.0 257.0 255.1108843610354 2.697319433572407 693.2110944281081 1.1678552510323963 703.0488611215014 2.7558559991761853 2.6818630311560545 674.4504015822467 
122.00009701586467 3.500212857777498E-92 49.488742904978615 1.1511474894868694 692.9907886710948 0.0 0.0 256.0 255.0292851879292 2.706667786268807 692.9069532848141 1.1976004988452613 720.9555003048572 2.8269518136852025 2.7583428552275255 694.1424185585237 
123.00014061849208 3.423383326323424E-92 49.61206829528011 1.152385900206841 693.7363119245177 0.0 0.0 258.0 255.35809580160222 2.6886424548020798 693.6697533389362 1.17675211352185 708.4047723401517 2.774162182390878 2.7228556428254977 690.9823166171583 
124.00008687646998 3.500212857777498E-92 49.57680114321547 1.153847426766466 694.6161509134123 0.0 0.0 258.0 253.6962591610715 2.692054789431318 694.5501356732798 1.1222866346024991 675.6165540306959 2.663092298896483 2.7228556428254977 690.9823166171583 
125.00020113037094 4.8528869881385226E-92 49.57680114321547 1.1565031177436045 696.2148768816496 0.0 0.0 258.0 250.3865524514008 2.698260549850836 696.1512218615155 1.1431572797685603 688.180682420668 2.7484730137583626 2.7228556428254977 690.9823166171583 
126.00035486986454 4.8528869881385226E-92 49.71194407401751 1.1555376496282896 695.6336650762303 0.0 0.0 259.0 251.9930917953361 2.685612737049049 695.5736988957041 1.1309682002042583 680.842856522969 2.7018314338392115 2.7228556428254977 690.9823166171583 
127.00005645020657 4.8528869881385226E-92 49.6931675532034 1.157068539025187 696.5552604931623 0.0 0.0 258.0 251.79895703270714 2.699592734639522 696.4949255369963 1.1314946615397719 681.1597862469354 2.705173183693755 2.7228556428254977 690.9823166171583 
128.000003814224 4.8528869881385226E-92 49.6931675532034 1.1566037781569516 696.2754744504857 0.0 0.0 258.0 254.3904660244149 2.6985142013932224 696.2166639594517 1.1421744527314612 687.589020544346 2.702888324747026 2.7228556428254977 690.9823166171583 
129.00009738084557 8.732256238728237E-92 49.6931675532034 1.1575096534465579 696.8208113748274 0.0 0.0 258.0 250.18470335854005 2.700639046143963 696.7648739051422 1.1429181694961077 688.036738036663 2.750115130143015 2.7228556428254977 690.9823166171583 
130.00005795776818 7.012629039979524E-92 49.74924201706915 1.15659551451749 696.270499739529 0.0 0.0 257.0 251.04164245701932 2.7090045591924423 696.2141717124573 1.1488429272903997 691.6034422288175 2.7549351392856125 2.7228556428254977 690.9823166171583 
131.00014625762765 7.17024948601588E-92 49.742885575609094 1.1574778824608802 696.8016852414502 0.0 0.0 258.0 253.1987439595074 2.7005704824843417 696.7471844809603 1.1367146889476942 684.3022427465074 2.7026288995175425 2.7228556428254977 690.9823166171583 
132.00007714661595 1.1317829778544102E-91 49.742885575609094 1.1594722681764817 698.0023054422414 0.0 0.0 258.0 254.8454169057328 2.7052269727320044 697.9485589648567 1.1542529647487445 694.8602847787427 2.7265951776396715 2.7228556428254977 690.9823166171583 
133.0000075440864 1.9055525584695962E-91 49.81340460268509 1.1603931866332613 698.5566983532228 0.0 0.0 258.0 252.34031810447328 2.707377806966054 698.5034741972419 1.1429333521075025 688.0458779687198 2.726658518690845 0.0 0.0 
134.00085655404015 2.1703867051439895E-91 49.81340460268509 1.1607662294310226 698.7812701174759 0.0 0.0 258.0 255.25462859094893 2.7082610072813216 698.731339878581 1.160965384796961 698.9011616477733 2.7380548023980302 0.0 0.0 
135.00104397543527 3.188355787703126E-91 49.8701688536513 1.1594981279774816 698.0178730424436 0.0 0.0 258.0 252.1169930234915 2.705303912565977 697.9684094420217 1.1304453018569605 680.5280717178954 2.699255070262106 0.0 0.0 
136.0002124321267 5.022470898873836E-91 49.85991881690748 1.156115019324931 695.9812416336081 0.0 0.0 258.0 256.03619335189427 2.6974224255387433 695.9349857889957 1.1713660169903404 705.1623422281838 2.7541510166846366 0.0 0.0 
137.0000558683564 1.0477415369299514E-90 49.85991881690748 1.154428520563551 694.9659693792577 0.0 0.0 257.0 253.8884186591442 2.703970112739221 694.9203189739799 1.144376184607523 688.91446313373 2.7134536769029487 0.0 0.0 
138.00044715642468 1.648150247757727E-90 49.85991881690748 1.1531287088222404 694.1834827109888 0.0 0.0 258.0 253.46446534916876 2.690457743590547 694.1380978463615 1.1608386377933424 698.8248599515882 2.7570920404518944 0.0 0.0 
139.00010673453673 1.648150247757727E-90 49.87210828683544 1.1535798177072656 694.455050259774 0.0 0.0 257.0 251.62858484853714 2.7019847369489463 694.4100773958793 1.1513440006572562 693.1090883956668 2.7544926535785677 0.0 0.0 
140.00029263212704 2.591212257546417E-90 49.87210828683544 1.1565274207689276 696.2295073028943 0.0 0.0 257.0 252.04789592631016 2.708894949782161 696.1860020940156 1.155715317645308 695.7406212224816 2.7603508399288184 0.0 0.0 
141.00020746280003 3.06823843486883E-90 49.87210828683544 1.1512570989746362 693.0567735827321 0.0 0.0 257.0 254.0230426126727 2.6965516564900316 693.0137757179389 1.1552473866220738 695.4589267464947 2.7377789022349095 0.0 0.0 
142.00033980533524 3.1375856319575536E-90 49.87210828683544 1.152349623073201 693.7144730900673 0.0 0.0 257.0 255.10611391104294 2.699116043672813 693.6728232239133 1.150082680236619 692.3497735024368 2.713967779478086 0.0 0.0 
143.00010440699103 2.9340105157562407E-90 49.87210828683544 1.154011899655105 694.7151635923728 0.0 0.0 258.0 251.79196452396033 2.692538272920996 694.6748744136173 1.1492540510318554 691.8509387211698 2.747708569767856 0.0 0.0 
144.00002052745944 2.6825565164736867E-90 49.89538736871745 1.1540128316794978 694.715724671057 0.0 0.0 258.0 245.6285205801048 2.6925421180401017 694.6758664543459 1.1396162557034477 686.0489859334787 2.7930347189048965 0.0 0.0 
145.00047111628635 3.4726000146215892E-90 49.91867731669636 1.1537532245259672 694.5594411646324 0.0 0.0 257.0 252.6807806053654 2.7024189468939284 694.5216693517399 1.1412938727484332 687.0589113945582 2.719078632528054 0.0 0.0 
146.00027040770436 4.309421175918658E-90 49.89538736871745 1.1530909073227373 694.160726208288 0.0 0.0 258.0 253.66173956574897 2.690403471646584 694.1240956848189 1.1486419451136443 691.4824509584075 2.7260021639139462 0.0 0.0 
147.00013866924567 3.93956481396067E-90 49.89871383874755 1.1527720596329132 693.9687798990134 0.0 0.0 257.0 252.15451589613835 2.700124448296073 693.9319832120905 1.158708787500748 697.5426900754576 2.766330349454353 2.713967779478086 692.3497735024368 
148.0004501766836 4.8593447182468044E-90 49.89871383874755 1.1554355224943322 695.5721845415878 0.0 0.0 257.0 254.36111796429014 2.706363153926739 695.5353305591718 1.1562972925120436 696.0909700922446 2.736624904243301 2.747708569767856 691.8509387211698 
149.0002029703531 3.966379037307258E-90 49.88984374476888 1.152000294541855 693.5041773141965 0.0 0.0 257.0 252.24958104041076 2.698325703317662 693.4697057526391 1.1573412039391806 696.7194047713882 2.7620240315077975 2.7930347189048965 686.0489859334787 
150.00009162087144 3.541885288435459E-90 49.89871383874755 1.149665775876996 692.0987970779514 0.0 0.0 258.0 251.91895345697688 2.6824273750878866 692.0662627726747 1.131238811761842 681.0057646806225 2.703273236632137 2.719078632528054 687.0589113945582 
151.00040508825853 2.953439028744015E-90 49.87737284276429 1.148535198425738 691.4181894522943 0.0 0.0 258.0 253.2653598145072 2.6797902467173125 691.3858836530666 1.144890735829932 689.2242229696202 2.7213521165089904 2.7260021639139462 691.4824509584075 
152.00006509291654 2.953439028744015E-90 49.89122959299866 1.1487176200858382 691.5280072916744 0.0 0.0 259.0 254.32449870846017 2.669872564009962 691.4969940785797 1.1596128952076141 698.0869629149801 2.744867153813672 2.766330349454353 697.5426900754576 
153.0006895207815 2.953439028744015E-90 49.89122959299866 1.1476420159236134 690.8804935860154 0.0 0.0 259.0 253.2053840568958 2.667377498248533 690.8507720463703 1.1069352847175624 666.3750413999734 2.6317569979090076 2.736624904243301 696.0909700922446 
154.0004519091421 2.953439028744015E-90 49.927829913167876 1.1491605482972422 691.7946500749397 0.0 0.0 258.0 252.30302919478498 2.681250628435646 691.7626621363968 1.124597803562348 677.0078777445287 2.683312522664402 2.7620240315077975 696.7194047713882 
155.0006357671168 2.953439028744015E-90 49.94308796994288 1.1483631245236483 691.3146009632359 0.0 0.0 257.0 255.57914907293633 2.68981509697118 691.2824799215927 1.1371426046293192 684.5598479868472 2.678465166152853 2.703273236632137 681.0057646806225 
156.000307524829 3.6365150504748053E-90 49.85077866964567 1.146436878237606 690.1550006990389 0.0 0.0 256.0 256.2112944499993 2.695761383310718 690.1149141275436 1.1034250114149429 664.2618568718012 2.5926329996409847 2.7213521165089904 689.2242229696202 
157.00013374779934 5.016438720706094E-90 49.784355256804744 1.146807696512913 690.3782333007736 0.0 0.0 256.0 251.87590848313937 2.696636962416573 690.3390623786427 1.1193907027812269 673.8732030743042 2.6754174590676008 2.744867153813672 698.0869629149801 
158.0000116595022 4.703954778532756E-90 49.72713615555182 1.1462181480119942 690.0233251032205 0.0 0.0 258.0 252.70824338716244 2.6743952263850854 689.993968407352 1.130207361865273 680.3848318428887 2.6923729227166646 2.6317569979090076 666.3750413999734 
159.00034585924303 4.703954778532756E-90 49.72713615555182 1.1445430467140947 689.0149141218844 0.0 0.0 257.0 254.3272735356107 2.6808825502523703 688.986815414859 1.1198317823724315 674.1387329882073 2.6506741633189996 2.6317569979090076 666.3750413999734 
160.00008622551496 4.392595418176665E-90 49.72713615555182 1.1434369967005844 688.3490720137517 0.0 0.0 258.0 256.9923036260458 2.6679312283859065 688.3262569235635 1.1534649077228263 694.3858744491351 2.7019714779456927 2.683312522664402 677.0078777445287 
161.00071002439608 5.327259444651414E-90 49.6641883251187 1.1399292307719173 686.237396924694 0.0 0.0 257.0 255.19715057188256 2.6700871015593455 686.2123851007519 1.1293208761331799 679.8511674321775 2.6640233478652444 2.678465166152853 684.5598479868472 
162.00049975925504 5.327259444651414E-90 49.6641883251187 1.1401182912135706 686.3512113105692 0.0 0.0 258.0 255.45203277759697 2.660180105067402 686.3264671073894 1.1279490837064292 679.0253483912694 2.6581324916777866 2.5926329996409847 664.2618568718012 
163.00051469805058 5.327259444651414E-90 49.6641883251187 1.1438815696937572 688.6167049556418 0.0 0.0 257.0 252.39950590014007 2.6793370341784564 688.5896177838633 1.121214351071823 674.971039345236 2.6742169598869308 2.6754174590676008 673.8732030743042 
164.00115845808227 4.861612941690645E-90 49.58148361765451 1.1426888909400095 687.8987123458858 0.0 0.0 258.0 251.66606766514894 2.666187525135495 687.8763814849577 1.119784947500086 674.1105383950498 2.6785912961932516 2.6923729227166646 680.3848318428887 
165.0000413668543 4.4358791206223765E-90 49.58148361765451 1.1417725286577654 687.3470622519743 0.0 0.0 258.0 248.01266557833907 2.664051659259377 687.325328088919 1.123764420781345 676.5061813103591 2.7277081988245193 2.6923729227166646 680.3848318428887 
166.0006732459052 4.14074539747668E-90 49.6112414342563 1.138246577647174 685.2244397435984 0.0 0.0 259.0 253.1494398817432 2.6455731208506115 685.2034383003081 1.128184859552728 679.1672854507478 2.6828709783755222 2.6923729227166646 680.3848318428887 
167.00028968300944 4.14074539747668E-90 49.6112414342563 1.1400068949040427 686.2841507322335 0.0 0.0 258.0 253.92699283000377 2.659924737384016 686.2605822450759 1.148496523057751 691.3949068807632 2.7228098091313617 2.6923729227166646 680.3848318428887 
168.00038743358476 4.14074539747668E-90 49.49369202669121 1.1385101249462353 685.3830952176338 0.0 0.0 258.0 255.30954330534462 2.656432974446685 685.3597074072449 1.1219100343740491 675.3898406931849 2.645376400542276 2.6923729227166646 680.3848318428887 
169.00002015614052 5.3545276141594525E-90 49.49369202669121 1.1362992159981447 684.0521280308832 0.0 0.0 258.0 258.4619189608894 2.651276185157511 684.0292557706381 1.15681289778793 696.4013644683434 2.694406074473676 2.6923729227166646 680.3848318428887 
170.00015326454272 4.772977213340273E-90 49.41648715247563 1.137646998300319 684.8634929767924 0.0 0.0 258.0 249.67446926902164 2.654424265374285 684.8414604665658 1.1556065316148345 695.6751320321318 2.786328670564026 2.6923729227166646 680.3848318428887 
171.00099266204617 4.884109277291409E-90 49.25860713634817 1.1361028159957534 683.9338952294436 0.0 0.0 259.0 254.4161657131461 2.6405993608104206 683.9152344498988 1.1282309191272095 679.1950133145752 2.669622079283935 2.6923729227166646 680.3848318428887 
172.00028065078976 6.000698141560852E-90 49.30131643385778 1.13436483527992 682.8876308385121 0.0 0.0 259.0 253.69415764205405 2.636559843135355 682.8689993720571 1.1204507014326406 674.5113222624569 2.658757807163019 2.6923729227166646 680.3848318428887 
173.00022522214252 6.000698141560852E-90 49.22468511482868 1.133800026380328 682.5476158809574 0.0 0.0 258.0 254.20510484131276 2.6454546478460004 682.5272991442682 1.1239765388355505 676.6338763790047 2.661763526745038 2.6923729227166646 680.3848318428887 
174.00004876096722 6.000698141560852E-90 48.862852727587594 1.1336103972572853 682.4334591488858 0.0 0.0 258.0 256.4812416214667 2.645013187605091 682.4134024021135 1.133995662263955 682.6653886828976 2.6616581562343797 2.645376400542276 675.3898406931849 
175.00005396621594 6.000698141560852E-90 48.88756185961984 1.1319396202074021 681.4276513648559 0.0 0.0 258.0 253.89150132112024 2.6411170211513433 681.4081914570462 1.0874829557362407 654.6647393532177 2.578521675387638 2.645376400542276 675.3898406931849 
176.00020423840243 6.000698141560852E-90 48.91174001980936 1.1297501221910224 680.1095735589951 0.0 0.0 257.0 249.11456941951124 2.6462675471166373 680.0907596089754 1.1114886671644868 669.1161776330267 2.6859776977003254 2.786328670564026 695.6751320321318 
177.00070130570106 5.34629392800651E-90 48.83598554767044 1.126627029014191 678.2294714665426 0.0 0.0 257.0 254.4494838069306 2.638953223318598 678.2109783928795 1.1306368828534867 680.6434034778036 2.6749647642997676 2.669622079283935 679.1950133145752 
178.00028221606024 5.34629392800651E-90 48.70998873443336 1.1260460495167728 677.8797218090973 0.0 0.0 257.0 252.79161017797196 2.6375951237644193 677.8619468074556 1.128821538939985 679.5505664418678 2.6881848094699277 2.669622079283935 679.1950133145752 
179.00016107187287 5.34629392800651E-90 48.70998873443336 1.1279189705866242 679.0072202931482 0.0 0.0 257.0 254.03174126947343 2.6419831535874327 678.9896704719704 1.104766454045934 665.069405335655 2.618056318521859 2.669622079283935 679.1950133145752 
180.00083981505685 4.87356557154705E-90 48.601864497591244 1.1236827385292498 676.4570085946084 0.0 0.0 257.0 255.28000405832606 2.6320627299764263 676.4401216039417 1.1193651812318177 673.8578391015608 2.639681245647421 2.669622079283935 679.1950133145752 
181.00062885674762 4.652805001288106E-90 48.46300789981833 1.1258954446216682 677.7890576622436 0.0 0.0 258.0 255.50817940179803 2.6270273818059566 677.7730645059364 1.124115410436782 676.7174770829394 2.6485159053118643 2.578521675387638 654.6647393532177 
182.00036773234467 6.837373024291307E-90 48.10249835138745 1.125541511883587 677.5759901539186 0.0 0.0 258.0 254.36567019812944 2.6262031992443777 677.560425405049 1.1184721333453733 673.3202242739133 2.647056199641459 2.578521675387638 654.6647393532177 
183.00096020503577 8.835728841158196E-90 48.19638973734073 1.1265892147474585 678.2067072779698 0.0 0.0 257.0 249.85710449643196 2.638877367068458 678.1914833365936 1.0998243072099023 662.0942329403665 2.6498915621181443 2.578521675387638 654.6647393532177 
184.00000419405882 1.0707955077561309E-89 48.19638973734073 1.1272938949407005 678.6309247543014 0.0 0.0 257.0 252.0449010223343 2.640528612881862 678.615853510638 1.1538653660689702 694.6269503735261 2.7559650981075534 2.578521675387638 654.6647393532177 
185.00000665170242 1.0043613204769504E-89 48.10089496132866 1.1260900912735579 677.9062349466819 0.0 0.0 257.0 254.46087524608882 2.637710363672226 677.8915634637619 1.1202155285577442 674.3697481917674 2.650190319197736 2.578521675387638 654.6647393532177 
186.00000637339164 1.1416113466554574E-89 48.10089496132866 1.1252408529384026 677.3949934689182 0.0 0.0 257.0 254.1916880646457 2.6357233077776185 677.3808900988477 1.128815082292522 679.5466795400949 2.6733631013429267 2.578521675387638 654.6647393532177 
187.00073061789644 1.0648394746066966E-89 48.10089496132866 1.1222040258475736 675.5668235602401 0.0 0.0 257.0 255.0205285944421 2.6286138650460544 675.5537633168365 1.1211433086529534 674.9282718090753 2.6465644767069336 2.578521675387638 654.6647393532177 
188.00017100590821 9.702963700898139E-90 47.90887567610535 1.122284144149173 675.6150547778026 0.0 0.0 257.0 251.17961021016046 2.6288036900638447 675.6025483464081 1.1234126886929585 676.294438593159 2.6924734775538015 2.578521675387638 654.6647393532177 
189.0003997320548 1.2534386900240866E-89 47.66913466973315 1.124223755109547 676.7827005759472 0.0 0.0 257.0 248.32265917860695 2.6333482728039583 676.7705061106172 1.1170150135976193 672.4430381857775 2.707940710727169 2.578521675387638 654.6647393532177 
190.00000461513912 1.1688738061440002E-89 47.7733259810186 1.1220699662246392 675.4861196672332 0.0 0.0 257.0 252.42578848311277 2.6283039292903725 675.4741098276259 1.0939445192120287 658.5546005656421 2.608903807028018 2.578521675387638 654.6647393532177 
191.0002279833575 1.4161719096715444E-89 47.629162330736335 1.1212276257265734 674.9790306873973 0.0 0.0 257.0 253.64143953693068 2.6263320918834143 674.9673476140373 1.1005603474614982 662.5373291718253 2.6121020696831305 2.650190319197736 674.3697481917674 
192.00002196274545 1.246106711305216E-89 47.66595683315995 1.1185923011020344 673.3925652634248 0.0 0.0 258.0 254.64433663284925 2.610006476258173 673.3816708746087 1.0988129650623735 661.485404967554 2.597683552339495 2.6733631013429267 679.5466795400949 
193.0000832852564 1.5267406528696746E-89 47.45985123821771 1.115127377262905 671.3066811122688 0.0 0.0 258.0 256.48557152068355 2.601923239178085 671.2961957079456 1.1036079403984977 664.3719801198894 2.5902898793911806 2.6465644767069336 674.9282718090753 
194.00000008912485 1.9466991035662154E-89 47.1929835363213 1.1140242354453695 670.6425897381125 0.0 0.0 258.0 254.71587913672465 2.5993510454469035 670.632569725301 1.100547429629431 662.5295526369075 2.6010532004613633 2.6924734775538015 676.294438593159 
195.0000802035282 1.826267122412173E-89 47.26802754587898 1.1132201559047117 670.1585338546364 0.0 0.0 258.0 253.69247586003365 2.597475979648467 670.1488027493043 1.0822264809399809 651.5003415258722 2.568071202416408 2.707940710727169 672.4430381857775 
196.0007971413099 2.5129780003685613E-89 47.26802754587898 1.1110216697172055 668.8350451697578 0.0 0.0 258.0 255.63373762766463 2.592346573490919 668.8254159606573 1.120327015872786 674.4368635554167 2.6382936376643165 2.608903807028018 658.5546005656421 
197.00041350790008 2.4134771395890212E-89 47.1602220078249 1.1086342757137864 667.3978339796995 0.0 0.0 258.0 255.93530410941187 2.586777057819572 667.3884809174497 1.1085166690640955 667.3270347765873 2.6074051686566313 2.6121020696831305 662.5373291718253 
198.00004178785392 2.096777909300627E-89 46.77898747578959 1.104443589348437 664.8750407877588 0.0 0.0 258.0 255.71381427242926 2.5770000567756544 664.866014648119 1.0976218884678053 660.7683768576251 2.584015176253496 2.6121020696831305 662.5373291718253 
199.00019567300464 2.096777909300627E-89 46.41037370290593 1.1029038727217464 663.9481313784917 0.0 0.0 258.0 255.3799495065588 2.5734077611276747 663.9392023709404 1.1045126958831075 664.9166429216336 2.603636832908673 2.6121020696831305 662.5373291718253 
200.00019359675562 1.9086607872178688E-89 46.264154013882916 1.1013479544135025 663.0114685569285 0.0 0.0 257.0 253.1565724477382 2.5797774259929613 663.0027984801911 1.098603359687765 661.3592225320383 2.6124513226634467 2.6121020696831305 662.5373291718253 
201.0009629032943 1.8209078053711536E-89 46.17838790246274 1.0975813133836603 660.7439506569631 0.0 0.0 258.0 256.66078406479613 2.560990434047879 660.7355319843522 1.0997497560696423 662.0493531539208 2.579472183747327 2.6121020696831305 662.5373291718253 
202.00017701840812 1.8209078053711536E-89 45.9817798426676 1.0949023900405748 659.1312388044257 0.0 0.0 257.0 255.1257082266548 2.5646804222994346 659.1228685309543 1.0870153760540766 654.3832563845519 2.564944399108517 2.6121020696831305 662.5373291718253 
203.00061120945196 2.138850433768124E-89 45.82952623301695 1.0932190538905264 658.1178704420965 0.0 0.0 257.0 254.72208879452444 2.5607384032366114 658.1097696318088 1.0695378553672539 643.8617889310805 2.52770300360744 2.6121020696831305 662.5373291718253 
204.00002960981664 2.0066871353333593E-89 45.622996304081674 1.0886654662611428 655.3766106892076 0.0 0.0 257.0 254.0276812774253 2.550072360281888 655.368596592445 1.0863128606496002 653.9603421110575 2.574366458106048 2.6121020696831305 662.5373291718253 
205.00042128214236 2.1035801497589817E-89 45.580434706064565 1.0911391308890657 656.865756795218 0.0 0.0 257.0 254.52539164952572 2.555868168945599 656.8581194190193 1.0678866474045536 642.8677617375346 2.525750997066514 2.6121020696831305 662.5373291718253 
206.0003124483511 2.1035801497589817E-89 45.666866151202385 1.0910459888380049 656.8096852804791 0.0 0.0 258.0 251.49401133833013 2.545745396331293 656.8023122534735 1.0543096154912674 634.6943885257457 2.5236958333449273 2.6121020696831305 662.5373291718253 
207.00013106616467 2.1035801497589817E-89 45.666866151202385 1.0880196436449072 654.9878254742343 0.0 0.0 258.0 251.3531011049248 2.5386847314624994 654.9806607173251 1.0702495678589636 644.2902398510872 2.5632874112905206 2.579472183747327 662.0493531539208 
208.00074240652052 3.286722035728276E-89 45.666866151202385 1.091232792478554 656.9221410720891 0.0 0.0 258.0 254.3336850021076 2.5461827800905903 656.9151572633722 1.077371683096163 648.5777532238914 2.5501055954051735 2.564944399108517 654.3832563845519 
209.00007487378582 3.286722035728276E-89 45.40780999335256 1.093180466170099 658.0946406343992 0.0 0.0 258.0 252.90555885948075 2.5507286343734963 658.0879876683621 1.063565228823055 640.2662677514822 2.531641734720535 2.52770300360744 643.8617889310805 
210.00006974757864 4.240351988072132E-89 45.09607562016698 1.0907595423139451 656.6372444729949 0.0 0.0 258.0 255.60091684514265 2.5450807973509204 656.6308457165372 1.086055821164709 653.8056043411556 2.557915724290096 2.574366458106048 653.9603421110575 
211.00032877930764 3.768488752143791E-89 45.10835344512842 1.0889347232071627 655.5387033707116 0.0 0.0 258.0 257.93573944922406 2.540823797187614 655.5325396744042 1.0948899630713707 659.1237577689735 2.5553797204544635 2.525750997066514 642.8677617375346 
212.00037585617528 4.5613747560345775E-89 45.070027635478 1.0895179491071603 655.8898053625104 0.0 0.0 258.0 254.93100165726523 2.54218566647104 655.8839019495282 1.106604170130305 666.1757104184408 2.613160839943907 2.5236958333449273 634.6943885257457 
213.00041833067334 4.5613747560345775E-89 45.070027635478 1.0884875342215685 655.2694956013845 0.0 0.0 258.0 257.2690650050905 2.53978219020758 655.2638050735554 1.0948633517009394 659.1077377239689 2.561939336588825 2.5632874112905206 644.2902398510872 
214.0000318066684 4.3507898056152144E-89 44.39803570798267 1.086646475074647 654.1611779949372 0.0 0.0 258.0 255.26077953359234 2.5354866989291187 654.1555683237125 1.077579830887372 648.7030581941946 2.541334627981206 2.531641734720535 640.2662677514822 
215.00009362967185 6.482687556844285E-89 44.53736772593169 1.0871448293158863 654.461187248163 0.0 0.0 259.0 256.09388589797044 2.5268560708997594 654.4557223630376 1.0688077110007461 643.4222420224545 2.5124467136977975 2.531641734720535 640.2662677514822 
216.00010515024604 8.357298014457511E-89 44.53736772593169 1.0871289064973424 654.4516017114003 0.0 0.0 259.0 253.78807784916785 2.5268195647222385 654.44626726306 1.0852965493946143 653.3485227355554 2.574386189739991 2.531641734720535 640.2662677514822 
217.00043689192904 8.357298014457511E-89 44.53736772593169 1.0868717171424602 654.2967737197606 0.0 0.0 260.0 249.65999528385507 2.5165076130885637 654.2919794030264 1.0772286954522277 648.4916746622351 2.5974993467612695 2.531641734720535 640.2662677514822 
218.00004989130554 1.0109933993176119E-88 44.53736772593169 1.0873944240398488 654.6114432719892 0.0 0.0 258.0 253.3792697176382 2.537235424098418 654.606739417392 1.074290865720791 646.723101163914 2.5523915270756437 2.531641734720535 640.2662677514822 
219.00020363039621 1.0109933993176119E-88 44.53736772593169 1.0860424158667685 653.7975343517945 0.0 0.0 259.0 253.70912210253584 2.524297010819069 653.7929258021386 1.070079654886009 644.1879522413715 2.5390807665994157 2.531641734720535 640.2662677514822 
220.00099059873293 1.0109933993176119E-88 44.53736772593169 1.0848455295636417 653.0770087973123 0.0 0.0 258.0 253.2373308421475 2.5312889549685953 653.0725503818976 1.0659208641784683 641.6843602354336 2.53392482894009 2.531641734720535 640.2662677514822 
221.00081381577556 1.0109933993176119E-88 44.114795614502164 1.0812390175332025 650.9058885549873 0.0 0.0 257.0 254.77608072698752 2.532689199897186 650.9011243735766 1.0824968958980243 651.6631313306167 2.557787722737303 2.531641734720535 640.2662677514822 
222.0000873769267 1.0109933993176119E-88 43.66128987493717 1.0780678413585487 648.9968404978456 0.0 0.0 257.0 255.3586730752483 2.5252619995757755 648.9923338909739 1.0911918498332758 656.897493599639 2.5724502938894362 2.531641734720535 640.2662677514822 
223.00000940232448 1.0109933993176119E-88 43.58664443810583 1.0753794473678622 647.3784273154531 0.0 0.0 258.0 255.33663881597093 2.5092016908887262 647.3740362492914 1.0599607238328788 638.0963557473954 2.499039537397887 2.531641734720535 640.2662677514822 
224.00075634449416 9.192678877797646E-89 43.58664443810583 1.078803403761331 649.4396490643215 0.0 0.0 258.0 253.94964893301776 2.517191799867072 649.4354843657045 1.0704322667442436 644.4002245800341 2.5375117756118746 2.531641734720535 640.2662677514822 
225.0001918902537 1.3772426368735565E-88 43.46694582688146 1.0773972141253891 648.5931229034843 0.0 0.0 258.0 254.06261892068412 2.513911711609407 648.589221595227 1.0573529144649105 636.5264545078732 2.5053920061596724 2.531641734720535 640.2662677514822 
226.00022187039824 1.0770462063109198E-88 43.46694582688146 1.0719283787603766 645.3008840137467 0.0 0.0 258.0 253.87036381873216 2.5011522241065425 645.2972738194879 1.060768345684819 638.5825441022521 2.515388304868114 2.531641734720535 640.2662677514822 
227.000597590463 1.0770462063109198E-88 43.10023980345211 1.065440123647595 641.3949544358525 0.0 0.0 258.0 250.87598947767944 2.48601345258737 641.3914707675416 1.0753698021018745 647.3726208653324 2.5804486998263716 2.531641734720535 640.2662677514822 
228.00066167353958 1.261456170434961E-88 43.023446203788076 1.0657520776688427 641.5827507566432 0.0 0.0 258.0 253.35075237074582 2.486741794299243 641.5793829292049 1.0660627625432528 641.7697830510349 2.533127598973491 2.531641734720535 640.2662677514822 
229.0007798073077 1.1840084028336998E-88 42.93486142365669 1.0649660037663544 641.109534267346 0.0 0.0 258.0 254.7285112616293 2.484907738860936 641.1061966261219 1.055701019321604 635.532013631607 2.4949386720941416 2.531641734720535 640.2662677514822 
230.00006171795513 1.0760115426497699E-88 42.93486142365669 1.060364645872591 638.3395168153007 0.0 0.0 258.0 255.99992869687492 2.4741714028581545 638.3362219374045 1.067243429942049 642.480544825107 2.509690327241681 2.5053920061596724 636.5264545078732 
231.00039605020257 1.1287441391234355E-88 42.45667382497682 1.0580530832815884 636.9479561355168 0.0 0.0 258.0 247.50108524823696 2.468778151277753 636.9447630296606 1.0540662909621195 634.5479071591977 2.5638186859777328 2.515388304868114 638.5825441022521 
232.00019332847435 1.758392567537087E-88 42.487820138026045 1.0570532741398224 636.3460710321733 0.0 0.0 258.0 249.78558221904353 2.4664452383186206 636.3428714862042 1.0514845734728875 632.9937132306716 2.534148318759178 2.5804486998263716 647.3726208653324 
233.0001122077717 1.758392567537087E-88 42.741613701948275 1.054727362478601 634.9458722121184 0.0 0.0 258.0 252.0214508874786 2.4610185200619306 634.9427781759787 1.0395502039273599 625.8092227642697 2.4831585587675957 2.533127598973491 641.7697830510349 
234.0005357594224 1.758392567537087E-88 42.33984314201225 1.0538259889602495 634.4032453540701 0.0 0.0 258.0 256.20800657888725 2.458915793349071 634.4002746840603 1.0612798768726834 638.8904858773494 2.4936398140260034 2.4949386720941416 635.532013631607 
235.00011018724027 1.758392567537087E-88 42.33984314201225 1.0551978112508706 635.229082373024 0.0 0.0 258.0 254.55254574244032 2.462116924943243 635.2261666353564 1.065409510051907 641.3765250512575 2.5196232989168803 2.509690327241681 642.480544825107 
236.00021504475077 3.3092891603174403E-88 41.84595877031574 1.0568598947275267 636.2296566259704 0.0 0.0 258.0 253.49452446213178 2.465995576187847 636.2268586564641 1.0509492339705977 632.6714388503017 2.4957992295601366 2.5638186859777328 634.5479071591977 
237.00002538753608 3.7549191154283903E-88 41.84688869084331 1.0569606791241324 636.2903288327273 0.0 0.0 257.0 250.58578047515712 2.4758274172919013 636.2876462440182 1.0560671920034996 635.752449586104 2.537065145438817 2.5638186859777328 634.5479071591977 
238.00032377138734 3.7549191154283903E-88 41.84688869084331 1.0572527860429992 636.4661771978862 0.0 0.0 257.0 255.62658065667327 2.476512603819977 636.4637391817346 1.0702793809870776 644.3081873542238 2.5205054407842695 2.4831585587675957 625.8092227642697 
239.00002342199858 3.579497044436369E-88 41.84688869084331 1.055821353646576 635.6044548952392 0.0 0.0 257.0 255.74614446036918 2.4731598942715065 635.6020928277774 1.0652497144779154 641.280328115699 2.5074877647474088 2.4936398140260034 638.8904858773494 
240.00013741327874 3.412118676864308E-88 41.84688869084331 1.0534922951510828 634.2023616809512 0.0 0.0 257.0 250.0344436354717 2.4677043722461547 634.2000236672613 1.0481209969706562 630.968840176336 2.523527682834903 2.4936398140260034 638.8904858773494 
241.0003137613426 5.43630758599028E-88 41.84688869084331 1.0540584440650604 634.5431833271656 0.0 0.0 257.0 255.78950449382123 2.469030928291183 634.5409485708337 1.060068876871101 638.1614638764082 2.494869619999688 2.4936398140260034 638.8904858773494 
242.00013711528766 4.707859806290772E-88 41.84688869084331 1.0536453204421907 634.2944829061994 0.0 0.0 257.0 256.34274986060393 2.468063689683647 634.2923682486975 1.0472799211509378 630.462512532865 2.4594513122594766 2.4936398140260034 638.8904858773494 
243.00113178772173 6.185177064599837E-88 41.84688869084331 1.0551888705957093 635.2237000986166 0.0 0.0 257.0 259.1509378589831 2.4716796636979934 635.2216735703844 1.066488138811821 642.0258595647102 2.4774205521651185 2.4936398140260034 638.8904858773494 
244.00098427813185 7.840175261589005E-88 41.342214324030145 1.0523608954481665 633.5212590597962 0.0 0.0 257.0 253.2361681237143 2.4650559225309063 633.5193720904426 1.0500016175261553 632.1009737507478 2.496092791302803 2.4936398140260034 638.8904858773494 
245.0002305719205 7.361685883229558E-88 41.342214324030145 1.0529205287516141 633.8581583084714 0.0 0.0 257.0 255.3126184406934 2.4663673346972943 633.8564050172043 1.0596378738605743 637.9020000640581 2.498513406662023 2.4936398140260034 638.8904858773494 
246.00046637829308 6.526147139931839E-88 40.74051310857417 1.0547903801696379 634.9838088621217 0.0 0.0 257.0 253.5474541358065 2.470747492596946 634.9821055974153 1.0495649895157442 631.8381236884799 2.4919915912468644 2.4936398140260034 638.8904858773494 
247.00158377313818 7.332257219445275E-88 40.91380144887816 1.0539650150259767 634.486939045638 0.0 0.0 257.0 253.51638977339843 2.468814261313006 634.4852651574422 1.0510079154674954 632.7067651114318 2.4957233166540695 2.4936398140260034 638.8904858773494 
248.00003967878 7.92337098421891E-88 40.91175580994533 1.0541511598497824 634.5989982295686 0.0 0.0 257.0 254.35651498531598 2.4692504497970775 634.5973655978488 1.0361317105312446 623.7512897398017 2.452271724889024 2.4594513122594766 630.462512532865 
249.00012038458223 7.92337098421891E-88 40.89925690531991 1.0533365000026074 634.1085730015693 0.0 0.0 257.0 251.95894971175028 2.4673424890588 634.1070196881112 1.0443712612918032 628.711499297665 2.4952933801991657 2.496092791302803 632.1009737507478 
250.0004814336916 8.31573977820284E-88 40.88630752439423 1.0503279011884936 632.2973965154721 0.0 0.0 257.0 251.47704788923872 2.4602954035821134 632.2959187206029 1.0522960279011073 633.4822087964629 2.5190458298821596 2.498513406662023 637.9020000640581 
251.0001946119869 9.430718625425346E-88 40.609223785673535 1.0446610247369554 628.8859368916468 0.0 0.0 257.0 254.85951465113857 2.4470214509202384 628.8845128865013 1.0508099090921776 632.5875652734898 2.4821029975647555 2.4919915912468644 631.8381236884799 
252.00008697671618 0.0 0.0 0.0 0.0 0.0 0.0 257.0 253.49988050410238 0.0 0.0 1.031022248121787 620.6753933693099 2.448424796631277 2.4957233166540695 632.7067651114318 
253.00051364065192 0.0 0.0 0.0 0.0 0.0 0.0 257.0 253.95551318615557 0.0 0.0 0.7583521827850498 456.52801403659487 1.7976692386353066 2.452271724889024 623.7512897398017 
254.00049160620821 0.0 0.0 0.0 0.0 0.0 0.0 257.0 254.88767281225878 0.0 0.0 0.2775186425278193 167.06622280174503 0.6554503831372028 2.452271724889024 623.7512897398017 
255.00012282792315 0.0 0.0 0.0 0.0 0.0 0.0 257.0 256.1852949659834 0.0 0.0 0.04675013135831058 28.143579077703343 0.10985634082331025 2.452271724889024 623.7512897398017 
256.00061224972245 0.0 0.0 0.0 0.0 0.0 0.0 258.0 252.07528602177567 0.0 0.0 0.004793504603072879 2.885689771049886 0.011447729829415344 2.452271724889024 623.7512897398017 
257.0000960316659 0.0 0.0 0.0 0.0 0.0 0.0 258.0 253.3515312652125 0.0 0.0 7.034875216869106E-4 0.42349948805552234 0.0016715884286967117 2.452271724889024 623.7512897398017 
258.000173947938 0.0 0.0 0.0 0.0 0.0 0.0 257.0 254.7800331584347 0.0 0.0 4.448351454304048E-4 0.2677907575491071 0.0010510664993225026 2.452271724889024 623.7512897398017 
259.00010909284055 0.0 0.0 0.0 0.0 0.0 0.0 256.0 253.09293185911818 0.0 0.0 1.3193756231202634E-4 0.07942641251184032 3.1382311599303096E-4 2.452271724889024 623.7512897398017 
260.00006006270206 0.0 0.0 0.0 0.0 0.0 0.0 256.0 253.39422270859683 0.0 0.0 8.553445570181007E-5 0.05149174233248914 2.0320803600840028E-4 2.452271724889024 623.7512897398017 
261.0000353337761 0.0 0.0 0.0 0.0 0.0 0.0 256.0 253.71398517806182 0.0 0.0 1.7790780128185623E-4 0.10710049637167628 4.2213083483163486E-4 2.452271724889024 623.7512897398017 
262.00069606569616 0.0 0.0 0.0 0.0 0.0 0.0 256.0 253.03273197677433 0.0 0.0 1.5810006502842995E-4 0.09517623914711364 3.7614200504245353E-4 2.452271724889024 623.7512897398017 
263.0002889858698 0.0 0.0 0.0 0.0 0.0 0.0 256.0 253.60669450816397 0.0 0.0 9.88981360045987E-5 0.05953667787476787 2.3475988277924304E-4 3.1382311599303096E-4 0.07942641251184032 
264.00021023073646 0.0 0.0 0.0 0.0 0.0 0.0 256.0 251.73876928901288 0.0 0.0 2.0023171392743786E-5 0.012053949178431651 4.78827683653006E-5 2.0320803600840028E-4 0.05149174233248914 
265.0000701285695 0.0 0.0 0.0 0.0 0.0 0.0 256.0 252.0891018472459 0.0 0.0 1.3079468032051133E-6 7.873839755294876E-4 3.1234352050911155E-6 4.2213083483163486E-4 0.10710049637167628 
266.0001502662051 0.0 0.0 0.0 0.0 0.0 0.0 256.0 252.76404033474634 0.0 0.0 5.512506723803015E-8 3.318529047729453E-5 1.3128960287763171E-7 3.7614200504245353E-4 0.09517623914711364 
267.0001518954153 0.0 0.0 0.0 0.0 0.0 0.0 256.0 249.01891337746486 0.0 0.0 2.59959001959996E-9 1.5649531917991717E-6 6.284475225490215E-9 2.3475988277924304E-4 0.05953667787476787 
268.0001460703772 0.0 0.0 0.0 0.0 0.0 0.0 256.0 253.35319914032905 0.0 0.0 8.185472366827321E-9 4.927654364830058E-6 1.9449742026350708E-8 2.0320803600840028E-4 0.05149174233248914 
269.000005326106 0.0 0.0 0.0 0.0 0.0 0.0 256.0 255.0712142137133 0.0 0.0 8.51395324911549E-9 5.125399855967556E-6 2.0093995599492468E-8 3.1382311599303096E-4 0.07942641251184032 
270.0003530971765 0.0 0.0 0.0 0.0 0.0 0.0 256.0 255.95520158461647 0.0 0.0 6.2879288658551766E-9 3.785333177244777E-6 1.4789045715069713E-8 2.0320803600840028E-4 0.05149174233248914 
271.00001170319285 0.0 0.0 0.0 0.0 0.0 0.0 255.0 254.61132769165158 0.0 0.0 1.7684180743403646E-9 1.0645876807529057E-6 4.1812266971962074E-9 2.0320803600840028E-4 0.05149174233248914 
272.00035600342136 0.0 0.0 0.0 0.0 0.0 0.0 255.0 255.03654234227838 0.0 0.0 1.0697651931957937E-9 6.439986463038743E-7 2.5251230289955047E-9 2.0320803600840028E-4 0.05149174233248914 
273.00003026568913 0.0 0.0 0.0 0.0 0.0 0.0 255.0 257.0590979295224 0.0 0.0 2.559092638353026E-10 1.5405737682885128E-7 5.993072335105175E-10 2.0320803600840028E-4 0.05149174233248914 
274.0000458331984 0.0 0.0 0.0 0.0 0.0 0.0 256.0 256.47354451950747 0.0 0.0 2.0528766037420492E-11 1.2358317154527224E-8 4.818554357206712E-11 2.0320803600840028E-4 0.05149174233248914 
275.00013191580524 0.0 0.0 0.0 0.0 0.0 0.0 256.0 252.64112585190534 0.0 0.0 8.076859488924992E-13 4.86226941233291E-10 1.9245755796635834E-12 2.0320803600840028E-4 0.05149174233248914 
276.0000772177693 0.0 0.0 0.0 0.0 0.0 0.0 256.0 252.22733229184897 0.0 0.0 4.0734498342691355E-14 2.452216800229988E-11 9.722248488885255E-14 4.1812266971962074E-9 1.0645876807529057E-6 
277.00026406005134 0.0 0.0 0.0 0.0 0.0 0.0 256.0 251.66546083983573 0.0 0.0 2.2658457621058893E-14 1.3640391487877507E-11 5.4200490771987535E-14 2.5251230289955047E-9 6.439986463038743E-7 
278.0001315258539 0.0 0.0 0.0 0.0 0.0 0.0 256.0 249.38231281705458 0.0 0.0 2.1579215822243095E-14 1.2990687924990159E-11 5.2091456600292464E-14 4.818554357206712E-11 1.2358317154527224E-8 
279.0002992420908 0.0 0.0 0.0 0.0 0.0 0.0 256.0 251.77800942722146 0.0 0.0 2.1839321654076318E-14 1.3147271635754012E-11 5.221771220474416E-14 4.818554357206712E-11 1.2358317154527224E-8 
280.00041932535146 0.0 0.0 0.0 0.0 0.0 0.0 256.0 252.51599306346466 0.0 0.0 3.605565606942379E-15 2.170550495379319E-12 8.595695144084583E-15 9.722248488885255E-14 2.452216800229988E-11 
281.00016263267145 0.0 0.0 0.0 0.0 0.0 0.0 256.0 252.60712113020162 0.0 0.0 3.334375897971715E-17 2.0072942905789756E-14 7.946309199827955E-17 9.722248488885255E-14 2.452216800229988E-11 
282.0000916054802 0.0 0.0 0.0 0.0 0.0 0.0 256.0 253.8403163631483 0.0 0.0 6.096886203502551E-18 3.6703254945084906E-15 1.4459190514313967E-17 9.722248488885255E-14 2.452216800229988E-11 
283.0001344835018 0.0 0.0 0.0 0.0 0.0 0.0 256.0 256.33348730827095 0.0 0.0 6.324503152339527E-19 3.8073508977084143E-16 1.4853115516388345E-18 5.221771220474416E-14 1.3147271635754012E-11 
284.0000189112704 0.0 0.0 0.0 0.0 0.0 0.0 256.0 256.39336202400904 0.0 0.0 3.1820464405482546E-19 1.9155919572100792E-16 7.471300902987888E-19 8.595695144084583E-15 2.170550495379319E-12 
285.0004091129295 0.0 0.0 0.0 0.0 0.0 0.0 256.0 255.1490508566957 0.0 0.0 3.000745546229053E-19 1.8064488188298776E-16 7.079974676623305E-19 8.595695144084583E-15 2.170550495379319E-12 
286.00036281343074 0.0 0.0 0.0 0.0 0.0 0.0 256.0 254.42716656841495 0.0 0.0 2.361402588202292E-19 1.4215643580977726E-16 5.587313561170036E-19 8.595695144084583E-15 2.170550495379319E-12 
287.00002537612613 0.0 0.0 0.0 0.0 0.0 0.0 256.0 254.94583108628467 0.0 0.0 2.2608698607477465E-19 1.3610436561701255E-16 5.3385601575477015E-19 1.4459190514313967E-17 3.6703254945084906E-15 
288.0006411169857 0.0 0.0 0.0 0.0 0.0 0.0 256.0 255.24164607375732 0.0 0.0 1.6747634672430415E-19 1.0082076072803076E-16 3.950012166074831E-19 1.4853115516388345E-18 3.8073508977084143E-16 
289.0008410860215 0.0 0.0 0.0 0.0 0.0 0.0 256.0 253.27805109266637 0.0 0.0 1.6505687170237535E-19 9.936423676483051E-17 3.9231286065319693E-19 7.471300902987888E-19 1.9155919572100792E-16 
290.0004626241992 0.0 0.0 0.0 0.0 0.0 0.0 256.0 252.41297840871863 0.0 0.0 7.547451821063734E-22 4.543565996280378E-19 1.8000524477482407E-21 8.595695144084583E-15 2.170550495379319E-12 
291.00026647849194 0.0 0.0 0.0 0.0 0.0 0.0 256.0 252.4068872952835 0.0 0.0 1.0140622398905737E-22 6.104654684141196E-20 2.4185769055499415E-22 8.595695144084583E-15 2.170550495379319E-12 
292.0000828736775 0.0 0.0 0.0 0.0 0.0 0.0 257.0 252.66780268188967 0.0 0.0 9.274823138140757E-24 5.583443529160803E-21 2.2097962106356674E-23 8.595695144084583E-15 2.170550495379319E-12 
293.0000730919003 0.0 0.0 0.0 0.0 0.0 0.0 257.0 252.38852866966351 0.0 0.0 2.383864843825425E-25 1.4350866359829121E-22 5.686021641107202E-25 8.595695144084583E-15 2.170550495379319E-12 
294.00003367820057 0.0 0.0 0.0 0.0 0.0 0.0 257.0 252.05841746663012 0.0 0.0 5.7362080915539506E-27 3.453197271115464E-24 1.3699987906861436E-26 8.595695144084583E-15 2.170550495379319E-12 
295.0000083436569 0.0 0.0 0.0 0.0 0.0 0.0 257.0 252.88614861751077 0.0 0.0 8.378560759337012E-28 5.043893577120907E-25 1.994531374966596E-27 8.595695144084583E-15 2.170550495379319E-12 
296.0001594094922 0.0 0.0 0.0 0.0 0.0 0.0 257.0 254.1157017171576 0.0 0.0 8.396514941702998E-28 5.054701994905176E-25 1.989134067965344E-27 8.595695144084583E-15 2.170550495379319E-12 
297.00011118065646 0.0 0.0 0.0 0.0 0.0 0.0 257.0 253.5768464040078 0.0 0.0 8.414379200806555E-28 5.065456278885526E-25 1.9976020487355767E-27 8.595695144084583E-15 2.170550495379319E-12 
298.0007642648899 0.0 0.0 0.0 0.0 0.0 0.0 257.0 251.09828050208947 0.0 0.0 6.757766462643011E-29 4.068175410511044E-26 1.620152636002297E-28 8.595695144084583E-15 2.170550495379319E-12 
299.00043604327396 0.0 0.0 0.0 0.0 0.0 0.0 257.0 253.98697976819457 0.0 0.0 1.3045194116112014E-29 7.853206857899466E-27 3.091972220413356E-29 1.3699987906861436E-26 3.453197271115464E-24 
300.00004836058116 0.0 0.0 0.0 0.0 0.0 0.0 257.0 255.0332595426925 0.0 0.0 2.2501827925270838E-30 1.3546100411012972E-27 5.3115034624514766E-30 1.994531374966596E-27 5.043893577120907E-25 
#####################################################################
# End of data export. Simulation finished at: 2021-12-09T08:54+0000 #
#####################################################################
