#####################################################################
# Alchemist log file - simulation started at: 2021-12-09T08:43+0000 #
#####################################################################
# random = 25.0
#
# The columns have the following meaning: 
# time localWarningInSystem[Min] localWarningInSystem[Max] localWarningInSystem[Mean] localWarningInSystem[Sum] meanWarningAtDetector[Sum] dataAtCollector[Sum] inSurveillanceArea[Sum] numDevicesAtDetector[Sum] localWarningInSurveillanceArea[Mean] localWarningInSurveillanceArea[Sum] sumWarningAtDetector[Mean] sumWarningAtDetector[Sum] meanWarningOverallAtDetector[Sum] meanWarningAtCollector[Sum] sumWarningAtCollector[Sum] 
0.0 0.0 0.0 0.0 0.0 0.0 0.0 0.0 0.0 0.0 0.0 0.0 0.0 0.0 0.0 0.0 
1.001312383417504 0.0 0.0 0.0 0.0 0.0 0.0 41.0 1.0 0.0 0.0 0.0 0.0 0.0 0.0 0.0 
2.0 0.0 0.0 0.0 0.0 0.0 0.0 210.0 9.043348233212265 0.0 0.0 0.0 0.0 0.0 0.0 0.0 
3.0003821373206847 0.0 0.0 0.0 0.0 0.0 0.0 243.0 35.72035001067647 0.0 0.0 0.0 0.0 0.0 0.0 0.0 
4.000127361038999 0.0 0.0 0.0 0.0 0.0 0.0 252.0 82.16523720607867 0.0 0.0 0.0 0.0 0.0 0.0 0.0 
5.000125438444026 0.0 0.0 0.0 0.0 0.0 0.0 252.0 142.79746274516938 0.0 0.0 0.0 0.0 0.0 0.0 0.0 
6.000217893870677 0.0 0.0 0.0 0.0 0.0 0.0 250.0 195.47146887885737 0.0 0.0 0.0 0.0 0.0 0.0 0.0 
7.0005637520776745 0.0 0.0 0.0 0.0 0.0 0.0 250.0 225.36501259264443 0.0 0.0 0.0 0.0 0.0 0.0 0.0 
8.00039036207767 0.0 0.0 0.0 0.0 0.0 0.0 250.0 233.35467063358863 0.0 0.0 0.0 0.0 0.0 0.0 0.0 
9.000144692847407 0.0 0.0 0.0 0.0 0.0 0.0 250.0 236.02552856558987 0.0 0.0 0.0 0.0 0.0 0.0 0.0 
10.001312383417504 0.0 0.0 0.0 0.0 0.0 0.0 250.0 245.14690950147002 0.0 0.0 0.0 0.0 0.0 0.0 0.0 
11.000005094649536 0.0 0.0 0.0 0.0 0.0 0.0 250.0 235.06982154039014 0.0 0.0 0.0 0.0 0.0 0.0 0.0 
12.000551820058874 0.0 0.0 0.0 0.0 0.0 0.0 250.0 247.0348788276431 0.0 0.0 0.0 0.0 0.0 0.0 0.0 
13.000060157735913 0.0 0.0 0.0 0.0 0.0 0.0 250.0 237.21728321382002 0.0 0.0 0.0 0.0 0.0 0.0 0.0 
14.00028688344137 0.0 0.0 0.0 0.0 0.0 0.0 250.0 240.45838775431542 0.0 0.0 0.0 0.0 0.0 0.0 0.0 
15.000214745398514 0.0 0.0 0.0 0.0 0.0 0.0 249.0 239.12657085510938 0.0 0.0 0.0 0.0 0.0 0.0 0.0 
16.000058107925295 0.0 0.0 0.0 0.0 0.0 0.0 249.0 238.16628233185287 0.0 0.0 0.0 0.0 0.0 0.0 0.0 
17.00059204996091 0.0 0.0 0.0 0.0 0.0 0.0 249.0 241.96045457861572 0.0 0.0 0.0 0.0 0.0 0.0 0.0 
18.000214542459254 0.0 0.0 0.0 0.0 0.0 0.0 248.0 242.33405021069106 0.0 0.0 0.0 0.0 0.0 0.0 0.0 
19.00003088101405 0.0 0.0 0.0 0.0 0.0 0.0 248.0 240.72599192755382 0.0 0.0 0.0 0.0 0.0 0.0 0.0 
20.000369849427354 0.0 0.0 0.0 0.0 0.0 0.0 248.0 246.51233783632782 0.0 0.0 0.0 0.0 0.0 0.0 0.0 
21.00095247879033 0.0 0.0 0.0 0.0 0.0 0.0 248.0 243.79439621441946 0.0 0.0 0.0 0.0 0.0 0.0 0.0 
22.00000941950321 0.0 0.0 0.0 0.0 0.0 0.0 248.0 245.17450587658456 0.0 0.0 0.0 0.0 0.0 0.0 0.0 
23.000004168663992 0.0 0.0 0.0 0.0 0.0 0.0 248.0 242.72841944933256 0.0 0.0 0.0 0.0 0.0 0.0 0.0 
24.000123432448017 0.0 0.0 0.0 0.0 0.0 0.0 248.0 242.43605741742718 0.0 0.0 0.0 0.0 0.0 0.0 0.0 
25.000905732376935 0.0 0.0 0.0 0.0 0.0 0.0 248.0 236.71802564256734 0.0 0.0 0.0 0.0 0.0 0.0 0.0 
26.000200507322557 0.0 0.0 0.0 0.0 0.0 0.0 248.0 238.28319891761652 0.0 0.0 0.0 0.0 0.0 0.0 0.0 
27.000560136850083 0.0 0.0 0.0 0.0 0.0 0.0 249.0 244.2669666472501 0.0 0.0 0.0 0.0 0.0 0.0 0.0 
28.00030494865501 0.0 0.0 0.0 0.0 0.0 0.0 250.0 242.08333950496512 0.0 0.0 0.0 0.0 0.0 0.0 0.0 
29.00041735672002 0.0 0.0 0.0 0.0 0.0 0.0 251.0 233.97685347341155 0.0 0.0 0.0 0.0 0.0 0.0 0.0 
30.00020130916968 0.0 0.0 0.0 0.0 0.0 0.0 251.0 244.9246393300488 0.0 0.0 0.0 0.0 0.0 0.0 0.0 
31.000164738435426 1.0807055934924408E-96 49.18313514881 0.8404054099148651 505.9240567687486 0.0 0.0 251.0 240.98630292618546 2.015196713021413 505.8143749683744 0.006632451287351512 3.9927356749855596 0.016568309594792788 0.0 0.0 
32.0000097067122 9.386803348003452E-97 49.18313514881 0.8400091354030368 505.68549951262816 0.0 0.0 251.0 244.19315739760916 2.0142668194574354 505.58097168381613 0.07408790479181261 44.600918684670575 0.18264606248589033 0.0 0.0 
33.00041294386711 1.0749273135330428E-96 49.39013871962249 0.8398281845040495 505.57656707143786 0.0 0.0 250.0 237.15722880242467 2.0218941389586136 505.47353473965325 0.28768427412056835 173.18593302058463 0.7302578710972608 0.0 0.0 
34.00021369859091 1.3171492087074892E-96 49.5572497056303 0.8384430957707641 504.74274365399987 0.0 0.0 249.0 243.55372033996994 2.026681324315692 504.6436497546071 0.6023575931697684 362.61927108819737 1.4888677150241314 0.0 0.0 
35.000802080581266 1.3439738993567548E-96 49.5572497056303 0.8378783753736642 504.4027819749454 0.0 0.0 250.0 244.63336698257416 2.0172442109279545 504.3110527319887 0.7787816876904902 468.8265759896721 1.9164457480694683 0.0 0.0 
36.00011951815159 1.6253443656568542E-96 49.5531201068957 0.8392679379539733 505.2392986482915 0.0 0.0 250.0 245.82917081136844 2.0206011137688473 505.15027844221174 0.8159900640003314 491.2260185282029 1.9982413678038817 0.0 0.0 
37.000868876483445 1.6585009547094782E-96 49.54761451053023 0.8372090726723119 503.99986174873135 0.0 0.0 250.0 241.11761395280885 2.015651854446965 503.9129636117411 0.8008898466140957 482.1356876616862 1.9995871714127404 0.18264606248589033 44.600918684670575 
38.00067349953878 1.5296970521487038E-96 49.62750556218188 0.8400149127067917 505.68897744948845 0.0 0.0 250.0 240.0335822215585 2.022410910554976 505.6027276387438 0.8030374477549124 483.42854354845366 2.014003786779443 1.4888677150241314 362.61927108819737 
39.000476579946685 1.382321255225549E-96 49.561379648489954 0.839588682379269 505.43238679231933 0.0 0.0 250.0 238.50608990730902 2.0213865626654703 505.3466406663673 0.795569590162672 478.93289327793315 2.0080531002963555 1.9164457480694683 468.8265759896721 
40.00000712887958 1.2744563693376584E-96 49.474723080760064 0.8390876366673102 505.13075727372086 0.0 0.0 250.0 245.2943671066825 2.0201887281816515 505.04718204541314 0.8201716679798103 493.7433441238488 2.012860506939859 1.9164457480694683 468.8265759896721 
41.00027304874261 1.3273230306966318E-96 49.474723080760064 0.8365113874515491 503.57985524583313 0.0 0.0 250.0 238.48663011787758 2.0139937314414422 503.4984328603608 0.792640751316725 477.1697322926726 2.0008238283916393 1.9995871714127404 482.1356876616862 
42.00003090189316 1.1592652246134846E-96 49.474723080760064 0.8361988776768183 503.39172436144474 0.0 0.0 250.0 243.88453778517888 2.0132454859666487 503.31137149166216 0.8188344915041896 492.9383638855275 2.0211956377477405 2.014003786779443 483.42854354845366 
43.000437721098024 1.0687107806083769E-96 49.36133620687245 0.8322289113477106 501.00180463132176 0.0 0.0 250.0 240.83690432586542 2.0036921528428047 500.92303821070107 0.7992255833406663 481.13380117108267 1.9977577876523545 2.0080531002963555 478.93289327793315 
44.00025336752049 1.0906818422700128E-96 49.30460329791568 0.8308038980098259 500.1439466019151 0.0 0.0 250.0 241.69546224257624 2.0002651998063863 500.0662999515965 0.8162190607897365 491.36387459541635 2.0329875870911547 2.012860506939859 493.7433441238488 
45.00002808890607 1.0906818422700128E-96 49.29802978905015 0.8277590525372858 498.31094962744555 0.0 0.0 250.0 230.78450657574322 1.9929370452289537 498.2342613072384 0.776238010504926 467.29528232396547 2.024812190633775 2.0008238283916393 477.1697322926726 
46.00004861146334 1.0906818422700128E-96 49.11760133423463 0.8289256659078666 499.013250876536 0.0 0.0 250.0 242.1273224245569 1.995757533946286 498.9393834865717 0.8317952982625694 500.74076955406997 2.0680886590570258 2.0211956377477405 492.9383638855275 
47.00002862468797 9.850547388068859E-97 49.0129288083405 0.8283546799954529 498.66951735726235 0.0 0.0 249.0 242.49518626754463 2.00239512456234 498.59638601602273 0.8207979993284943 494.1203955957516 2.0376503270072717 1.9977577876523545 481.13380117108267 
48.000447452810455 1.2570525199066503E-96 49.09223046146899 0.8273962114985419 498.0925193221226 0.0 0.0 248.0 243.87786891583204 2.0081474164784607 498.0205592866585 0.8144954588129696 490.3262662053997 2.0105402281279683 2.0329875870911547 491.36387459541635 
49.0000319310351 1.2570525199066503E-96 49.09223046146899 0.8245541682264872 496.3816092723451 0.0 0.0 250.0 247.03399804960213 1.98524340821917 496.31085205479246 0.8374987942056251 504.17427411179204 2.040910474235852 2.024812190633775 467.29528232396547 
50.000085085215325 1.2570525199066503E-96 49.05297238248104 0.823353019712428 495.65851786688177 0.0 0.0 249.0 247.50858444651718 1.9903169261685751 495.5889146159752 0.8450555864314723 508.72346303174135 2.055377045484532 2.0680886590570258 500.74076955406997 
51.000221204774746 1.2570525199066503E-96 48.87669916410412 0.8220730732107132 494.8879900728498 0.0 0.0 250.0 246.9444426571721 1.9792763706621352 494.81909266553396 0.8483024550430499 510.67807793591334 2.067987732142963 2.0376503270072717 494.1203955957516 
52.001312383417506 1.2570525199066503E-96 48.82703310448765 0.8198723545548322 493.5631574420088 0.0 0.0 248.0 244.38407790344417 1.9898998827819294 493.4951709299185 0.8237266824485477 495.88346283401944 2.0291152643338015 2.0105402281279683 490.3262662053997 
53.00065798564845 1.7629070071953075E-96 48.64832847510582 0.8177789482268483 492.3029268325623 0.0 0.0 248.0 240.68676838985056 1.9848357228458193 492.2392592657633 0.8024848640885986 483.095888181341 2.0071559870663522 2.040910474235852 504.17427411179204 
54.000360780595756 2.1291433394439674E-96 48.68158286010129 0.81729650511847 492.0124960813191 0.0 0.0 247.0 239.26068259664774 1.9916961489766156 491.9489487972242 0.8023290095267557 483.00206373509945 2.0187272663990417 2.055377045484532 508.72346303174135 
55.00024318911635 2.3249475704552106E-96 48.51014762434078 0.8164623917782798 491.5103598505247 0.0 0.0 248.0 239.26760795587103 1.9816491312021811 491.448984538141 0.8081202690966226 486.48840199616495 2.0332397107672415 2.067987732142963 510.67807793591334 
56.000045263607774 1.961955996291446E-96 48.51014762434078 0.8162850264034557 491.40358589488045 0.0 0.0 248.0 243.30092972566223 1.9812214767504872 491.3429262341211 0.8046650946899889 484.4083870033749 1.9909845291161739 2.0291152643338015 495.88346283401944 
57.00020536378069 1.961955996291446E-96 48.16935379340533 0.8138557203725176 489.9411436642554 0.0 0.0 247.0 247.8898217874407 1.983321613406373 489.8804385113743 0.8077160029215342 486.2450337587679 1.9615369047935771 2.0071559870663522 483.095888181341 
58.00019800880206 1.807575378588413E-96 47.96240380184453 0.8114329943876638 488.4826626213737 0.0 0.0 247.0 244.241162399468 1.9774234757928084 488.42359852082353 0.7835425662310347 471.69262487108756 1.931257697257483 2.0187272663990417 483.00206373509945 
59.00039285828572 2.2136359223466477E-96 48.046678418825 0.8126726729985395 489.22894914512034 0.0 0.0 248.0 244.08271343404255 1.9725036250306605 489.1808990076037 0.7916000116067088 476.5432069872373 1.9523840925998701 2.0332397107672415 486.48840199616495 
60.000059766516905 2.2594963464235922E-96 47.78792561673348 0.8100019112659133 487.6211505820798 0.0 0.0 247.0 246.0190195348491 1.9739862004382691 487.5745915082523 0.7970632515812006 479.8320774518764 1.9503861057535319 1.9909845291161739 484.4083870033749 
61.000324350553214 2.7668014251997116E-96 47.92431546793463 0.8087410133513325 486.86209003750207 0.0 0.0 247.0 241.53111617926953 1.9709174524091395 486.8166107450575 0.7835301604024264 471.6851565622549 1.9528960244284226 1.9615369047935771 486.2450337587679 
62.00004041921471 2.5861916219336493E-96 48.045343807303915 0.8104947988223561 487.91786889105805 0.0 0.0 246.0 244.5628279438094 1.983190159696436 487.8647792853233 0.7937660049952516 477.8471350071488 1.9538829307164318 1.931257697257483 471.69262487108756 
63.00039198616143 2.3339158718017656E-96 48.026129512911545 0.8121762039673138 488.93007478832266 0.0 0.0 246.0 245.54393189417186 1.987305601755944 488.87717803196205 0.7912183010160871 476.3134172116879 1.939829722271355 1.9523840925998701 476.5432069872373 
64.00024222599691 2.1495024083467858E-96 48.07738471562813 0.8115327575484174 488.54272004414673 0.0 0.0 245.0 236.80905763192047 1.9938393179503595 488.490632897838 0.7724564764147807 465.0187988017001 1.9636867079826523 1.9503861057535319 479.8320774518764 
65.00005528611132 2.0626965983801836E-96 48.10944699167682 0.8115207720831622 488.53550479406385 0.0 0.0 245.0 236.47177699491073 1.9938097327905169 488.4833845336766 0.7928024598008819 477.2670808001343 2.018283479175639 1.9528960244284226 471.6851565622549 
66.00022368467049 2.6069496513050893E-96 47.928043059677016 0.8123212874347268 489.0174150357052 0.0 0.0 245.0 242.2385698039962 1.9957817334728616 488.96652470085075 0.8222165236074306 494.9743472116752 2.0433341709876194 1.9538829307164318 477.8471350071488 
67.00131238341751 2.716961485882993E-96 47.928043059677016 0.8117772406073581 488.68989884562893 0.0 0.0 245.0 240.66618923894745 1.994455831792414 488.6416787891411 0.8164736103048723 491.51711340352864 2.042318927132393 1.939829722271355 476.3134172116879 
68.00029887597883 2.716961485882993E-96 47.97412937776869 0.8120833163769917 488.8741564589488 0.0 0.0 245.0 242.29528025800622 1.9952110305064976 488.8267024740917 0.8423446719220455 507.09149249706854 2.092865746113982 1.9636867079826523 465.0187988017001 
69.00045220135337 2.716961485882993E-96 47.786863674649794 0.810644635583638 488.00807062135004 0.0 0.0 245.0 241.40845010029793 1.9916793825595678 487.961448727094 0.8461222369091614 509.36558661930945 2.109974138882394 2.018283479175639 477.2670808001343 
70.00042558816827 2.5012811085957537E-96 47.786863674649794 0.8099926341752014 487.61556577347153 0.0 0.0 246.0 242.3256054109924 1.9819915120684897 487.5699119688485 0.8566936794088359 515.7295950041145 2.128250517024066 2.0433341709876194 494.9743472116752 
71.0005656204935 2.4500231869054353E-96 47.6413357833137 0.8107188039103567 488.0527199540346 0.0 0.0 246.0 241.01672837586426 1.9837698377459485 488.0073800855034 0.8509855409639411 512.2932956602954 2.125550782771297 2.042318927132393 491.51711340352864 
72.00003558897977 2.163291321185635E-96 47.6413357833137 0.8095626764703439 487.35673123514687 0.0 0.0 244.0 241.0799917725068 1.997183774265809 487.3128409208573 0.8459626203423712 509.26949744610056 2.1124502854914176 2.092865746113982 507.09149249706854 
73.00131238341751 2.163291321185635E-96 47.69032566045334 0.8095883472461219 487.37218504216503 0.0 0.0 246.0 238.2197113481179 1.9810124312814683 487.32905809524084 0.8208255216071528 494.13696400750854 2.0742908351753093 2.109974138882394 509.36558661930945 
74.0001125237278 2.3748681804910526E-96 47.696684794463785 0.8089201210714346 486.96991288500334 0.0 0.0 246.0 241.36323908123703 1.979380988457453 486.92772316053333 0.8120032084522243 488.8259314882358 2.025270846335091 2.128250517024066 515.7295950041145 
75.0004599296174 2.095813813371288E-96 47.696684794463785 0.808933197118291 486.9777846652114 0.0 0.0 246.0 240.5662090809316 1.9794183708750344 486.9369192352584 0.7893287647578209 475.17591638421055 1.9752396573051174 2.125550782771297 512.2932956602954 
76.00007242466413 4.007241277836527E-96 47.67125334489653 0.8085505610867365 486.7474377742155 0.0 0.0 246.0 239.5231509728783 1.9784832946688822 486.7068904885449 0.7840215236455202 471.98095723460756 1.9705024558901654 2.1124502854914176 509.26949744610056 
77.00008750751824 3.502279895486159E-96 47.67125334489653 0.8082657708548303 486.5759940546077 0.0 0.0 246.0 238.1178331237604 1.9777869395919934 486.5355871396301 0.7861073822025656 473.2366440859417 1.987405302147108 2.1124502854914176 509.26949744610056 
78.00062388197257 3.3592006508248785E-96 47.67125334489653 0.8061631022113113 485.31018753120907 0.0 0.0 246.0 240.20393397963613 1.9726415624083513 485.26982435245424 0.7898214550384984 475.47251593318157 1.9794534921043003 2.025270846335091 488.8259314882358 
79.00036313831923 2.668449223654092E-96 47.47804766879855 0.8051066828530186 484.67422307751673 0.0 0.0 246.0 236.57869175803597 1.9700586862389153 484.63443681477276 0.7815594898219912 470.49881287284563 1.9887624256289937 2.025270846335091 488.8259314882358 
80.00097296252295 2.402270075737661E-96 47.452732794614406 0.805225558775225 484.7457863826857 0.0 0.0 246.0 240.5191503112901 1.9703575442219603 484.7079558786022 0.7989576803833385 480.9725235907732 1.9997265206046093 2.025270846335091 488.8259314882358 
81.00017312261829 2.402270075737661E-96 46.991794691189206 0.8029700512311394 483.3879708411459 0.0 0.0 246.0 237.5677525261389 1.9648453373858958 483.3519529969303 0.7912760820399568 476.34820138805827 2.005104633616665 2.025270846335091 488.8259314882358 
82.00131238341751 2.453346581269465E-96 46.65466887837172 0.8032258698022782 483.5419736209712 0.0 0.0 246.0 240.686537674765 1.965474074835446 483.5066224095196 0.8034891813417666 483.7004871677456 2.009669887816329 2.025270846335091 488.8259314882358 
83.0004083965522 2.453346581269465E-96 46.59690471670525 0.8044909422741162 484.30354724901775 0.0 0.0 246.0 240.46889350419553 1.9685717162184289 484.2686421897335 0.7966348916897845 479.57420479725226 1.9943294860667082 2.025270846335091 488.8259314882358 
84.00003986574895 3.674387225135538E-96 46.540763406878824 0.8024289966092738 483.06225595878266 0.0 0.0 246.0 237.97998347133165 1.963526896015364 483.0276164197797 0.7945537632857511 478.3213654980252 2.0099226771971197 2.025270846335091 488.8259314882358 
85.00027102362183 4.808826310284161E-96 46.59845797259861 0.8000041624428558 481.602505790599 0.0 0.0 245.0 242.68566462876325 1.9655889604028902 481.5692952987079 0.8005234451938301 481.91511400667804 1.9857584696807888 2.025270846335091 488.8259314882358 
86.00014221839616 4.808826310284161E-96 46.482623797592986 0.8004307305063598 481.8592997648286 0.0 0.0 245.0 234.65149792112018 1.9666375294429272 481.82619471351705 0.7617799144490305 458.5915084983212 1.9543515066436103 2.025270846335091 488.8259314882358 
87.0002588311606 4.808826310284161E-96 46.305553241388 0.802727030264342 483.2416722191337 0.0 0.0 245.0 237.46166565195549 1.9722803618804328 483.20868866070583 0.7690925935898993 462.9937413411205 1.9497620387272296 2.025270846335091 488.8259314882358 
88.00091780566213 4.328181550522728E-96 46.424040991457325 0.8007388664477534 482.04479760154726 0.0 0.0 245.0 237.47322004838796 1.9673974648860062 482.01237889707136 0.7826778299090565 471.1720536052536 1.9841060541868543 2.0099226771971197 478.3213654980252 
89.00053013342304 4.514538848571761E-96 46.424040991457325 0.8005541640914511 481.9336067830532 0.0 0.0 245.0 241.22552523724096 1.966943814970403 481.9012346677485 0.789363434881951 475.1967877989297 1.9699274665547197 1.9857584696807888 481.91511400667804 
90.00001133486134 4.514538848571761E-96 45.92127700574123 0.8002054021122029 481.7236520715464 0.0 0.0 246.0 233.567239896945 1.9581238320609036 481.69846268698234 0.7634968499127943 459.6251036475073 1.9678491891684122 1.9857584696807888 481.91511400667804 
91.00071894895801 5.184826490229218E-96 45.374523139189115 0.7971831465026271 479.9042541945816 0.0 0.0 246.0 232.58986242350883 1.9507303800999345 479.87967350458416 0.7581217228535924 456.38927715786593 1.9622062303250958 1.9857584696807888 481.91511400667804 
92.0002232098967 4.567364658199231E-96 45.406800941923436 0.7992350306488385 481.13948845060065 0.0 0.0 245.0 235.64603844664805 1.9637114050182178 481.1092942294635 0.7710759588432754 464.1877272236493 1.9698516057537911 1.9841060541868543 471.1720536052536 
93.00066551302781 6.527435596529944E-96 45.406800941923436 0.8001461096179603 481.6879579900124 0.0 0.0 245.0 236.1707628539112 1.965950878704275 481.65796528254714 0.7716378139896535 464.52596402176744 1.9669071582290247 1.9699274665547197 475.1967877989297 
94.00038042679022 9.764442669937441E-96 45.245892579930185 0.8011753476811801 482.30755930407054 0.0 0.0 246.0 239.80324282679408 1.960507749774243 482.2849064444638 0.7916942537439607 476.59994075386675 1.9874624510316026 1.9678491891684122 459.6251036475073 
95.00131238341751 9.764442669937441E-96 44.724072633054455 0.7984527322384584 480.66854480755205 0.0 0.0 245.0 236.25085372741006 1.9617990970344015 480.6407787734283 0.79166844819425 476.58440581293587 2.017281200443095 1.9622062303250958 456.38927715786593 
96.00011286836455 9.764442669937441E-96 44.746688852821045 0.7952484545920525 478.73956966441574 0.0 0.0 246.0 232.72448025661248 1.9460066764087673 478.7176423965568 0.7683035819905768 462.5187563583322 1.9874091279453636 1.9622062303250958 456.38927715786593 
97.00009824224897 9.764442669937441E-96 44.47604738300876 0.7933026505640329 477.5681956395482 0.0 0.0 246.0 235.00083299161906 1.9412494874252644 477.54737390661506 0.7826786372788908 471.1725396418891 2.0049824234397193 1.9622062303250958 456.38927715786593 
98.00008154508222 1.2857759592183032E-95 44.47604738300876 0.7920405984016343 476.80844023778366 0.0 0.0 247.0 238.49787395695412 1.93032100334752 476.7892878268373 0.7935415050697845 477.7119860520146 2.003003121689192 1.9622062303250958 456.38927715786593 
99.00060816841135 1.1281938047360033E-95 44.47604738300876 0.7910252041395748 476.1971728920235 0.0 0.0 248.0 241.3267038206826 1.9201231860509365 476.19055014063224 0.7994593203882459 481.27451087372066 1.9942861823999836 1.9622062303250958 456.38927715786593 
100.00006047812711 1.1281938047360033E-95 44.27094359127217 0.7905029835738885 475.8827961114804 0.0 0.0 248.0 234.38523293796285 1.9188562483948433 475.87634960192077 0.7755409765163513 466.875667862836 1.991915881434428 1.9622062303250958 456.38927715786593 
101.0000292237826 1.1281938047360033E-95 44.29825242582547 0.7892872246920856 475.1509092646352 0.0 0.0 249.0 241.04045199311065 1.9082115331205163 475.1446717470083 0.7804138079560354 469.8091123895373 1.9490882484860477 1.9622062303250958 456.38927715786593 
102.00018112834064 1.1281938047360033E-95 44.243159998528675 0.7889280548667001 474.9346890297536 0.0 0.0 249.0 242.2269519322442 1.907343803348152 474.92860703368973 0.7892968667818897 475.15671380270277 1.961617854711782 1.9622062303250958 456.38927715786593 
103.00011101673452 1.1281938047360033E-95 44.127296577441186 0.7911966625203722 476.30039083726416 0.0 0.0 249.0 243.2700594128849 1.9128299649013143 476.29466126042723 0.7824149070029411 471.0137740157677 1.9361765075099096 1.9622062303250958 456.38927715786593 
104.0002720421232 1.1281938047360033E-95 43.924045091452726 0.7884785080400729 474.6640618401237 0.0 0.0 249.0 239.66840014170785 1.9062602405043865 474.6587998855923 0.779844560814348 469.4664256102392 1.9588165370681303 1.9622062303250958 456.38927715786593 
105.00004219476617 1.3794266626533788E-95 43.72634510202037 0.7902861772007926 475.75227867487683 0.0 0.0 248.0 240.21027232917396 1.918299613490921 475.7383041457483 0.7726953658287582 465.1626102289182 1.9364809244771977 1.9622062303250958 456.38927715786593 
106.00011495495457 1.1597978570735254E-95 43.75672116545367 0.7931794038006684 477.4940010880027 0.0 0.0 248.0 243.34256195126923 1.9253252277542763 477.48065648306067 0.7836692831869606 471.76890847854816 1.938702809305602 1.9622062303250958 456.38927715786593 
107.00010020997911 1.733447838470297E-95 43.75672116545367 0.7959002535246383 479.1319526218323 0.0 0.0 248.0 241.27766348930612 1.9319301655172223 479.1186810482712 0.7713073793356867 464.3270423600786 1.9244510065502125 1.9622062303250958 456.38927715786593 
108.00038348212635 2.9603644787490446E-95 43.632434450190736 0.7937914629263568 477.8624606816667 0.0 0.0 248.0 245.01017940239296 1.9268113776663214 477.8492216612475 0.7804269779074878 469.8170407003098 1.9175409031830666 1.9622062303250958 456.38927715786593 
109.00025048280406 2.9603644787490446E-95 43.34613103982782 0.7932036170359441 477.5085774556387 0.0 0.0 249.0 243.59588149622525 1.9176863834155777 477.50390947047913 0.7959263717435826 479.14767578963483 1.9669777372531632 1.9364809244771977 465.1626102289182 
110.00087166068369 2.660776376683771E-95 42.84169858538546 0.7892549257922744 475.13146532694907 0.0 0.0 249.0 242.3837362489276 1.9081397297126557 475.12679269845137 0.8076740754341701 486.21979341137376 2.005991824930147 1.9364809244771977 465.1626102289182 
111.00064008980017 2.776882962524344E-95 42.74826291454389 0.789696138841043 475.39707558230816 0.0 0.0 250.0 238.6284859993305 1.9015709290811946 475.3927322702987 0.7935742073448642 477.73167282161126 2.001989288164664 1.9364809244771977 465.1626102289182 
112.00001588016973 2.776882962524344E-95 42.58352536128707 0.7890990424243627 475.0376235394659 0.0 0.0 249.0 232.54526592056712 1.907764778102171 475.0334297474403 0.7609645096851797 458.10063483048316 1.9699417789350366 1.9364809244771977 465.1626102289182 
113.00007381675003 2.776882962524344E-95 42.58352536128707 0.7898778576981752 475.50647033430096 0.0 0.0 249.0 240.52563777578138 1.9096478736869071 475.5023205480397 0.7724798716881068 465.0328827562433 1.9334025555718437 1.9364809244771977 465.1626102289182 
114.00007071086 3.1740803947219394E-95 42.58352536128707 0.7907205617088071 476.013778148702 0.0 0.0 249.0 239.8814321996714 1.9116859210941455 476.0097943524422 0.7641304190409405 460.0065122626496 1.9176411781623495 2.005991824930147 486.21979341137376 
115.0002484608294 3.1740803947219394E-95 42.15044439834081 0.7925816343365943 477.13414387062954 0.0 0.0 249.0 244.08182386063822 1.916185537451384 477.1301988253944 0.7796242014288709 469.3337692601811 1.922854237307541 2.001989288164664 477.73167282161126 
116.00004598593826 2.776882962524344E-95 41.700448924365 0.7905619797977885 475.91831183826844 0.0 0.0 249.0 232.57575381938534 1.9113029530835648 475.91443531780754 0.7424669241375216 446.96508833079395 1.9218043196278318 2.001989288164664 477.73167282161126 
117.00062502351348 2.776882962524344E-95 41.66964830613409 0.7917006829253138 476.6038111210391 0.0 0.0 250.0 244.759913811593 1.9064004618395558 476.6001154598892 0.7919808373354392 476.7724640759401 1.9479189081711379 2.001989288164664 477.73167282161126 
118.00090227980652 4.4328633457298606E-95 41.66964830613409 0.7899067723892021 475.52387697829954 0.0 0.0 249.0 238.00944639821887 1.9097199078047054 475.52025704337154 0.7660778901725814 461.17888988389757 1.9376495213231535 2.001989288164664 477.73167282161126 
119.00017283906394 3.485483736984915E-95 41.36702709580517 0.7933435778929671 477.59283389156644 0.0 0.0 248.0 245.2371253651641 1.9257634587922277 477.5893377804724 0.7878284843942166 474.27274760532504 1.933935357051349 2.001989288164664 477.73167282161126 
120.00082160687994 3.485483736984915E-95 41.21379397020017 0.7922594946698441 476.9402157912464 0.0 0.0 248.0 232.8541202022218 1.9231321938061805 476.93678406393286 0.7371302995551341 443.7524403321905 1.9057100640813844 2.001989288164664 477.73167282161126 
121.00024389675895 3.485483736984915E-95 41.10061173370156 0.7929158973189062 477.3353701859815 0.0 0.0 248.0 245.40179911734887 1.9247258467543964 477.33200999509035 0.7834070809963468 471.61106275979495 1.9217913823617687 2.001989288164664 477.73167282161126 
122.00000732762238 4.178820635379635E-95 40.713135632749946 0.7912235213837762 476.3165598730336 0.0 0.0 248.0 239.00259486606618 1.920618527183895 476.3133947416063 0.76662362744124 461.50742371962406 1.9309724397688928 2.001989288164664 477.73167282161126 
123.00018204137399 3.2915442774179586E-95 40.67492846153687 0.7878637201333701 474.293959520289 0.0 0.0 248.0 245.2302606253246 1.9124630260653135 474.2908304641978 0.7785604398923989 468.6933848152203 1.911237967207131 2.001989288164664 477.73167282161126 
124.0001664546484 3.2915442774179586E-95 41.136704776030356 0.7884735818087654 474.66109624887685 0.0 0.0 248.0 244.5114797388015 1.9139434662833268 474.65797963826503 0.7772257552426487 467.88990465608015 1.9135702959873369 2.001989288164664 477.73167282161126 
125.00022179583857 2.7696878314947463E-95 41.19525193546822 0.788032063648095 474.39530231615316 0.0 0.0 247.0 235.037842659642 1.920596571021456 474.3873530422996 0.7446687725243684 448.2906010596756 1.9073124395072187 1.9479189081711379 476.7724640759401 
126.00062315114138 2.7696878314947463E-95 41.19525193546822 0.787715221306646 474.2045632266007 0.0 0.0 249.0 244.4713277877605 1.904423907595193 474.20155299120285 0.7676976507977689 462.1539857802617 1.8904220382910668 0.0 0.0 
127.00020744378028 2.539981607656714E-95 41.32912469581956 0.7884920523487589 474.67221551395266 0.0 0.0 248.0 244.38092729544715 1.9139698993154544 474.6645350302328 0.7665623525926724 461.4705362607933 1.8883246797033926 0.0 0.0 
128.0013123834175 2.539981607656714E-95 42.30339952623922 0.786557477632927 473.5076015350218 0.0 0.0 248.0 242.9672860773064 1.9092740933932726 473.49997516153167 0.7703421020545576 463.7459454368399 1.908676484493007 0.0 0.0 
129.00024933573056 2.3289121832902865E-95 42.4163591374363 0.7865469127357809 473.50124146694014 0.0 0.0 248.0 239.32687444509338 1.9092498601977745 473.493965329048 0.7556327759342758 454.89093111244136 1.900709780993705 0.0 0.0 
130.00036527647129 2.432212372047374E-95 42.31233118671444 0.7860444915775077 473.1987839296594 0.0 0.0 248.0 243.1769087384606 1.908030549899002 473.1915763749526 0.7790210392156702 468.9706656078308 1.9285164370282124 0.0 0.0 
131.00051785808702 2.432212372047374E-95 42.51969795611247 0.7821445341346096 470.8510095490349 0.0 0.0 248.0 244.38180662794085 1.8985647855363776 470.8440668130218 0.7823509016914805 470.9752428182691 1.9272107417362108 0.0 0.0 
132.0002697215151 2.135002784747042E-95 42.62376213321412 0.7841008042571034 472.0286841627767 0.0 0.0 248.0 237.91704851586042 1.9033146957918716 472.0220445563842 0.7832102827825637 471.49259023509813 1.9817520147307424 0.0 0.0 
133.0003634959429 2.7958456462259913E-95 42.57264429562128 0.7806314821551246 469.9401522573851 0.0 0.0 248.0 240.565311114694 1.8948966145262085 469.9343604024999 0.7701275803631562 463.61680337861463 1.927197238996676 0.0 0.0 
134.00018422987185 2.857511908827616E-95 42.64863324794177 0.7805753458616509 469.9063582087134 0.0 0.0 247.0 241.50604359548674 1.902431547676782 469.9005922761651 0.7627007430934597 459.1458473422585 1.9011774633321805 0.0 0.0 
135.00023430094387 2.6185427244266813E-95 43.14432035281517 0.7841929008836994 472.0841263319868 0.0 0.0 247.0 243.62610806238447 1.9112485950947096 472.07840298839324 0.7790606586589184 468.9945165126695 1.9250585261271578 0.0 0.0 
136.00067430611634 2.3471487280198062E-95 43.20980555240029 0.7832790488632261 471.5339874156619 0.0 0.0 247.0 234.23704657248697 1.9090215486448576 471.5283225152798 0.7610242188940222 458.13657977420127 1.9558672997203557 0.0 0.0 
137.00021226317554 1.761435430638629E-95 43.35889594648693 0.7839757953925478 471.9534288263139 0.0 0.0 246.0 238.77409202840974 1.9184868927217256 471.9477756095444 0.7780093113031786 468.361605404518 1.9615260660222364 0.0 0.0 
138.00087471362025 1.685612606106684E-95 43.379857811666575 0.7816164323157816 470.5330922541005 0.0 0.0 247.0 237.5407305771168 1.90496943223837 470.5274497628772 0.7843009866150175 472.1491939422462 1.9876557287465468 1.9011774633321805 459.1458473422585 
139.00007362825528 2.015355746278285E-95 43.495691809162835 0.7802927948208739 469.73626248216596 0.0 0.0 247.0 240.21906811639687 1.9017435444626976 469.7306554822861 0.7761355874790121 467.2336236623671 1.9450313720972872 1.9250585261271578 468.9945165126695 
140.0001338609501 1.9703304786321186E-95 43.563404425864064 0.7801001420762128 469.62028552988005 0.0 0.0 247.0 240.3116747775668 1.9012747366571123 469.6148599543068 0.7752646243905151 466.7093038830864 1.9421000012382834 1.9558672997203557 458.13657977420127 
141.0003122226627 1.9703304786321186E-95 43.53050228497771 0.778537384967075 468.6795057501792 0.0 0.0 247.0 242.98428090666607 1.8974671970915797 468.67439768162035 0.788356801220983 474.59079433502893 1.9531748826061979 1.9558672997203557 458.13657977420127 
142.00046587834737 1.9703304786321186E-95 43.53050228497771 0.7756084080370683 466.9162616383156 0.0 0.0 247.0 240.89516062716078 1.8903284990166986 466.9111392571247 0.7729928350030606 465.3416866718482 1.9317187006179368 1.9558672997203557 458.13657977420127 
143.00016404613922 1.651326760519662E-95 43.563404425864064 0.7724721587975482 465.02823959612374 0.0 0.0 247.0 244.95943875168587 1.8826851346970246 465.02322827016496 0.7678053116470468 462.2187976115245 1.8869197282905001 1.9558672997203557 458.13657977420127 
144.00093984149188 1.651326760519662E-95 43.53050228497771 0.7722336198352899 464.8846391408448 0.0 0.0 246.0 245.114453115545 1.889755229776926 464.879786525124 0.767010428802439 461.7402781390708 1.8837741808779025 1.9615260660222364 468.361605404518 
145.00069039919524 1.651326760519662E-95 43.6787578844653 0.773866661229454 465.8677300601315 0.0 0.0 246.0 244.4682287067966 1.8937518394909378 465.86295251477077 0.7618618312231883 458.64082239636264 1.8760753690674232 1.9558672997203557 458.13657977420127 
146.00019904998715 1.651326760519662E-95 44.11479561475119 0.7750382653929412 466.5730357665508 0.0 0.0 246.0 243.49113000886135 1.896619382723286 466.5683681499285 0.7617996736346065 458.6034035280277 1.8834501425630485 1.9450313720972872 467.2336236623671 
147.00017150247675 2.814359255085125E-95 44.043044943749415 0.7740527345811812 465.97974621787085 0.0 0.0 247.0 241.59907419335642 1.8865388647190746 465.97509958561113 0.7687474122499455 462.78594217447284 1.9155120677494661 1.9421000012382834 466.7093038830864 
148.00000362137712 2.814359255085125E-95 44.25717255140505 0.7782677079430144 468.51716018169475 0.0 0.0 247.0 243.82707442341098 1.8968120928237644 468.5125869274698 0.7726136170072438 465.1133974383551 1.90755435399547 1.8869197282905001 462.2187976115245 
149.0013123834175 3.215773600255246E-95 44.25717255140505 0.777767867162934 468.2162560320867 0.0 0.0 247.0 228.141314121941 1.8955943092032226 468.2117943731961 0.7131553939046408 429.319547130591 1.8818141237720787 1.8869197282905001 462.2187976115245 
150.0000154838545 2.8148596303173954E-95 44.74345726457781 0.7840078224790336 471.97270913237816 0.0 0.0 248.0 238.39821085188774 1.9030978144755923 471.9682579899469 0.7547628163444817 454.3672154393819 1.9059170528828824 1.8869197282905001 462.2187976115245 
151.00036682915226 2.8148596303173954E-95 44.74345726457781 0.7831376922590431 471.4488907399438 0.0 0.0 248.0 240.0901025370086 1.900986115263976 471.44455658546616 0.7836647202347358 471.7661615813128 1.9649546424288464 1.8869197282905001 462.2187976115245 
152.00024163806987 3.437103332277286E-95 45.07879210426417 0.7837174807704792 471.7979234238285 0.0 0.0 247.0 234.0083393092293 1.9100969880870335 471.7939560574973 0.7410788168346298 446.1294477344518 1.9064681585766734 1.8869197282905001 462.2187976115245 
153.0000731018299 3.0762533002650356E-95 45.18711113617203 0.7839223335090768 471.92124477246404 0.0 0.0 247.0 241.84251951827147 1.9105970045195213 471.9174601163217 0.7739918314050214 465.94308250582867 1.9266383902795312 1.8869197282905001 462.2187976115245 
154.00044316101062 2.8778084862802705E-95 45.18711113617203 0.7833894696738289 471.600460743645 0.0 0.0 247.0 242.94460801424256 1.9092984486927 471.59671682709694 0.7696868946190704 463.35151056067565 1.907231094149296 1.8869197282905001 462.2187976115245 
155.00100282818605 2.462176534298703E-95 45.25569691910126 0.7847117595949299 472.3964792761478 0.0 0.0 248.0 241.57310413888746 1.90481010956558 472.39290717226396 0.7670586474774885 461.7693057814467 1.9115095922100747 1.8869197282905001 462.2187976115245 
156.00003404417595 3.353936121589851E-95 45.6323753285124 0.7855090837366432 472.87646840945905 0.0 0.0 247.0 234.87018857286805 1.9144656645338234 472.8730191398544 0.7541408777624958 453.9928084130223 1.9329520326594019 1.8869197282905001 462.2187976115245 
157.00033744889635 2.9981508906593546E-95 45.56777523271792 0.7852217559588066 472.70349708720164 0.0 0.0 248.0 234.42761519147314 1.9060486872976539 472.700074449818 0.7551321632041539 454.58956224890346 1.9391468103175855 1.8869197282905001 462.2187976115245 
158.0001646595989 2.67936295297168E-95 45.6070310496203 0.7809500474062557 470.1319285385658 0.0 0.0 248.0 239.91104337656324 1.895680007231142 470.12864179332314 0.7695309770612481 463.25764819087556 1.930955914621023 1.9317187006179368 465.3416866718482 
159.0002229743813 2.7403471724585138E-95 45.6070310496203 0.7829977487669367 471.36464475769594 0.0 0.0 248.0 242.40225901883656 1.9006510039938347 471.3614489904709 0.7769532645085421 467.72586523414515 1.929544168141598 1.9317187006179368 465.3416866718482 
160.0005210490874 2.7403471724585138E-95 45.592844402477816 0.7800323056949259 469.57944802834555 0.0 0.0 247.0 239.90978062163524 1.9011188498150167 469.5763559043093 0.7578553918541551 456.22894589619995 1.90166880530696 1.907231094149296 463.35151056067565 
161.0004492185402 5.324436262783417E-95 45.6374458741652 0.7817444138217652 470.6101371207026 0.0 0.0 247.0 242.20467712288928 1.9052921685518955 470.60716563231824 0.7675716162232968 462.07811296643166 1.907800123661458 1.9115095922100747 461.7693057814467 
162.00103468813782 4.451743106964168E-95 45.8302900650028 0.783340931393962 471.5712406991645 0.0 0.0 247.0 242.46639573662384 1.909183899478704 471.5684231712396 0.7652378747498757 460.67320059942324 1.8999465851747304 1.9329520326594019 453.9928084130223 
163.00008116822423 4.451743106964168E-95 45.8302900650028 0.7866171305804167 473.5435126094108 0.0 0.0 247.0 241.83904102189402 1.9171692711780008 473.5408099809661 0.7669188329296226 461.6851374236284 1.9090595772823604 1.9391468103175855 454.58956224890346 
164.00096806047569 4.451743106964168E-95 45.83640117772688 0.7859155851664585 473.1211822702077 0.0 0.0 247.0 230.96018468741417 1.9154600517553926 473.1186327835819 0.744633361861389 448.2692838405516 1.9408942041124866 1.930955914621023 463.25764819087556 
165.00002875548086 4.657061257113872E-95 45.84174906982053 0.7867846620581983 473.6443665590349 0.0 0.0 248.0 243.7059808074093 1.9098522704861778 473.6433630805721 0.7742596740973477 466.1043238066084 1.9125682605834415 1.929544168141598 467.72586523414515 
166.00014603635734 4.657061257113872E-95 46.15350958622129 0.7907945967344941 476.05834723416524 0.0 0.0 247.0 244.3501225826974 1.9273516499738588 476.055857543543 0.7743543061913365 466.1612923271779 1.9077596008547577 1.90166880530696 456.22894589619995 
167.00006199138346 6.32652608920262E-95 46.38588580178335 0.7894641271877915 475.2574045670507 0.0 0.0 247.0 244.46346615901945 1.924109026132432 475.25492945471086 0.770746190780576 463.98920684990924 1.8979899701990315 1.907800123661458 462.07811296643166 
168.0001051291751 8.247106367316806E-95 46.38588580178335 0.785765544441774 473.0308577539478 0.0 0.0 247.0 234.56221116381354 1.915095036416464 473.02847399486654 0.7523421948782518 452.9100013167119 1.9308736862154179 1.8999465851747304 460.67320059942324 
169.00006473206432 7.718355200484096E-95 46.36141082132289 0.787978579205558 474.36310468174577 0.0 0.0 247.0 239.7251762748163 1.9204887428053294 474.3607194729165 0.7675658566643805 462.0746457119526 1.9275182227094878 1.8999465851747304 460.67320059942324 
170.0003890565713 1.1484534272037076E-94 46.372744995838374 0.7883754369086273 474.6020130189933 0.0 0.0 247.0 240.57171316327384 1.9214564470854212 474.5997424300991 0.7724176502990948 464.9954254800618 1.9328765604477929 1.8999465851747304 460.67320059942324 
171.0007775285407 8.782072218499373E-95 46.372744995838374 0.7918257411181487 476.67909615312516 0.0 0.0 247.0 237.34832567507127 1.9298658029365825 476.67685332533574 0.7565877705514331 455.4658378719663 1.9189764097830497 1.9125682605834415 466.1043238066084 
172.00042331292403 8.782072218499373E-95 46.372744995838374 0.791042206564545 476.20740835185626 0.0 0.0 247.0 241.18836358304458 1.9279564089017824 476.20523299874026 0.7632571283950934 459.4807912938432 1.9050703129615847 1.9125682605834415 466.1043238066084 
173.00072477415924 8.782072218499373E-95 46.372744995838374 0.7936870171918405 477.7995843494883 0.0 0.0 248.0 240.60171950133025 1.9266024574118108 477.797409438129 0.7809077544273731 470.10646816528333 1.9538782563134764 1.9125682605834415 466.1043238066084 
174.00065052866913 8.20405924984116E-95 46.372744995838374 0.7974498796430104 480.0648275450926 0.0 0.0 247.0 238.45033842640123 1.9435735414761128 480.0626647446 0.7701322774163503 463.61963100463925 1.9443026756187118 1.9275182227094878 462.0746457119526 
175.0001425917673 8.585107895132983E-95 46.372744995838374 0.796951882004471 479.76503296669165 0.0 0.0 247.0 244.06577671771626 1.9423598502661499 479.7628830157392 0.7906716364006445 475.98432511318833 1.9502296942832196 1.9275182227094878 462.0746457119526 
176.000378274657 1.1637329027638793E-94 46.372744995838374 0.7991447475584835 481.0851380302071 0.0 0.0 247.0 239.0951626081146 1.947704397452654 481.0829861708053 0.7704863437087842 463.8327789126915 1.9399504944101682 1.9328765604477929 464.9954254800618 
177.0003515304911 1.190524503251164E-94 46.34055287984862 0.8001852270447677 481.7115066809506 0.0 0.0 248.0 242.8845675825318 1.9423822010764453 481.7107858669586 0.7872697296993194 473.9363772789857 1.9512823807463306 1.9050703129615847 459.4807912938432 
178.0000326900016 1.0429808945234925E-94 46.34055287984862 0.801323440338193 482.39671108359255 0.0 0.0 248.0 242.26131245569542 1.9451451270145408 482.3959914996062 0.7817098266865972 470.58931566533454 1.942486445298176 1.9538782563134764 470.10646816528333 
179.00113778377752 1.0429808945234925E-94 46.295521458359836 0.8003474701173716 481.8091770106578 0.0 0.0 248.0 231.02611350500024 1.942776129193158 481.80848003990315 0.752229937933029 452.84242263568115 1.9601352235269283 1.9443026756187118 463.61963100463925 
180.0009255081759 8.690825691168982E-95 46.305553241388 0.8017240011166432 482.63784867221864 0.0 0.0 249.0 245.72489178940575 1.9383018633833458 482.63716398245293 0.795462023746383 478.86813829532207 1.948797839763534 1.9502296942832196 475.98432511318833 
181.00084020246052 1.3388271495799197E-94 46.45087152126384 0.8065698035946306 485.5550217639677 0.0 0.0 249.0 246.5675735387137 1.950017548913062 485.55436967935213 0.7826179141359051 471.13598430982006 1.9107783620859893 1.9512823807463306 473.9363772789857 
182.00006194429443 1.1663283311283708E-94 46.34364235293679 0.8082523317945236 486.56790374030265 0.0 0.0 249.0 248.4239557040477 1.9540854316452283 486.5672724796618 0.7932936413465935 477.56277209065365 1.9223700497692078 1.942486445298176 470.58931566533454 
183.0013123834175 1.221259688959404E-94 46.28523470768677 0.8071981188364604 485.9332675395492 0.0 0.0 249.0 250.6416928555489 1.9515368343806327 485.93267176077745 0.8029818626840997 483.39508133582257 1.9286299730444898 1.942486445298176 470.58931566533454 
184.00005467407001 1.221259688959404E-94 46.25336030407941 0.8080772259031798 486.46248999371386 0.0 0.0 250.0 247.07600720709564 1.9458476572912435 486.4619143228111 0.7923689939714608 477.0061343708214 1.930604835988796 1.9443026756187118 463.61963100463925 
185.00024452405478 1.221259688959404E-94 46.164792934316054 0.8085460278892393 486.7447087893222 0.0 0.0 250.0 249.71418625874935 1.946976579475536 486.74414486888395 0.8034779491844894 483.6937254090599 1.9369893743556288 1.9443026756187118 463.61963100463925 
186.0001765088835 1.3895077179027556E-94 46.416820035786266 0.8089358541965669 486.97938422633257 0.0 0.0 250.0 249.99247363788965 1.9479153640500666 486.9788410125168 0.802805761302868 483.28906830432527 1.9332144735059593 1.9443026756187118 463.61963100463925 
187.00009130463886 1.3895077179027556E-94 46.58033987351012 0.8084147592713208 486.66568508133525 0.0 0.0 250.0 251.10811815102454 1.946660603533423 486.6651508833559 0.8037927382316866 483.8832284154813 1.9269915762916845 1.9443026756187118 463.61963100463925 
188.0000333594537 1.3895077179027556E-94 46.58033987351012 0.8109344234073288 488.18252289121205 0.0 0.0 250.0 241.8266951180979 1.9527279574065894 488.18198935164713 0.7782391264469416 468.4999541210534 1.9373376206140431 1.9443026756187118 463.61963100463925 
189.00048475050804 1.3007249292146125E-94 46.58033987351012 0.8108619713302319 488.13890674079926 0.0 0.0 250.0 235.3101450555244 1.9525535543211632 488.13838858029055 0.7621433706269882 458.8103091174432 1.9498109994755266 1.942486445298176 470.58931566533454 
190.0011484538889 1.913667861416326E-94 46.895039127113805 0.8114176274705861 488.47341173729325 0.0 0.0 250.0 248.1275711563925 1.9538916357037306 488.4729089259326 0.8042560935816276 484.16216833613663 1.9512630784225657 1.942486445298176 470.58931566533454 
191.0001310447075 1.6772119446204612E-94 46.945869614429256 0.8132897974967901 489.6004580930681 0.0 0.0 250.0 231.4728831616816 1.9583998320299114 489.5999580074779 0.7535690722054216 453.64858146766744 1.959834669492574 1.942486445298176 470.58931566533454 
192.00000554991678 2.3866710398630105E-94 46.945869614429256 0.8124010382943729 489.06542505321244 0.0 0.0 250.0 239.19863281603105 1.9562597587154085 489.06493967885183 0.7888017406696815 474.8586478831448 1.9852063629826895 1.942486445298176 470.58931566533454 
193.000096171819 4.3169516848314614E-94 46.996233014586444 0.8122051795445903 488.94751808584346 0.0 0.0 250.0 225.3573794526603 1.9557882034277347 488.9470508569337 0.7676344109618639 462.11591539904464 2.050591449551884 1.942486445298176 470.58931566533454 
194.0002863461699 3.6708445087614643E-94 46.945869614429256 0.816228608999633 491.36962261777893 0.0 0.0 250.0 245.47869432056783 1.9654766383811422 491.3691595952858 0.8201175178917997 493.7107457708601 2.0112162773936255 1.942486445298176 470.58931566533454 
195.00051037847604 4.7756632174994366E-94 46.945869614429256 0.8175547030878009 492.167931258856 0.0 0.0 250.0 231.6875054142091 1.9686699647923611 492.1674911980906 0.787862728228873 474.29336239378586 2.0471253361110167 1.9332144735059593 483.28906830432527 
196.00023007295212 5.816795592537438E-94 47.07122566730785 0.8208463023974223 494.1494740432482 0.0 0.0 250.0 242.3405409159321 1.9765961640329532 494.14904100823844 0.8054511185102307 484.8815733431599 2.0008273131294416 1.9332144735059593 483.28906830432527 
197.0002641935418 4.868863955234027E-94 47.21343826086103 0.8252657446440841 496.80997827573873 0.0 0.0 250.0 239.6734304599389 1.9872382816315952 496.8095704078987 0.7857431095786922 473.01735196638003 1.973591111282751 1.9332144735059593 483.28906830432527 
198.00065514965246 4.868863955234027E-94 47.48490610445504 0.8274247822841119 498.1097189350354 0.0 0.0 251.0 228.79261679937963 1.9844993742817323 498.10934294471474 0.7674725424617238 462.0184705619519 2.0193766609482857 1.9332144735059593 483.28906830432527 
199.00059739610944 6.553319708633824E-94 47.535583694080906 0.8275141344003207 498.1635089089933 0.0 0.0 250.0 239.07287029007668 1.9926525449538834 498.1631362384708 0.7994001687935954 481.23890161373987 2.012938151576268 1.9332144735059593 483.28906830432527 
200.0005167440631 5.697182458027361E-94 47.62228305973363 0.8279873957983068 498.44841227058015 0.0 0.0 250.0 245.06296652894082 1.9937922499986316 498.4480624996581 0.8185125883796411 492.74457820454177 2.0106856012711773 2.0008273131294416 484.8815733431599 
201.0003678307172 6.937363110036069E-94 47.57917795675159 0.8297077924421051 499.4840910501475 0.0 0.0 249.0 247.93950070336533 2.0059560602300683 499.4830589972871 0.8115552637916399 488.5562688025608 1.9704656475333844 1.973591111282751 473.01735196638003 
202.0000342708213 8.213758678575051E-94 47.535583694080906 0.8309191842356188 500.21334890984224 0.0 0.0 249.0 246.7892605605778 2.008885223433634 500.2124206349751 0.8182358465784346 492.5779796402168 1.9959457657166035 2.0193766609482857 462.0184705619519 
203.0000020240325 7.478837029487355E-94 47.70702019587693 0.8297728871769183 499.5232780805043 0.0 0.0 248.0 244.62667896129832 2.014203150934138 499.522381431666 0.8231295579559526 495.5239938894831 2.0256334917904786 2.0193766609482857 462.0184705619519 
204.00055349642307 9.72153929039985E-94 47.66489760162063 0.8295516837050787 499.39011359045725 0.0 0.0 248.0 245.66903043449187 2.0136664906436312 499.38928967962073 0.8321156732550485 500.9336352995351 2.0390589502208747 2.012938151576268 481.23890161373987 
205.00038888648868 9.10472918503132E-94 47.50627912063866 0.8302045822412043 499.7831585092046 0.0 0.0 248.0 241.38474231023244 2.015251357162205 499.7823365762267 0.8086292255943859 486.7947938078251 2.0166759056468733 2.0106856012711773 492.74457820454177 
206.0001571718339 9.320758123700413E-94 47.57283448927972 0.8284576558867122 498.7315088438002 0.0 0.0 248.0 241.44625409819278 2.0110111314523924 498.7307606001933 0.8124633073123668 489.10291100203756 2.025721678014215 1.9959457657166035 492.5779796402168 
207.0003881164247 1.102880664641768E-93 47.49361246854704 0.8301528095879052 499.75199137191913 0.0 0.0 248.0 243.28225191966476 2.01512597674506 499.75124223277504 0.8212244342654113 494.3771094277719 2.0321133396571085 2.0256334917904786 495.5239938894831 
208.00024866626856 1.0329397634375881E-93 47.68105344310805 0.8331731642001082 501.57024484846454 0.0 0.0 248.0 239.63721315901665 2.0224579177932847 501.5695636127346 0.8140411096138197 490.052747987517 2.044977662389737 2.0390589502208747 500.9336352995351 
209.0002525720603 9.85514810718168E-94 48.00398923601372 0.8354037166725204 502.9130374368575 0.0 0.0 249.0 241.84348682610138 2.0197300181757396 502.91277452575923 0.8064872442954152 485.50532106583785 2.0075186949936037 2.0166759056468733 486.7947938078251 
210.00090767937124 1.2155378501470355E-93 47.970131700336225 0.8360834377730056 503.3222295393492 0.0 0.0 249.0 232.4477741546774 2.021373378135554 503.32197115575303 0.7995616238098662 481.3360975335439 2.0707279270966437 2.025721678014215 489.10291100203756 
211.00000909996325 1.0304007096200092E-93 47.970131700336225 0.84034681385555 505.88878194104035 0.0 0.0 249.0 237.043115478698 2.0316808254425176 505.88852553518643 0.8192146101361663 493.1671953019696 2.080495754141775 2.0321133396571085 494.3771094277719 
212.00038549640286 9.597949910928576E-94 48.10249835127542 0.8424492073061781 507.15442279831944 0.0 0.0 249.0 242.80022834205116 2.0367637427242746 507.1541719383444 0.8263593105030368 497.4683049228316 2.0488790653936704 2.0321133396571085 494.3771094277719 
213.0003390966738 1.0063176375608122E-93 48.00718960863495 0.8426858703234831 507.2968939347362 0.0 0.0 249.0 233.28137704513142 2.0373359503680497 507.2966516416446 0.8049453631009289 484.5771085867636 2.0772215713259254 2.0321133396571085 494.3771094277719 
214.0008535333428 1.3074459043535632E-93 47.97492895335773 0.8460401592739555 509.31617588292085 0.0 0.0 249.0 244.30177675201958 2.045445545524229 509.3159408355327 0.8314608177826146 500.5394123051335 2.0488570282205107 2.0321133396571085 494.3771094277719 
215.0000968310337 1.4212893204224556E-93 47.97492895335773 0.8469864450226184 509.88583990361593 0.0 0.0 249.0 244.27561125089292 2.047733393738888 509.88561504098305 0.8399923878122384 505.67541746296547 2.0701019429385097 2.0321133396571085 494.3771094277719 
216.00017413106943 1.2038777016578516E-93 48.16079111388578 0.8489729419793393 511.08171107156227 0.0 0.0 249.0 237.5448011587982 2.0525360981012115 511.0814884272014 0.8229577117267982 495.42054245953665 2.085587813510383 2.0321133396571085 494.3771094277719 
217.00059110477005 1.563706361450085E-93 48.13136851040372 0.8495599597371143 511.43509576174245 0.0 0.0 249.0 240.50108332178417 2.0539553801123946 511.4348896479862 0.825857014263158 497.1659225864273 2.0672086616808802 2.0321133396571085 494.3771094277719 
218.00055172035798 1.2776326536412996E-93 48.13136851040372 0.8499181880842713 511.65074922673074 0.0 0.0 248.0 240.70918530196954 2.0631070393428517 511.65054575702703 0.8281905662649715 498.5707208915065 2.0712575644591618 2.0321133396571085 494.3771094277719 
219.00008560726943 1.7807041502405522E-93 47.75315927906673 0.8507622505338263 512.1588748213634 0.0 0.0 248.0 241.05443448902724 2.0651559422560912 512.1586736795105 0.8171488668383163 491.92361783667286 2.040715902528087 2.0321133396571085 494.3771094277719 
220.00010576804345 1.7807041502405522E-93 47.855141427823156 0.8548277549178097 514.6063084605212 0.0 0.0 248.0 241.34605969813623 2.0750246380498836 514.6061102363714 0.8193210634041405 493.23128016928916 2.043668252907044 2.0321133396571085 494.3771094277719 
221.00007050501296 1.6681486717449576E-93 47.73167519170645 0.8564217981583601 515.5659224913338 0.0 0.0 248.0 240.40581873726777 2.0788940962879403 515.5657358794094 0.8272914528342715 498.02945460622374 2.071619801975363 2.0321133396571085 494.3771094277719 
222.00012396227757 1.6681486717449576E-93 47.91047266529479 0.8574618240534062 516.19201808015 0.0 0.0 248.0 246.13009318847168 2.0814186939488946 516.1918360993259 0.8362162780067836 503.4021993600894 2.0452687960208675 2.0488570282205107 500.5394123051335 
223.00018032538355 1.5160593443105457E-93 47.91047266529479 0.861838916729124 518.8270278709326 0.0 0.0 248.0 245.07242613324004 2.092043751880893 518.8268504664609 0.8326818716571318 501.27448673759613 2.045413654431548 2.0488570282205107 500.5394123051335 
224.00007512446058 2.555272511728785E-93 47.69668479444872 0.8667686674915375 521.7947378299052 0.0 0.0 248.0 243.44264122791952 2.104010331280008 521.794562157442 0.8464418185703532 509.55797477935823 2.0931336113063783 2.0488570282205107 500.5394123051335 
225.00003000652197 2.26689006362913E-93 47.69668479444872 0.8671879116664137 522.0471228231811 0.0 0.0 247.0 243.2820189414971 2.11355021435907 522.0469029466901 0.8539323783341572 514.0672917571608 2.1130509110119657 2.0488570282205107 500.5394123051335 
226.0001176289709 2.902025310310318E-93 47.69668479444872 0.8702663762646025 523.9003585112904 0.0 0.0 248.0 245.4280492925919 2.1125006252993086 523.9001550742283 0.8639687448314705 520.1091843885483 2.1191921049272158 2.0488570282205107 500.5394123051335 
227.001146082671 3.2825116496255998E-93 47.69668479444872 0.8710027469276488 524.3436536504447 0.0 0.0 246.0 236.83470265906712 2.131476954934986 524.3433309140066 0.8133625817171342 489.6442741937217 2.0674515545915746 2.0488570282205107 500.5394123051335 
228.00014650222298 2.7064318272060486E-93 47.69668479444872 0.8746943760726068 526.5660143957099 0.0 0.0 246.0 243.22906047113423 2.140511153402554 526.5657437370282 0.8508369884322882 512.2038670362334 2.1058497946096386 2.0488570282205107 500.5394123051335 
229.00009167985883 2.3406556874169433E-93 47.69668479444872 0.8781572336614604 528.650654664199 0.0 0.0 247.0 243.336054500491 2.140285009033846 528.6503972313595 0.8522133688575584 513.0324480522427 2.1083289490551325 2.1191921049272158 520.1091843885483 
230.0002948676377 2.0732668316927622E-93 47.69668479444872 0.8795698686714141 529.5010609401917 0.0 0.0 247.0 245.8582469576403 2.143727956658963 529.500805294764 0.8567394738172761 515.7571632380038 2.097782643536319 2.0674515545915746 489.6442741937217 
231.00000756269156 2.0732668316927622E-93 47.69668479444872 0.8826799431910008 531.3733258009827 0.0 0.0 248.0 241.64993509913214 2.1426334163297938 531.3730872497888 0.8545363547006977 514.4308855298237 2.128826913687308 2.0674515545915746 489.6442741937217 
232.00033056308547 1.8811458736918475E-93 47.69668479444872 0.8863251009155638 533.5677107511694 0.0 0.0 248.0 241.91067014443536 2.1514817888791486 533.5674836420287 0.8598200496812676 517.6116699081251 2.1396810219205276 2.0674515545915746 489.6442741937217 
233.0004467576823 1.974915362041569E-93 47.51683724461999 0.8885926357394544 534.9327667151517 0.0 0.0 248.0 240.5383000052369 2.1569860588029632 534.9325425831348 0.8573771594645684 516.1410499976736 2.1457749139593836 2.0674515545915746 489.6442741937217 
234.00013867347684 1.974915362041569E-93 47.51683724461999 0.8911079104670504 536.4469621011648 0.0 0.0 247.0 244.34806561507236 2.1718491427632034 536.4467382625116 0.8683756090794303 522.7621166658134 2.139415817964091 2.0674515545915746 489.6442741937217 
235.00003287588552 1.6654170005513564E-93 47.56252815825148 0.8934321947237795 537.8461812237149 0.0 0.0 247.0 241.70799843839862 2.1775140067808456 537.8459596748689 0.8663065816903863 521.516562177608 2.157630552348151 2.0674515545915746 489.6442741937217 
236.00023276897087 1.6654170005513564E-93 47.56252815825148 0.8984021392373749 540.8380878209 0.0 0.0 247.0 244.7860630984769 2.1896269998532905 540.8378689637628 0.8891442750913913 535.2648536050159 2.186663925346436 2.0674515545915746 489.6442741937217 
237.00021163570455 1.4384155704921178E-93 47.37686912924584 0.9005042625106734 542.1035660314255 0.0 0.0 246.0 234.77057170696423 2.2036721515770794 542.1033492879616 0.8563258922242525 515.5081871189943 2.1957955946984744 2.0674515545915746 489.6442741937217 
238.0002925796434 1.4740183008807096E-93 47.293243884511845 0.9033235222814479 543.8007604134317 0.0 0.0 244.0 242.994424780939 2.228690005961849 543.8003614546911 0.8746633988262026 526.5473660933768 2.166911304932459 2.0674515545915746 489.6442741937217 
239.00088177327999 1.805879561864641E-93 47.27354247098831 0.9047638029167521 544.6678093558846 0.0 0.0 243.0 236.32148124603592 2.241429755576658 544.6674306051278 0.8738449585522702 526.0546650484611 2.2260128968165276 2.0674515545915746 489.6442741937217 
240.00020872903863 2.4997398185168547E-93 47.40056348689884 0.9098738671371512 547.744068016565 0.0 0.0 244.0 245.21917943703724 2.244851801093233 547.7438394667489 0.8981990901553207 540.7158522735092 2.2050308361477247 2.1058497946096386 512.2038670362334 
241.00009636206343 2.4997398185168547E-93 47.447196965382666 0.9126853971233639 549.436609068265 0.0 0.0 244.0 246.86873135959803 2.251788471075259 549.436386942363 0.9050219398144655 544.8232077683145 2.2069348546807457 2.1058497946096386 512.2038670362334 
242.00023845112105 3.459236032947831E-93 47.49598720838774 0.9146324968586238 550.6087631088917 0.0 0.0 245.0 241.29360715945475 2.247381816276153 550.6085449876575 0.8918054940064322 536.8669073918682 2.224952885043029 2.1058497946096386 512.2038670362334 
243.00029980707 2.730065339723113E-93 47.49598720838774 0.9161371980220522 551.5145932092754 0.0 0.0 243.0 237.77262721977533 2.269606508699089 551.5143816138786 0.9100143478850737 547.8286374268124 2.3040021209861536 2.166911304932459 526.5473660933768 
244.00048240792688 3.339885930747338E-93 47.70702019595602 0.9192175186150089 553.3689462062354 0.0 0.0 244.0 235.92742787868 2.2679050345917715 553.3688284403923 0.9147239406788258 550.663812288662 2.334038976476392 2.2260128968165276 526.0546650484611 
245.00086708967618 3.595872478441238E-93 47.87295749054991 0.9206629899153473 554.2391199290385 0.0 0.0 245.0 232.28819429022727 2.26220015531059 554.2390380510947 0.8797555427003225 529.6128367055909 2.279981719793637 2.2069348546807457 544.8232077683145 
246.00054689702944 3.595872478441238E-93 47.87295749054991 0.9231391373103046 555.7297606608037 0.0 0.0 244.0 237.04274017682124 2.2775806596722927 555.7296809600398 0.9094586485812524 547.4941064459174 2.309685190263646 2.2069348546807457 544.8232077683145 
247.0007083271412 3.179257773518089E-93 48.131101114808104 0.9254605972691036 557.1272795560002 0.0 0.0 245.0 239.78600637674103 2.2739885693133783 557.1271994817776 0.9063218832617188 545.6057737235489 2.2753862161010243 2.3040021209861536 547.8286374268124 
248.00030572794202 3.179257773518089E-93 48.32803825080691 0.9257347372138613 557.2923118027438 0.0 0.0 243.0 240.75889650791729 2.29338357458892 557.2922086251072 0.920626967246173 554.2174342821951 2.301960352538706 2.334038976476392 550.663812288662 
249.0003068295708 3.179257773518089E-93 48.392518612504 0.9256532625757297 557.2432640705895 0.0 0.0 244.0 237.4014371160192 2.2837834834960065 557.2431699730256 0.9206307445796569 554.2197082369472 2.3345254981169195 2.334038976476392 550.663812288662 
250.0002701088387 3.179257773518089E-93 48.45493140499313 0.9270270082347751 558.0702589573343 0.0 0.0 243.0 239.14328464559128 2.296585048489128 558.0701667828581 0.9412395344552228 566.6261997420471 2.3694004227707386 2.279981719793637 529.6128367055909 
251.00018583055632 3.179257773518089E-93 48.45493140499313 0.9288358962795973 559.1592095603178 0.0 0.0 245.0 231.6207832245525 2.282282129160013 559.1591216442031 0.8824806601351212 531.2533574013413 2.2936342326685772 2.309685190263646 547.4941064459174 
252.00029208846158 0.0 0.0 0.0 0.0 0.0 0.0 242.0 238.2896823341768 0.0 0.0 0.8405674482350705 506.02160383751885 2.1235565001420227 2.2753862161010243 545.6057737235489 
253.0001854769862 0.0 0.0 0.0 0.0 0.0 0.0 242.0 240.66704288886473 0.0 0.0 0.5187162643326831 312.26719112827476 1.297507076083008 2.301960352538706 554.2174342821951 
254.00002813484141 0.0 0.0 0.0 0.0 0.0 0.0 243.0 230.9269406341591 0.0 0.0 0.16672304680532465 100.36727417680426 0.43462782601796507 2.3345254981169195 554.2197082369472 
255.00009947746975 0.0 0.0 0.0 0.0 0.0 0.0 241.0 239.43869660173775 0.0 0.0 0.035297543046298153 21.249120913871348 0.08874555873988636 2.3694004227707386 566.6261997420471 
256.00014516153084 0.0 0.0 0.0 0.0 0.0 0.0 241.0 237.24113208545594 0.0 0.0 0.004713700062734289 2.8376474377660164 0.011961026373554295 2.2936342326685772 531.2533574013413 
257.0011151981695 0.0 0.0 0.0 0.0 0.0 0.0 242.0 236.5792859609558 0.0 0.0 7.624627696054551E-4 0.4590025873024837 0.001940163888136157 2.1235565001420227 506.02160383751885 
258.000345922646 0.0 0.0 0.0 0.0 0.0 0.0 242.0 242.03604601557328 0.0 0.0 3.6023359639727066E-4 0.21686062503115802 8.959848278847053E-4 2.1235565001420227 506.02160383751885 
259.00002058198845 0.0 0.0 0.0 0.0 0.0 0.0 242.0 240.94929768718964 0.0 0.0 7.223586809606406E-5 0.04348599259383059 1.804777727565154E-4 2.1235565001420227 506.02160383751885 
260.00112718292286 0.0 0.0 0.0 0.0 0.0 0.0 245.0 237.12347641507296 0.0 0.0 5.800026598193848E-5 0.03491616012112734 1.4724885384190438E-4 2.1235565001420227 506.02160383751885 
261.0001025451444 0.0 0.0 0.0 0.0 0.0 0.0 245.0 233.42239236454873 0.0 0.0 1.487273293451421E-5 0.008953385226577572 3.835701080723469E-5 2.1235565001420227 506.02160383751885 
262.0001611996919 0.0 0.0 0.0 0.0 0.0 0.0 245.0 238.5326326070607 0.0 0.0 5.6602308806184855E-6 0.0034074589901323706 1.4285085243433095E-5 2.1235565001420227 506.02160383751885 
263.00020244198123 0.0 0.0 0.0 0.0 0.0 0.0 245.0 234.1679550579871 0.0 0.0 3.4419144051309925E-6 0.002072032471888842 8.848488561877495E-6 2.1235565001420227 506.02160383751885 
264.0004932652299 0.0 0.0 0.0 0.0 0.0 0.0 244.0 233.51251700456098 0.0 0.0 1.0294412537886892E-6 6.197236347807904E-4 2.653920409622778E-6 2.1235565001420227 506.02160383751885 
265.0001642908543 0.0 0.0 0.0 0.0 0.0 0.0 243.0 234.52086043856994 0.0 0.0 1.5348418674482175E-8 9.239748042038205E-6 3.939840585933059E-8 2.1235565001420227 506.02160383751885 
266.00009062378774 0.0 0.0 0.0 0.0 0.0 0.0 243.0 235.44147129150113 0.0 0.0 1.7191715732964093E-10 1.0349412871244459E-7 4.3957476201933877E-10 2.1235565001420227 506.02160383751885 
267.0000115392237 0.0 0.0 0.0 0.0 0.0 0.0 243.0 239.80586803025804 0.0 0.0 -1.743741202229691E-11 -1.0497322037422599E-8 -4.3774250078392894E-11 8.848488561877495E-6 0.002072032471888842 
268.00018968393584 0.0 0.0 0.0 0.0 0.0 0.0 243.0 235.82837912289816 0.0 0.0 -4.2490603558793934E-13 -2.5579343342393845E-10 -1.084659252526329E-12 8.848488561877495E-6 0.002072032471888842 
269.00037131864093 0.0 0.0 0.0 0.0 0.0 0.0 244.0 236.66800651258856 0.0 0.0 1.9105282176655679E-13 1.1501379870346789E-10 4.859710461006068E-13 2.653920409622778E-6 6.197236347807904E-4 
270.0001386369412 0.0 0.0 0.0 0.0 0.0 0.0 244.0 236.47338860005422 0.0 0.0 1.9777007730235088E-13 1.1905758653601403E-10 5.034713937193808E-13 2.653920409622778E-6 6.197236347807904E-4 
271.00100533174634 0.0 0.0 0.0 0.0 0.0 0.0 243.0 239.4196525256721 0.0 0.0 7.637827152824531E-14 4.5979719460003364E-11 1.9204655497139327E-13 2.653920409622778E-6 6.197236347807904E-4 
272.0000463755373 0.0 0.0 0.0 0.0 0.0 0.0 240.0 238.19195358482224 0.0 0.0 3.2424873232435066E-15 1.9519773685926012E-12 8.19497610735824E-15 2.653920409622778E-6 6.197236347807904E-4 
273.0000206288371 0.0 0.0 0.0 0.0 0.0 0.0 239.0 234.6917224108982 0.0 0.0 1.2996448288014219E-16 7.823861869384498E-14 3.3336761045566333E-16 2.653920409622778E-6 6.197236347807904E-4 
274.0002881905997 0.0 0.0 0.0 0.0 0.0 0.0 240.0 235.8834853225872 0.0 0.0 3.0084882578083E-17 1.8111099312005985E-14 7.677985293136477E-17 2.653920409622778E-6 6.197236347807904E-4 
275.0000225937642 0.0 0.0 0.0 0.0 0.0 0.0 240.0 239.4801330825163 0.0 0.0 1.6966257854088362E-17 1.0213687228161189E-14 4.2649413530440616E-17 2.653920409622778E-6 6.197236347807904E-4 
276.0013123834175 0.0 0.0 0.0 0.0 0.0 0.0 240.0 237.91083356301846 0.0 0.0 1.6131335347967145E-19 9.711063879476162E-17 4.081808185882325E-19 2.653920409622778E-6 6.197236347807904E-4 
277.0000201515219 0.0 0.0 0.0 0.0 0.0 0.0 239.0 223.22859777209845 0.0 0.0 1.0156749700805163E-19 6.114363319884747E-17 2.7390591442621096E-19 3.3336761045566333E-16 7.823861869384498E-14 
278.0000659224393 0.0 0.0 0.0 0.0 0.0 0.0 239.0 235.5158646812275 0.0 0.0 1.0618087229055517E-19 6.392088511891353E-17 2.7140798011815863E-19 3.3336761045566333E-16 7.823861869384498E-14 
279.0013123834175 0.0 0.0 0.0 0.0 0.0 0.0 240.0 228.2765317013155 0.0 0.0 8.852925141541347E-20 5.329460935207825E-17 2.334651265063492E-19 3.3336761045566333E-16 7.823861869384498E-14 
280.001266305294 0.0 0.0 0.0 0.0 0.0 0.0 239.0 230.0861749065821 0.0 0.0 3.828538060309561E-20 2.3047799123063584E-17 1.0017029111993053E-19 4.081808185882325E-19 9.711063879476162E-17 
281.00013703295656 0.0 0.0 0.0 0.0 0.0 0.0 239.0 229.88119926147127 0.0 0.0 2.1774363700674903E-21 1.3108166947806342E-18 5.7021483226633346E-21 4.081808185882325E-19 9.711063879476162E-17 
282.0000073387253 0.0 0.0 0.0 0.0 0.0 0.0 241.0 230.51124027655075 0.0 0.0 -1.0064212793247385E-20 -6.0586561015349025E-18 -2.6283560377646506E-20 4.081808185882325E-19 9.711063879476162E-17 
283.0008517614423 0.0 0.0 0.0 0.0 0.0 0.0 243.0 232.8818765488396 0.0 0.0 -9.929903147972504E-21 -5.977801695079409E-18 -2.5668814523768895E-20 2.334651265063492E-19 5.329460935207825E-17 
284.0002802601618 0.0 0.0 0.0 0.0 0.0 0.0 243.0 241.1959914266946 0.0 0.0 -9.863630950224575E-22 -5.937905832035129E-19 -2.4618592526815703E-21 1.0017029111993053E-19 2.3047799123063584E-17 
285.00121503643396 0.0 0.0 0.0 0.0 0.0 0.0 243.0 235.88941685325332 0.0 0.0 7.069085613157902E-25 4.255589539121086E-22 1.8040612401736048E-24 5.7021483226633346E-21 1.3108166947806342E-18 
286.000038186247 0.0 0.0 0.0 0.0 0.0 0.0 243.0 235.56407533444158 0.0 0.0 1.7658096394953464E-27 1.0630174029761886E-24 4.5126465122789706E-27 -2.6283560377646506E-20 -6.0586561015349025E-18 
287.000376039983 0.0 0.0 0.0 0.0 0.0 0.0 243.0 238.61828327221258 0.0 0.0 1.0052365241091534E-27 6.051523875137122E-25 2.536068817590823E-27 -2.6283560377646506E-20 -6.0586561015349025E-18 
288.0011928358297 0.0 0.0 0.0 0.0 0.0 0.0 244.0 239.58382258156922 0.0 0.0 9.680178551760774E-28 5.827467488159949E-25 2.432329288917626E-27 -2.6283560377646506E-20 -6.0586561015349025E-18 
289.00053149991163 0.0 0.0 0.0 0.0 0.0 0.0 243.0 237.76950955864473 0.0 0.0 9.679727488210405E-28 5.827195947902603E-25 2.4507751051508783E-27 -2.6283560377646506E-20 -6.0586561015349025E-18 
290.0001523983311 0.0 0.0 0.0 0.0 0.0 0.0 243.0 238.50869239026332 0.0 0.0 1.794453840529512E-30 1.0802612119987635E-27 4.529232042541956E-30 -2.6283560377646506E-20 -6.0586561015349025E-18 
291.0004062635843 0.0 0.0 0.0 0.0 0.0 0.0 243.0 238.23371711950477 0.0 0.0 1.0434207204248834E-30 6.281392736957737E-28 2.636651441662564E-30 -2.6283560377646506E-20 -6.0586561015349025E-18 
292.0000640475343 0.0 0.0 0.0 0.0 0.0 0.0 243.0 240.70884910031128 0.0 0.0 4.0535558902781727E-32 2.4402406459474405E-29 1.0137727196437684E-31 -2.6283560377646506E-20 -6.0586561015349025E-18 
293.000581460748 0.0 0.0 0.0 0.0 0.0 0.0 243.0 235.06754958096397 0.0 0.0 2.0775263167035614E-34 1.250670842655556E-31 5.32047424191483E-34 -2.6283560377646506E-20 -6.0586561015349025E-18 
294.00025527892575 0.0 0.0 0.0 0.0 0.0 0.0 244.0 240.11043097045325 0.0 0.0 -1.5445485565311744E-40 -9.298182310317688E-38 -3.872460797616025E-40 -2.6283560377646506E-20 -6.0586561015349025E-18 
295.0004405892104 0.0 0.0 0.0 0.0 0.0 0.0 243.0 231.0452684650733 0.0 0.0 -1.3313952288030707E-42 -8.01499927739439E-40 -3.469016842734438E-42 -2.6283560377646506E-20 -6.0586561015349025E-18 
296.00055180364313 0.0 0.0 0.0 0.0 0.0 0.0 244.0 225.41892076172425 0.0 0.0 8.799870117787185E-47 5.297521810907895E-44 2.3500785972210213E-46 2.636651441662564E-30 6.281392736957737E-28 
297.0006458238289 0.0 0.0 0.0 0.0 0.0 0.0 242.0 238.69168320692705 0.0 0.0 1.0425147772619268E-46 6.275938959116777E-44 2.629307764224038E-46 1.0137727196437684E-31 2.4402406459474405E-29 
298.00008620557617 0.0 0.0 0.0 0.0 0.0 0.0 242.0 241.16805941049154 0.0 0.0 4.530924358587983E-47 2.727616463869981E-44 1.1310023684468565E-46 1.0137727196437684E-31 2.4402406459474405E-29 
299.00017914787713 0.0 0.0 0.0 0.0 0.0 0.0 243.0 237.46575436927853 0.0 0.0 8.85607729899419E-50 5.331358533994502E-47 2.2451062672825685E-49 1.0137727196437684E-31 2.4402406459474405E-29 
300.0001211177865 0.0 0.0 0.0 0.0 0.0 0.0 245.0 232.9021503129744 0.0 0.0 0.0 0.0 0.0 -3.469016842734438E-42 -8.01499927739439E-40 
#####################################################################
# End of data export. Simulation finished at: 2021-12-09T08:55+0000 #
#####################################################################
