#####################################################################
# Alchemist log file - simulation started at: 2021-12-09T08:43+0000 #
#####################################################################
# random = 19.0
#
# The columns have the following meaning: 
# time localWarningInSystem[Min] localWarningInSystem[Max] localWarningInSystem[Mean] localWarningInSystem[Sum] meanWarningAtDetector[Sum] dataAtCollector[Sum] inSurveillanceArea[Sum] numDevicesAtDetector[Sum] localWarningInSurveillanceArea[Mean] localWarningInSurveillanceArea[Sum] sumWarningAtDetector[Mean] sumWarningAtDetector[Sum] meanWarningOverallAtDetector[Sum] meanWarningAtCollector[Sum] sumWarningAtCollector[Sum] 
0.0 0.0 0.0 0.0 0.0 0.0 0.0 0.0 0.0 0.0 0.0 0.0 0.0 0.0 0.0 0.0 
1.004337754240159 0.0 0.0 0.0 0.0 0.0 0.0 69.0 1.0 0.0 0.0 0.0 0.0 0.0 0.0 0.0 
2.0 0.0 0.0 0.0 0.0 0.0 0.0 242.0 14.108739667618945 0.0 0.0 0.0 0.0 0.0 0.0 0.0 
3.0006542964323732 0.0 0.0 0.0 0.0 0.0 0.0 278.0 57.11405882720113 0.0 0.0 0.0 0.0 0.0 0.0 0.0 
4.001250047739465 0.0 0.0 0.0 0.0 0.0 0.0 282.0 121.68654510664624 0.0 0.0 0.0 0.0 0.0 0.0 0.0 
5.000176074376318 0.0 0.0 0.0 0.0 0.0 0.0 281.0 193.63572903629552 0.0 0.0 0.0 0.0 0.0 0.0 0.0 
6.000301334075228 0.0 0.0 0.0 0.0 0.0 0.0 282.0 237.04388768201215 0.0 0.0 0.0 0.0 0.0 0.0 0.0 
7.00014150209955 0.0 0.0 0.0 0.0 0.0 0.0 282.0 264.33224070373535 0.0 0.0 0.0 0.0 0.0 0.0 0.0 
8.00028343222476 0.0 0.0 0.0 0.0 0.0 0.0 282.0 273.63420626229504 0.0 0.0 0.0 0.0 0.0 0.0 0.0 
9.000232527185277 0.0 0.0 0.0 0.0 0.0 0.0 282.0 275.7745041724495 0.0 0.0 0.0 0.0 0.0 0.0 0.0 
10.000150125740912 0.0 0.0 0.0 0.0 0.0 0.0 282.0 277.1554990413835 0.0 0.0 0.0 0.0 0.0 0.0 0.0 
11.000046862243805 0.0 0.0 0.0 0.0 0.0 0.0 281.0 276.7615013412735 0.0 0.0 0.0 0.0 0.0 0.0 0.0 
12.000685437850368 0.0 0.0 0.0 0.0 0.0 0.0 280.0 275.4799270593287 0.0 0.0 0.0 0.0 0.0 0.0 0.0 
13.000219967772288 0.0 0.0 0.0 0.0 0.0 0.0 281.0 277.6086432809163 0.0 0.0 0.0 0.0 0.0 0.0 0.0 
14.000563309151683 0.0 0.0 0.0 0.0 0.0 0.0 279.0 278.8936863657438 0.0 0.0 0.0 0.0 0.0 0.0 0.0 
15.0000484264915 0.0 0.0 0.0 0.0 0.0 0.0 280.0 279.31338527025815 0.0 0.0 0.0 0.0 0.0 0.0 0.0 
16.00009466715415 0.0 0.0 0.0 0.0 0.0 0.0 283.0 273.8823581039649 0.0 0.0 0.0 0.0 0.0 0.0 0.0 
17.000520082988775 0.0 0.0 0.0 0.0 0.0 0.0 285.0 276.26454195002384 0.0 0.0 0.0 0.0 0.0 0.0 0.0 
18.000181720267502 0.0 0.0 0.0 0.0 0.0 0.0 285.0 272.04469617388054 0.0 0.0 0.0 0.0 0.0 0.0 0.0 
19.00067536117915 0.0 0.0 0.0 0.0 0.0 0.0 286.0 276.8205562748136 0.0 0.0 0.0 0.0 0.0 0.0 0.0 
20.00070701315694 0.0 0.0 0.0 0.0 0.0 0.0 285.0 279.6489641490306 0.0 0.0 0.0 0.0 0.0 0.0 0.0 
21.00078341635751 0.0 0.0 0.0 0.0 0.0 0.0 285.0 279.17829212439966 0.0 0.0 0.0 0.0 0.0 0.0 0.0 
22.000079339831515 0.0 0.0 0.0 0.0 0.0 0.0 285.0 276.04108817832184 0.0 0.0 0.0 0.0 0.0 0.0 0.0 
23.000100906614435 0.0 0.0 0.0 0.0 0.0 0.0 286.0 284.7220890009761 0.0 0.0 0.0 0.0 0.0 0.0 0.0 
24.000879973943647 0.0 0.0 0.0 0.0 0.0 0.0 286.0 282.1674902517319 0.0 0.0 0.0 0.0 0.0 0.0 0.0 
25.000165031036605 0.0 0.0 0.0 0.0 0.0 0.0 286.0 279.0805292063393 0.0 0.0 0.0 0.0 0.0 0.0 0.0 
26.000052909417292 0.0 0.0 0.0 0.0 0.0 0.0 286.0 281.1759619074161 0.0 0.0 0.0 0.0 0.0 0.0 0.0 
27.00030007301504 0.0 0.0 0.0 0.0 0.0 0.0 286.0 279.5880180998736 0.0 0.0 0.0 0.0 0.0 0.0 0.0 
28.000312635057842 0.0 0.0 0.0 0.0 0.0 0.0 286.0 282.6149875015154 0.0 0.0 0.0 0.0 0.0 0.0 0.0 
29.000150304243576 0.0 0.0 0.0 0.0 0.0 0.0 285.0 279.43440519848855 0.0 0.0 0.0 0.0 0.0 0.0 0.0 
30.000057201561088 0.0 0.0 0.0 0.0 0.0 0.0 286.0 277.5739429985619 0.0 0.0 0.0 0.0 0.0 0.0 0.0 
31.000018861988966 3.1423461755770903E-96 48.394131723167476 1.2697066552631004 764.3634064683852 0.0 0.0 284.0 276.7129587202996 2.691361192422194 764.3465786479029 0.009249732066720844 5.568338704165905 0.020123158416279163 0.0 0.0 
32.00099202229684 2.9381683509081863E-96 48.15677788187258 1.2671639593668342 762.832703538833 0.0 0.0 285.0 280.00135025145863 2.67654873568894 762.8163896713481 0.2071462161229945 124.70202210604228 0.44536221698235423 0.0 0.0 
33.00000557717517 3.360675289765647E-96 48.199335162335196 1.2645659285683786 761.2686889981628 0.0 0.0 283.0 280.1686438251908 2.689940251916701 761.2530912924262 0.674571320489206 406.0919349344981 1.449455333009629 0.0 0.0 
34.00059481348189 3.360675289765647E-96 48.0261295129542 1.2639430781623002 760.8937330537049 0.0 0.0 284.0 278.5230539623088 2.679149944806882 760.878584325155 1.0369404030211085 624.2381226187102 2.2412439966394504 0.0 0.0 
35.00038879637174 3.360675289765647E-96 47.96879921508824 1.2637990328792141 760.8070177932875 0.0 0.0 285.0 282.78928639662513 2.669447271278705 760.7924723144309 1.2198514192754706 734.3505544038278 2.596811794962653 0.0 0.0 
36.00193230524397 3.360675289765647E-96 47.67125334496427 1.2622648070667006 759.8834138541538 0.0 0.0 285.0 280.22571521147256 2.666207129243699 759.8690318344541 1.2729365757194666 766.3078185831098 2.734609198891026 0.020123158416279163 5.568338704165905 
37.000190671374526 3.360675289765647E-96 47.700924688209426 1.262486618675304 760.0169444425319 0.0 0.0 285.0 279.78947902551727 2.666677894009244 760.0031997926345 1.2783341357020865 769.5571496926648 2.750486374158765 0.44536221698235423 124.70202210604228 
38.00000956727881 2.8910016797572453E-96 47.700924688209426 1.2651124312486526 761.5976836116891 0.0 0.0 286.0 279.6010954721776 2.662881807694882 761.5841970007361 1.2605560689794564 758.8547535256284 2.714062161466532 1.449455333009629 406.0919349344981 
39.00007188999686 3.613193230940969E-96 47.700924688209426 1.264770713540255 761.3919695512341 0.0 0.0 286.0 280.41786682074553 2.66216323496751 761.3786852007081 1.25374973238746 754.7573388972453 2.6915451124935514 1.449455333009629 406.0919349344981 
40.00052874046996 6.179905894544881E-96 47.60561817712015 1.263059026086993 760.3615337043697 0.0 0.0 286.0 283.43180061417877 2.658560884833047 760.3484130622505 1.2639618060649311 760.9050072510836 2.6846140962384974 1.449455333009629 406.0919349344981 
41.000041560881975 5.42980403487957E-96 47.60561817712015 1.2634959074315883 760.6245362738164 0.0 0.0 286.0 283.13685524310756 2.659483328891759 760.6122320630429 1.29354884667798 778.7164057001538 2.7503180574338537 1.449455333009629 406.0919349344981 
42.00012643459766 4.748325041142514E-96 47.491501688070976 1.2657457060595163 761.9789150478292 0.0 0.0 285.0 277.8798075099685 2.6735678056865826 761.9668246206763 1.2519204680518763 753.6561217672362 2.7121658407662457 1.449455333009629 406.0919349344981 
43.000168752117254 4.748325041142514E-96 47.42743141796386 1.2656308012835258 761.9097423726821 0.0 0.0 284.0 283.6628359301905 2.6827391719943567 761.8979248463979 1.2752043597378682 767.6730245621909 2.7062869270302135 1.449455333009629 406.0919349344981 
44.000409338563955 4.170316503136969E-96 47.44930577637514 1.2658439259710952 762.0380434345998 0.0 0.0 285.0 281.3420532589848 2.673776970139421 762.0264364897349 1.252948199517766 754.2748161096873 2.6809885240133373 1.449455333009629 406.0919349344981 
45.000271783317324 3.823768204877836E-96 47.25988764223681 1.2661138505313223 762.2005380198565 0.0 0.0 285.0 282.79425805611453 2.6743480340847032 762.18918971414 1.2508543218109518 753.0143017301918 2.6627637594422873 1.449455333009629 406.0919349344981 
46.000156842923715 3.5824719255959376E-96 47.25988764223681 1.2645046451397413 761.2317963741236 0.0 0.0 285.0 285.82995032574 2.6709492148385325 761.2205262289821 1.2786403842657643 769.7415113279856 2.6930050907918015 1.449455333009629 406.0919349344981 
47.000409370491255 3.741623883745469E-96 47.199014136297905 1.2625411937836646 760.0497986577658 0.0 0.0 285.0 287.7669244702089 2.666803238996501 760.0389231140026 1.28826211519408 775.5337933468419 2.695006713417925 1.449455333009629 406.0919349344981 
48.00000114160084 3.741623883745469E-96 47.452732794676216 1.2629534087557297 760.2979520709497 0.0 0.0 284.0 283.47660071023506 2.677067407652158 760.2871437732124 1.2813059025883644 771.3461533581897 2.7210223045769006 1.449455333009629 406.0919349344981 
49.00000454211186 3.3560668591224835E-96 47.40293357444577 1.2600866640919228 758.5721717833379 0.0 0.0 284.0 281.17720138400284 2.6709920054794782 758.5617295561718 1.2730401627932968 766.3701780015678 2.725577231117463 1.449455333009629 406.0919349344981 
50.00237107280028 2.9443940606299914E-96 47.46934415799065 1.2600737344473858 758.5643881373268 0.0 0.0 284.0 285.13557662632587 2.6709653932051145 758.5541716702521 1.3123875558496472 790.0573086214897 2.7708128111171155 1.7254647990035016E-11 9.583956642746998E-11 
51.00029684910252 3.366973114131495E-96 47.46934415799065 1.2605436178011988 758.8472579163224 0.0 0.0 284.0 278.9106411291315 2.671961712167883 758.8371262556784 1.274285022409397 767.1195834904519 2.75041346714085 2.6809885240133373 754.2748161096873 
52.00050782970967 3.366973114131495E-96 47.46934415799065 1.2609477640274211 759.0905539445075 0.0 0.0 285.0 277.6207073711912 2.663440853963818 759.0806433796877 1.2863467201157692 774.3807255097006 2.7893478582428624 2.6809885240133373 754.2748161096873 
53.000076443137935 4.116887795449532E-96 47.46934415799065 1.2652471896180715 761.6788081500782 0.0 0.0 285.0 277.1766280002935 2.6725237242351563 761.6692614070199 1.2425231669182502 747.9989464847756 2.6986364322318823 2.6809885240133373 754.2748161096873 
54.00071092855471 4.931219780000602E-96 47.46934415799065 1.2672084207962453 762.859469319339 0.0 0.0 283.0 279.04765907136067 2.6955844118980883 762.8503885671593 1.260848373371481 759.0307207696272 2.7200755716625484 2.6809885240133373 754.2748161096873 
55.000189942874044 6.4601532735779805E-96 47.665956833392336 1.2654302013535452 761.7889812148334 0.0 0.0 283.0 278.36813936661525 2.6918019239829967 761.7799444871882 1.2387663189921858 745.7373240332898 2.678960766595282 2.6809885240133373 754.2748161096873 
56.00022708132363 5.787708110430518E-96 48.16667779268094 1.2679419894952608 763.3010776761465 0.0 0.0 284.0 279.5549531091693 2.687649705468786 763.292516353135 1.2494244086119992 752.15349398442 2.690538964232538 2.6809885240133373 754.2748161096873 
57.000428559873825 4.9599039590171836E-96 48.221029744194745 1.2639218624360264 760.8809611864873 0.0 0.0 283.0 278.1375519363052 2.6885970622879114 760.8729686274794 1.2318776864312313 741.5903672316075 2.6662720012773935 2.6809885240133373 754.2748161096873 
58.00008395715544 5.932543513464934E-96 48.451970360687014 1.2683622752700128 763.5540897125492 0.0 0.0 284.0 282.47408483862677 2.688544243602708 763.5465651831694 1.2837284775684514 772.8045434961996 2.7358422771338167 2.6809885240133373 754.2748161096873 
59.000162354710156 9.470386416242904E-96 48.41134158503472 1.2636030369430669 760.6890282397261 0.0 0.0 284.0 274.102840349555 2.6784563674609414 760.6816083589069 1.221659588651004 735.4390723679154 2.683077167059022 2.6986364322318823 747.9989464847756 
60.00046599110522 1.6151878801429982E-95 48.64400437143691 1.2608106962064054 759.0080391162559 0.0 0.0 284.0 276.498446547603 2.6725376918273867 759.0007044789776 1.252196224414129 753.8221270973035 2.7263159576830485 2.7200755716625484 759.0307207696272 
61.00044288014744 1.4457753163380474E-95 48.75520175009559 1.2623393501584768 759.928288795402 0.0 0.0 284.0 278.88399737687155 2.6757792814014785 759.9213159180198 1.2737785696940143 766.8146989558072 2.7495830028553687 2.6986364322318823 747.9989464847756 
62.001234313145154 1.4457753163380474E-95 48.75520175009559 1.2607719342079142 758.9847043931659 0.0 0.0 284.0 278.77069628162843 2.6724573411770933 758.9778848942942 1.2503178236264907 752.6913298231406 2.7000374855136613 2.6986364322318823 747.9989464847756 
63.00109331206776 1.4457753163380474E-95 48.64400437143691 1.2601929429554324 758.6361516591693 0.0 0.0 284.0 278.95187468079945 2.6712307708244953 758.6295389141567 1.2603332064432333 758.720590278823 2.719897800102673 2.6986364322318823 747.9989464847756 
64.00016831987155 1.2374481114049132E-95 48.605914821729776 1.2590055715828241 757.9213540928594 0.0 0.0 284.0 281.58670179153586 2.668714288872972 757.914858039924 1.2756745165944077 767.9560589898232 2.7272454775167474 2.6986364322318823 747.9989464847756 
65.00061807461886 2.409416537843855E-95 48.616717336357226 1.260034666395954 758.5408691703641 0.0 0.0 285.0 282.83000885244763 2.661525188696874 758.5346787786091 1.2683815275684476 763.5656795961963 2.699733605688739 2.6986364322318823 747.9989464847756 
66.00037014021952 2.254213844442763E-95 48.61806781948132 1.2609407341641872 759.0863219668413 0.0 0.0 285.0 284.23483666337995 2.6634396554668647 759.0803018080563 1.2741741384634098 767.0528313549763 2.6986587582274404 2.7263159576830485 753.8221270973035 
67.00003091163292 2.108446213345041E-95 48.61806781948132 1.260760181947969 758.9776295326776 0.0 0.0 285.0 279.4696964165536 2.663058915432304 758.9717908982066 1.2576487450753004 757.1045445353249 2.709075632324908 2.7263159576830485 753.8221270973035 
68.00016493033522 2.204562468232342E-95 48.75872308625862 1.2609984336240154 759.1210570416561 0.0 0.0 285.0 279.47040641302436 2.663562493903457 759.1153107624856 1.2718023517152945 765.6250157325973 2.739556669199148 2.7263159576830485 753.8221270973035 
69.00025846959144 2.204562468232342E-95 48.86529593139539 1.2628522179058748 760.2370351793362 0.0 0.0 284.0 279.79302797419285 2.6768710980974952 760.2313918596888 1.2877343257363665 775.2160640932888 2.770676845331514 2.7263159576830485 753.8221270973035 
70.0009002122407 1.7633152974459562E-95 48.821879411874875 1.261792245155951 759.5989315838838 0.0 0.0 284.0 278.1516510892863 2.6746242647197747 759.5932911804159 1.255369555661624 755.7324725082897 2.71697999831646 2.7272454775167474 767.9560589898232 
71.00017912712379 1.7633152974459562E-95 48.82920324304255 1.26218639643778 759.8362106555442 0.0 0.0 283.0 279.809288356255 2.684914196770956 759.830717686181 1.2587519084860566 757.7686489085997 2.708161167058199 2.699733605688739 763.5656795961963 
72.00027560716983 2.5095027292464518E-95 48.82920324304255 1.2624519151378255 759.9960529129712 0.0 0.0 283.0 280.8973475355733 2.6854796054194017 759.9907283336903 1.2696188433072448 764.3105436709646 2.720960345039111 2.699733605688739 763.5656795961963 
73.00011402589413 2.4013985200737274E-95 48.82920324304255 1.2628900050607674 760.259783046582 0.0 0.0 283.0 274.12581343136003 2.6864125981602553 760.2547652793519 1.2256497488981455 737.8411488366847 2.6916149909444305 2.699733605688739 763.5656795961963 
74.00033182766697 2.4013985200737274E-95 48.82920324304255 1.262106885087374 759.7883448225995 0.0 0.0 283.0 276.0088549776894 2.6847470002349234 759.7834010664834 1.2625532622685145 760.0570638856448 2.753741592627825 2.699733605688739 763.5656795961963 
75.00019205089845 2.4013985200737274E-95 48.96394037784316 1.2628417124991407 760.2307109244824 0.0 0.0 283.0 274.8520433485295 2.6863103966975523 760.2258422654073 1.2591225646160031 757.9917838988412 2.757817532168245 2.699733605688739 763.5656795961963 
76.00004372358183 2.0513792986793845E-95 49.179583161706574 1.2634744582869721 760.611623888756 0.0 0.0 283.0 279.5407418314281 2.687656768551313 760.6068655000213 1.2678818083614536 763.2648486335985 2.7304243511447477 2.699733605688739 763.5656795961963 
77.00086322682624 2.098140097336303E-95 49.164285226785736 1.2617025909483692 759.5449597509169 0.0 0.0 283.0 279.1217221047723 2.683888168510633 759.5403516885088 1.26983815511582 764.4425693797237 2.7387426661575964 2.699733605688739 763.5656795961963 
78.00024881677477 2.7373952780938353E-95 49.068508283399495 1.264612834022036 761.2969260812648 0.0 0.0 282.0 278.7902169454636 2.6996185736727014 761.292437775702 1.2823726458029032 771.9883327733452 2.769065361157777 2.699733605688739 763.5656795961963 
79.00108340649578 2.7373952780938353E-95 49.068508283399495 1.2646160931011392 761.2988880468858 0.0 0.0 282.0 276.3779339208655 2.6996265038035845 761.2946740726111 1.2644372920782583 761.191249831107 2.7541679577395524 2.699733605688739 763.5656795961963 
80.00048916522825 3.341289598889111E-95 48.93457082540723 1.2661762932354588 762.2381285277464 0.0 0.0 282.0 275.4570694216277 2.702957138071623 762.2339129361976 1.2304147155266303 740.7096587470364 2.6890203264787913 2.699733605688739 763.5656795961963 
81.00046251062369 3.341289598889111E-95 48.82377807743891 1.2651119856108772 761.5974153377472 0.0 0.0 282.0 280.2195145085672 2.7006853137503195 761.59325847759 1.26428484754464 761.0994782218808 2.716083066365499 2.699733605688739 763.5656795961963 
82.00047213962381 4.160266198517585E-95 48.82377807743891 1.2691288053363161 764.015540812463 0.0 0.0 282.0 277.2610910242 2.7092605450445406 764.0114737025601 1.2308794739728242 740.989443331629 2.6725331008199547 2.720960345039111 764.3105436709646 
83.0002542012233 4.3524313400086726E-95 48.86285272757988 1.2694639464839461 764.2172957833365 0.0 0.0 282.0 278.1462372045415 2.709977047171159 764.2135273022666 1.2400273388649856 746.4964579967153 2.6838272755340613 2.720960345039111 764.3105436709646 
84.00038298672123 4.3524313400086726E-95 49.002854963903296 1.269873274476489 764.4637112348453 0.0 0.0 281.0 276.1000621141544 2.7204986771871296 764.4601282895829 1.2697671910329345 764.3998490018341 2.7685609454364797 2.720960345039111 764.3105436709646 
85.0000637772669 5.185163032794978E-95 49.1296093264449 1.2666090100675695 762.4986240606768 0.0 0.0 281.0 275.4702633032707 2.7135056405967806 762.4950850076954 1.2736751067345624 766.7524142542094 2.7834307959769737 2.720960345039111 764.3105436709646 
86.00041468487282 9.013450404009372E-95 49.324055060792176 1.2676980997802458 763.1542560677082 0.0 0.0 282.0 277.1677024496576 2.7062085117702446 763.150800319209 1.2788429038299212 769.8634281056176 2.7776087231716655 2.720960345039111 764.3105436709646 
87.00033558943792 7.868897400720961E-95 49.324055060792176 1.2687015344369716 763.7583237310566 0.0 0.0 282.0 276.31068497448103 2.7083507852793076 763.7549214487643 1.2583690262287826 757.5381537897356 2.7416172988739063 2.753741592627825 760.0570638856448 
88.00043190568118 7.02479286092384E-95 49.324055060792176 1.2681431796076128 763.4221941237843 0.0 0.0 282.0 274.8016054963325 2.7071594328003505 763.418960049699 1.2427021538868772 748.1066966398935 2.7223519865857466 2.753741592627825 760.0570638856448 
89.00019733652071 7.02479286092384E-95 49.42939203105418 1.2713939384321042 765.3791509361259 0.0 0.0 282.0 273.6672078087048 2.7140994262896325 765.3760382136763 1.2504324629439032 752.7603426922241 2.7506413673735017 2.753741592627825 760.0570638856448 
90.00040177261835 7.02479286092384E-95 49.4145654375663 1.27106067144486 765.1785242098052 0.0 0.0 282.0 275.7416693612075 2.713388341346006 765.1755122595735 1.2654550364813373 761.8039319617586 2.7627450494754 2.753741592627825 760.0570638856448 
91.00006766009854 7.02479286092384E-95 49.4145654375663 1.2728763692267921 766.2715742745294 0.0 0.0 282.0 278.25268143712333 2.717264763987472 766.2686634444674 1.2614540848756532 759.3953590951367 2.729157380166117 2.753741592627825 760.0570638856448 
92.00000391326843 1.1166124733873606E-94 49.30350765231313 1.2735635732076904 766.6852710710284 0.0 0.0 283.0 277.2379377513894 2.7091253013899923 766.682460293368 1.2475710894372976 751.0377958412578 2.709000802461401 2.753741592627825 760.0570638856448 
93.00000641014253 1.454812901605968E-94 49.204999178217335 1.2719913999235122 765.7388227539559 0.0 0.0 283.0 280.2084201296938 2.7057809630680367 765.7360125482546 1.2705041542258921 764.8435008439964 2.729552168667845 2.753741592627825 760.0570638856448 
94.0000988292362 1.454812901605968E-94 49.01211193308059 1.2722507792224556 765.8949690919168 0.0 0.0 282.0 279.03125214042376 2.7159300283013605 765.8922679809834 1.267705442627338 763.1586764616656 2.735029394046522 2.753741592627825 760.0570638856448 
95.00011781387646 1.8951107923216025E-94 49.145169499585336 1.2715565886402231 765.4770663614145 0.0 0.0 282.0 277.756070801147 2.7144482608882767 765.474409570494 1.2618359161819739 759.6252215415559 2.734864513853927 2.753741592627825 760.0570638856448 
96.00004806164613 1.773923870883328E-94 49.145169499585336 1.272873462895601 766.2698246631522 0.0 0.0 282.0 277.8342955539202 2.7172596584081155 766.2672236710887 1.2611830165597402 759.2321759689598 2.7326798315351 2.7627450494754 761.8039319617586 
97.00039373065773 1.5126547072052247E-94 49.11650984399383 1.2755656549339023 767.8905242702085 0.0 0.0 282.0 278.92318574634635 2.7230071693637936 767.8880217605896 1.2828004134949393 772.2458489239498 2.768668538105085 2.729157380166117 759.3953590951367 
98.00002687172235 1.5126547072052247E-94 49.208279620773745 1.2761260109833243 768.2278586119603 0.0 0.0 282.0 279.0891970328732 2.724203408721328 768.2253612594145 1.3011776072411965 783.3089195591912 2.8066615543951965 2.729157380166117 759.3953590951367 
99.00024593126689 1.3806816168264797E-94 49.247661995314274 1.2779387674225238 769.3191379883597 0.0 0.0 282.0 276.9747568633941 2.7280735067184287 769.316728894597 1.2753156030676596 767.7399930467257 2.771877126063804 2.729157380166117 759.3953590951367 
100.00062125937991 1.3806816168264797E-94 49.24109607812505 1.276407007238073 768.3970183573206 0.0 0.0 282.0 272.4996103830483 2.724803835518123 768.3946816161107 1.2446309084374216 749.2678068793322 2.749610562107221 2.729157380166117 759.3953590951367 
101.0003143897348 1.2035922609318053E-94 49.24465250793018 1.2792805287688562 770.1268783188507 0.0 0.0 281.0 277.92267237195387 2.7406568013066406 770.124561167166 1.2797777948970306 770.4262325280057 2.772088458824679 2.729157380166117 759.3953590951367 
102.00049064900553 1.0487971847170134E-94 49.06087599791636 1.2796701305203637 770.3614185732583 0.0 0.0 282.0 278.897739478588 2.7317701287501484 770.3591763075422 1.2731363124880546 766.4280601178135 2.748061212509953 2.729157380166117 759.3953590951367 
103.00022821768636 1.0487971847170134E-94 49.07314275019118 1.2784487045280597 769.626120125892 0.0 0.0 282.0 274.7339116637746 2.729162920254598 769.6239435117965 1.2398796085671522 746.4075243574192 2.716837975469476 2.768668538105085 772.2458489239498 
104.00012975161856 1.820246163932131E-94 48.87398386722971 1.2793759008624799 770.1842923192123 0.0 0.0 282.0 277.1018116749171 2.731142441749012 770.1821685732216 1.2537093105410915 754.733004945745 2.7236668009632594 2.768668538105085 772.2458489239498 
105.00008778464408 2.369983179817064E-94 48.872626275418504 1.279606142242771 770.322897630148 0.0 0.0 282.0 278.4495599467341 2.731634044998668 770.3208006896243 1.2691690270527047 764.039754285734 2.7439072068632133 2.771877126063804 767.7399930467257 
106.00004961183525 2.369983179817064E-94 48.76603744321496 1.2782804397354122 769.5248247207174 0.0 0.0 282.0 279.08586649285905 2.7288042786261686 769.5228065725789 1.2691829645037391 764.0481446312554 2.7376812528441135 2.749610562107221 749.2678068793322 
107.00078178755223 2.369983179817064E-94 48.802083441701235 1.2839978513023378 772.9667064840082 0.0 0.0 282.0 277.9865558542874 2.7410096393110384 772.9647182857126 1.2657151429288105 761.9605160431403 2.740997720920497 2.749610562107221 749.2678068793322 
108.00094071621237 2.1617699393238045E-94 48.802083441701235 1.2849902660585326 773.5641401672365 0.0 0.0 282.0 280.68705949156384 2.74312817452255 773.5621452153597 1.2981233965032821 781.4702846949833 2.7841336401846863 2.749610562107221 749.2678068793322 
109.00037842482148 3.0758206597922466E-94 48.7977456715191 1.283867769407614 772.8883971833848 0.0 0.0 282.0 273.5104057601404 2.7407320233485275 772.886430584285 1.2427345289876652 748.1261864505715 2.7352750414426774 2.768668538105085 772.2458489239498 
110.00066469336792 2.741301638436328E-94 48.7977456715191 1.2822867397384896 771.9366173225715 0.0 0.0 282.0 276.825911947061 2.7373569800620254 771.9346683774914 1.2610696923571303 759.1639547989987 2.74238762354074 2.768668538105085 772.2458489239498 
111.00058759293911 2.741301638436328E-94 48.53467839937415 1.2829502929011103 772.3360763264675 0.0 0.0 282.0 280.66534702964105 2.738773837233285 772.3342220997861 1.2796274824237721 770.3357444191022 2.7446770774225544 2.768668538105085 772.2458489239498 
112.00000035831316 2.8706019512646324E-94 48.53467839937415 1.2867971684875585 774.6518954295099 0.0 0.0 282.0 278.95731571774553 2.746985999224456 774.6500517812971 1.278760960439279 769.8140981844479 2.7596125099058555 2.768668538105085 772.2458489239498 
113.00011017621759 2.8706019512646324E-94 48.49586618360871 1.2847252896947197 773.4046243962213 0.0 0.0 282.0 276.61241733555653 2.7425631859945727 773.4028184504696 1.2809449576431722 771.1288645011937 2.7877593924705946 2.768668538105085 772.2458489239498 
114.00018297947119 3.7360647736864454E-94 48.19933516241034 1.285777591899017 774.0381103232088 0.0 0.0 282.0 277.4689296033089 2.7448099783076296 774.0364138827517 1.2849515730248275 773.5408469609498 2.7878467259987048 2.768668538105085 772.2458489239498 
115.00025403314211 3.7360647736864454E-94 47.9815926006454 1.2850589799330145 773.6055059196746 0.0 0.0 282.0 277.5975430858912 2.7432759964227387 773.6038309912127 1.2776564782971578 769.149199934882 2.770734896947198 2.768668538105085 772.2458489239498 
116.00043306487157 5.545385781914009E-94 47.9815926006454 1.2843073669509564 773.1530349044758 0.0 0.0 282.0 278.2576720987808 2.7416715651026404 773.1513813589454 1.2890740871717088 776.0226004773621 2.7888632670005085 2.7841336401846863 781.4702846949833 
117.00006691249511 5.545385781914009E-94 48.038938188664545 1.2844385920008512 773.2320323845128 0.0 0.0 282.0 273.6212257857565 2.7419517680446193 773.2303985885827 1.290972181192954 777.1652530781588 2.8402959267738743 2.7841336401846863 781.4702846949833 
118.00062339050102 8.494429840694279E-94 47.99652252971329 1.2869378542258607 774.7365882439692 0.0 0.0 283.0 274.52787933583215 2.7375795576775945 774.7350148227591 1.2512506452788479 753.2528884578594 2.7438119956348737 2.7841336401846863 781.4702846949833 
119.00016833530695 9.686604669322437E-94 47.92617922772001 1.2872807111856241 774.9429881337463 0.0 0.0 283.0 276.64508977254474 2.7383090576913833 774.9414633266614 1.2732642587892697 766.5050837911363 2.770716387633521 2.7841336401846863 781.4702846949833 
120.00015151927455 8.82931382793003E-94 48.111050666771035 1.2879029243763878 775.3175604745846 0.0 0.0 283.0 273.597029587238 2.7396326555906527 775.3160415321547 1.2695647073574918 764.2779538292156 2.793443901720143 2.7841336401846863 781.4702846949833 
121.00051889787552 1.4923933377948616E-93 48.070173649001866 1.2881217388292447 775.4492867752057 0.0 0.0 283.0 277.3625183270708 2.7400984757783045 775.4478686452599 1.273242938557946 766.4922490118787 2.763503351624524 2.7841336401846863 781.4702846949833 
122.00087103127639 1.3089503320913454E-93 48.23067491453978 1.2879224745685292 775.3293296902547 0.0 0.0 283.0 276.6728952705959 2.739674699147184 775.3279398586527 1.2573521562211871 756.9259980451513 2.735815509881627 2.7841336401846863 781.4702846949833 
123.00024758391206 1.3089503320913454E-93 48.191302609338976 1.285601450250773 773.9320730509644 0.0 0.0 283.0 275.03444544684635 2.7347375848183306 773.9307365035876 1.2829723506473805 772.3493550897163 2.8081913661210187 2.7438119956348737 753.2528884578594 
124.00071631646996 1.3089503320913454E-93 48.492094429702476 1.2849958324429183 773.5674911306362 0.0 0.0 282.0 279.18420712073214 2.743142503250363 773.5661859166016 1.2781779150206636 769.463104842443 2.7561125780646027 2.7888632670005085 776.0226004773621 
125.00025178410127 1.3089503320913454E-93 48.492094429702476 1.2858014503532296 774.0524731126444 0.0 0.0 282.0 277.6940414734788 2.7448622863366667 774.0511647469397 1.277377370986161 768.9811773336761 2.7691670057209983 2.7888632670005085 776.0226004773621 
126.00245068785824 1.3089503320913454E-93 48.69618952594887 1.2847686825971094 773.430746923461 0.0 0.0 283.0 278.04799726074725 2.7329663441054692 773.4294753818476 1.295450779737825 779.8613694021769 2.8047724748430403 2.7236668009632594 754.733004945745 
127.00067256504401 1.5935149065770485E-93 48.96720474935097 1.2848280275776318 773.4664726017343 0.0 0.0 282.0 279.0259585052539 2.7427845065113416 773.4652308361981 1.277582418476277 769.1046159227234 2.756390910877353 2.7236668009632594 754.733004945745 
128.00000257206767 2.6913181664432787E-93 48.94843758481366 1.2838403223730015 772.8718740685482 0.0 0.0 282.0 272.1777546632514 2.740676254682149 772.8707038203662 1.2369807410224742 744.6624060955246 2.7359414696357134 2.7236668009632594 754.733004945745 
129.000136517852 2.520756049369976E-93 48.84005538287909 1.2851068560908592 773.6343273666985 0.0 0.0 282.0 278.91019561732674 2.7433800287120316 773.6331680967938 1.2812720833483018 771.3257941756808 2.7654987386476297 2.7236668009632594 754.733004945745 
130.00030319944344 3.4966622691396142E-93 49.02082597194433 1.2860674624779254 774.2126124117118 0.0 0.0 282.0 276.5880355425004 2.745430876544311 774.2115071854961 1.2787144837446363 769.7861192142774 2.78315046312259 0.0 0.0 
131.0000184787619 3.4966622691396142E-93 48.95632435730356 1.288990860983857 775.9724983122824 0.0 0.0 280.0 274.99779177743613 2.771326505332898 775.9714214932116 1.2687478648612438 763.7862146464677 2.777426719355705 0.0 0.0 
132.00004108545565 4.849041702509452E-93 48.86285272763293 1.2910357015523755 777.20349233453 0.0 0.0 281.0 272.8104037564487 2.7658450138225645 777.2024488841408 1.2665026386287805 762.4345884545295 2.79474161526183 0.0 0.0 
133.00055506893244 4.542188190124488E-93 48.838156084282495 1.2912637195904946 777.3407591934792 0.0 0.0 281.0 268.193546535241 2.7663337581129763 777.3397860297466 1.224637044861256 737.2315010064697 2.748878601035228 0.0 0.0 
134.0000914643202 5.607334892463504E-93 48.838156084282495 1.2894748134738057 776.2638377112307 0.0 0.0 281.0 274.9465216032393 2.7625012717879662 776.262857372419 1.2787589730072189 769.8129017503344 2.7998641236175024 0.0 0.0 
135.0001332657619 5.874037456837631E-93 48.83761344107398 1.294456365751976 779.2627321826889 0.0 0.0 281.0 273.5762310270982 2.773173784414318 779.2618334204237 1.2825472838582823 772.0934648826889 2.8222242187634046 0.0 0.0 
136.0000059679515 4.991390018409697E-93 48.93103678961828 1.2970289157009682 780.8114072519842 0.0 0.0 281.0 271.4771351715119 2.7786851629762976 780.8105307963399 1.2688084533633164 763.8226889247076 2.813580187672693 0.0 0.0 
137.00035519231497 6.9184147013610685E-93 48.93103678961828 1.294964070511025 779.5683704476377 0.0 0.0 281.0 274.38410280606 2.7742615675566196 779.5675004834104 1.2795918043560779 770.3142662223576 2.807430380785692 0.0 0.0 
138.0000575294663 7.248281685010911E-93 48.97455038093971 1.2966891273460333 780.6068546623114 0.0 0.0 284.0 271.4234484094275 2.7486127762490433 780.6060284547284 1.2475496676722562 751.024899938703 2.7669860667521355 0.0 0.0 
139.0001375953127 7.248281685010911E-93 49.02463885103815 1.2985955526032977 781.7545226671857 0.0 0.0 284.0 272.52643669540424 2.7526539060979913 781.7537093318298 1.2668829355799494 762.663527219124 2.7984937405229915 0.0 0.0 
140.00015582169044 6.014580796664637E-93 49.02463885103815 1.2987158107324523 781.8269180609357 0.0 0.0 283.0 274.85769471589447 2.762636460713544 781.8261183819333 1.2824904858215418 772.0592724645678 2.808941817192361 0.0 0.0 
141.0001282749513 6.014580796664637E-93 48.89543882352721 1.3020088279065622 783.8093143997503 0.0 0.0 282.0 276.5745094196261 2.77946282829359 783.8085175787924 1.277749975271673 769.2054851135578 2.781187198804713 1.2833189094146324E-9 4.6784584502577E-9 
142.00031120987245 6.3021936109130855E-93 49.012928808276655 1.303395703399105 784.644213446261 0.0 0.0 282.0 276.77018149709875 2.7824236059722467 784.6434568841736 1.2573250051570402 756.909653104545 2.734794799823764 2.7669860667521355 751.024899938703 
143.000368880735 6.3021936109130855E-93 48.86285272766282 1.30086968341842 783.1235494178894 0.0 0.0 282.0 282.59455544381586 2.7770312755799997 783.1228197135598 1.2958068688575806 780.0757350522741 2.7604061013389383 2.7984937405229915 762.663527219124 
144.0007072704805 6.3021936109130855E-93 48.89190761388746 1.302279348570087 783.9721678391912 0.0 0.0 284.0 275.8337216361356 2.760463702490975 783.9716915074365 1.2845361186023538 773.2907433986089 2.8034670264815946 2.808941817192361 772.0592724645678 
145.00045621388188 6.3021936109130855E-93 48.86285272766282 1.3039975736523848 785.0065393387351 0.0 0.0 284.0 274.0290726158494 2.764105882600544 785.0060706585547 1.2655963729090298 761.8890164912398 2.7803218440231054 2.7604061013389383 780.0757350522741 
146.0008548634871 4.987315380515812E-93 48.963668356678234 1.303642580780286 784.7928336297325 0.0 0.0 283.0 275.4325071257332 2.77311791377941 784.7923695995729 1.3185696026226286 793.7789007788298 2.8819361558382606 2.7604061013389383 780.0757350522741 
147.0006810807779 4.230992731817558E-93 48.963668356678234 1.3062148499553645 786.3413396731296 0.0 0.0 284.0 273.45584748199485 2.768805927650489 786.3408834527384 1.2699167569757377 764.4898876993863 2.7956611450765285 2.7604061013389383 780.0757350522741 
148.0004671194017 5.145829876082566E-93 48.85769525427972 1.304276336423029 785.1743545266638 0.0 0.0 283.0 279.7293429214868 2.7744660990537997 785.1739060322254 1.3064880709143973 786.5058186904636 2.8116672011459896 2.7604061013389383 780.0757350522741 
149.00021736157657 4.820837966993931E-93 48.85769525427972 1.3039733011384915 784.9919272853706 0.0 0.0 283.0 277.95087935945276 2.773821548470172 784.991498217058 1.2843615574373122 773.1856575772542 2.7817348855275683 2.7604061013389383 780.0757350522741 
150.0000995060154 3.992132474032678E-93 48.887833457988975 1.3033907229495763 784.6412152156441 0.0 0.0 283.0 279.1506296515286 2.7725822969088068 784.6407900251925 1.2815357252597666 771.4845066063874 2.7636853535650365 2.7604061013389383 780.0757350522741 
151.00005315291247 4.854998904401275E-93 48.996321685460124 1.3059597745578595 786.1877842838323 0.0 0.0 283.0 279.9617259846817 2.778047272772883 786.1873781947262 1.296147726425226 780.280931307988 2.787098588435912 2.7604061013389383 780.0757350522741 
152.00036107154207 7.661550907806675E-93 48.96149224199222 1.3012571411886091 783.3567989955432 0.0 0.0 282.0 278.23403937717194 2.777858994708785 783.3562365078769 1.294210020527359 779.1144323574663 2.8002124905403996 2.7817348855275683 773.1856575772542 
153.0000574762695 7.661550907806675E-93 48.96149224199222 1.3003988437517613 782.840103938561 0.0 0.0 282.0 278.3455976263452 2.7760267713908333 782.8395495322151 1.3054396393977123 785.8746629174246 2.823377375532963 2.7636853535650365 771.4845066063874 
154.00028392125046 7.307840150776373E-93 48.71891971762648 1.3021338671347085 783.8845880150956 0.0 0.0 283.0 279.31528134719065 2.769908829585603 783.884198772726 1.30318594372516 784.5179381225407 2.8087182854395283 2.787098588435912 780.280931307988 
155.00033314507144 6.340014772215567E-93 48.77714652797799 1.3031367748949363 784.4883384867519 0.0 0.0 282.0 278.7977077180599 2.7818722040398027 784.4879615392247 1.2684375049334027 763.5993779698983 2.7389012062541935 2.787098588435912 780.280931307988 
156.00037967272237 6.340014772215567E-93 48.67103632644098 1.3044144674527063 785.2575094065286 0.0 0.0 283.0 278.83469148467805 2.7747602523432384 785.2571514131367 1.2934514288840373 778.6577601881951 2.7925426210137925 2.787098588435912 780.280931307988 
157.0001609661277 7.481192538045304E-93 48.54789241584733 1.3039668743551245 784.9880583617851 0.0 0.0 283.0 276.75918375520865 2.7738081845718656 784.9877162338377 1.2890562423432494 776.0118578906325 2.8039245070798047 2.787098588435912 780.280931307988 
158.0000987326533 1.0357364007668155E-92 48.42909566488858 1.304639915556651 785.393229165104 0.0 0.0 283.0 274.3473957002216 2.7752399420386182 785.3929035969296 1.2603388261820003 758.7239733615562 2.7655592334858943 2.787098588435912 780.280931307988 
159.00005542236596 1.6324366618550826E-92 48.42290789801865 1.3071646372143488 786.9131116030389 0.0 0.0 283.0 274.95596844676743 2.7806105613242953 786.912788854776 1.2775839999031462 769.1055679417033 2.7971953919982107 2.787098588435912 780.280931307988 
160.0004965874109 1.556656808232398E-92 48.484551801522244 1.3069402172541822 786.7780107870177 0.0 0.0 283.0 278.20301319763536 2.7801332210678478 786.7777015622015 1.3290884402615641 800.1112410374596 2.8759977537305135 2.787098588435912 780.280931307988 
161.0000915386751 1.4843287830471101E-92 48.47485586081432 1.30372639835925 784.8432918122685 0.0 0.0 284.0 279.1605754904447 2.7635316627028548 784.8429922076111 1.3022241493835511 783.9389379289072 2.8082007516700376 2.787098588435912 780.280931307988 
162.00007936563253 1.5200711097726989E-92 48.47485586081432 1.3021557644512276 783.8977701996391 0.0 0.0 283.0 276.42243577830715 2.7699557565903707 783.8974791150753 1.2822109224621894 771.8909753222301 2.7924324346135654 2.787098588435912 780.280931307988 
163.00018209270712 1.3819736687152448E-92 48.47485586081432 1.3046119442200437 785.3763904204657 0.0 0.0 282.0 276.2638774762456 2.785021622201494 785.3760974608211 1.279174148653707 770.0628374895323 2.78741775625641 2.787098588435912 780.280931307988 
164.00010464880077 2.0401962524457137E-92 48.48859234921073 1.304201955397809 785.1295771494816 0.0 0.0 282.0 274.81209284019064 2.78414644991941 785.1292988772739 1.2742556630497712 767.1019091559583 2.7913688267060546 2.787098588435912 780.280931307988 
165.0000239561594 1.9451850549357818E-92 48.24032201422986 1.3036646358503625 784.8061107819184 0.0 0.0 283.0 274.526853276388 2.7731655366039973 784.8058468589312 1.2799437254187038 770.5261227020497 2.8067422676728087 2.8082007516700376 783.9389379289072 
166.00045235637805 1.685435155793687E-92 48.24032201422986 1.302013792789616 783.8123032593494 0.0 0.0 282.0 276.37927557003553 2.779475345084173 783.8120473137368 1.28096307458493 771.1397709001184 2.7901504890684494 2.7924324346135654 771.8909753222301 
167.00006803681148 2.3310745434227482E-92 48.25345588946154 1.2983781733837694 781.6236603770288 0.0 0.0 283.0 275.28528729976074 2.761920182537844 781.6234116582093 1.2863327779679576 774.3723323367063 2.8129811801147406 2.78741775625641 770.0628374895323 
168.00006059976533 2.1847260647458257E-92 48.24916688401418 1.3013491506809474 783.4121887099299 0.0 0.0 284.0 277.40908575523514 2.7584927443465355 783.4119393944154 1.2870818800071762 774.8232917643144 2.793071069229362 2.7913688267060546 767.1019091559583 
169.00023439839393 2.2376072801843312E-92 48.11826786559294 1.3013945534912663 783.4395212017413 0.0 0.0 284.0 275.0451097540577 2.7585889935440204 783.4392741665011 1.2649603871750368 761.506153079376 2.7686591256259976 2.7913688267060546 767.1019091559583 
170.00047817792623 2.2376072801843312E-92 48.09020706119145 1.3049282094170502 785.5667820690633 0.0 0.0 284.0 279.22714377277276 2.7660793570698776 785.5665374078446 1.2772599778869362 768.9105066879409 2.7537097443279324 2.7901504890684494 771.1397709001184 
171.00012787906758 2.2376072801843312E-92 48.095817912628746 1.3031508301952064 784.496799777514 0.0 0.0 283.0 280.3060538899997 2.772072684931568 784.4965698356333 1.3019816452424346 783.7929504359495 2.7962041474264154 2.8129811801147406 774.3723323367063 
172.00048038102437 2.2376072801843312E-92 48.07738471568221 1.3027489802797376 784.2548861284015 0.0 0.0 283.0 280.7306404358293 2.771217886711532 784.2546619393634 1.2982704810214551 781.5588295749243 2.784016836785497 2.793071069229362 774.8232917643144 
173.00016067203606 1.9851861180508126E-92 48.07738471568221 1.3028259881161017 784.301244845892 0.0 0.0 284.0 280.55493680747173 2.7616233376754553 784.3010278998288 1.2968573883047954 780.7081477594944 2.782728247962531 2.7686591256259976 761.506153079376 
174.00012682141707 2.5728173942281583E-92 48.015724978784306 1.3060061203319882 786.2156844398562 0.0 0.0 283.0 279.62467197637153 2.7781465536616388 786.2154746862436 1.2843132759301528 773.1565921099499 2.7649798805138417 2.7537097443279324 768.9105066879409 
175.0006195830786 3.2857717664982324E-92 48.0261295129542 1.3084037566715931 787.6590615162992 0.0 0.0 283.0 280.4815602859171 2.7832468280264213 787.658852331477 1.2983811444456395 781.6254489562759 2.786726685916547 2.7537097443279324 768.9105066879409 
176.00015489706126 3.079793878040785E-92 47.99332286800329 1.309809698435714 788.5054384582997 0.0 0.0 283.0 277.4762984413209 2.7862375559355224 788.505228329753 1.3059143360702523 786.1604303142939 2.8332525506878437 2.7537097443279324 768.9105066879409 
177.00006699294357 3.079793878040785E-92 47.91340061694286 1.3098758763302594 788.5452775508156 0.0 0.0 283.0 279.2445259765635 2.786378371712537 788.5450791946479 1.2969439135141065 780.7602359354837 2.795973289736077 2.7537097443279324 768.9105066879409 
178.0000297076438 2.7306976243560737E-92 47.928043059576744 1.3099588179575128 788.5952084104225 0.0 0.0 283.0 281.25921340030663 2.7865548051008484 788.5950098435401 1.3068395311083874 786.7173977272472 2.7971257837784647 2.7537097443279324 768.9105066879409 
179.00010992743648 2.8654135120149546E-92 47.928043059576744 1.3111387014790838 789.3054982904075 0.0 0.0 284.0 281.5149308046927 2.779244052777837 789.3053109889056 1.31160245101857 789.5846755131755 2.804770152887442 2.7537097443279324 768.9105066879409 
180.0003181256858 2.8654135120149546E-92 47.46169693502222 1.3081684803525653 787.5174251722441 0.0 0.0 283.0 278.148593235603 2.782746435053139 787.5172411200386 1.2958437183068265 780.097918420716 2.8046085344028393 2.7537097443279324 768.9105066879409 
181.00006336281348 2.8654135120149546E-92 47.46169693502222 1.3075962595489061 787.1729482484411 0.0 0.0 283.0 275.90463583014395 2.7815292636257034 787.1727816060736 1.2891107467803107 776.0446695617366 2.8127279095067306 2.7537097443279324 768.9105066879409 
182.00001013495816 3.236996861449327E-92 47.41662973324707 1.3104618273934407 788.8980200908513 0.0 0.0 283.0 271.47215162385845 2.787624951258148 788.8978612060564 1.2744533765841628 767.2209327036759 2.826149673601542 2.7537097443279324 768.9105066879409 
183.0001711254313 2.733748606361601E-92 47.409254386851025 1.3088309885265907 787.9162550930082 0.0 0.0 284.0 275.30730119743475 2.7743524802542754 787.9161043922145 1.2826047153988127 772.1280386700906 2.804604292409827 2.7537097443279324 768.9105066879409 
184.00001612072396 2.733748606361601E-92 47.38608219396363 1.3069608099565275 786.7904075938302 0.0 0.0 285.0 277.1301294933949 2.7606675744633455 786.7902587220535 1.292010099204551 777.7900797211345 2.806587941711593 2.7537097443279324 768.9105066879409 
185.00004622471644 2.869125032111416E-92 47.48728040903885 1.307814300731371 787.3042090402851 0.0 0.0 286.0 279.41357764073217 2.752811416029435 787.3040649844183 1.3028623136763229 784.3231128331439 2.8070329275180055 2.804770152887442 789.5846755131755 
186.00005862914745 2.869125032111416E-92 47.71391170775012 1.3083300603220693 787.6146963138866 0.0 0.0 285.0 275.37626849376704 2.7635598817537015 787.6145662998052 1.2677955866937158 763.2129431896188 2.7715276532875732 2.8046085344028393 780.097918420716 
187.00103622425343 2.869125032111416E-92 47.71391170775012 1.3099183726084185 788.5708603102689 0.0 0.0 284.0 275.90728508918187 2.776657262269218 788.5706624844588 1.2717639526927365 765.6018995210212 2.774852064067662 2.8046085344028393 780.097918420716 
188.0007034942861 2.869125032111416E-92 47.900891529004845 1.3117501081293557 789.6735650938726 0.0 0.0 284.0 281.7418436182409 2.7805400325715213 789.6733692503124 1.2982112034415585 781.5231444718233 2.7738980281920216 2.8046085344028393 780.097918420716 
189.00007255127753 3.716426811085784E-92 48.00959002819664 1.3087972653506115 787.8959537410681 0.0 0.0 284.0 279.66798980480456 2.7742808737024722 787.8957681315028 1.2787317740807491 769.7965279966223 2.7525371371028378 2.8046085344028393 780.097918420716 
190.00016225278094 3.716426811085784E-92 47.99145649744799 1.309913085098016 788.5676772290061 0.0 0.0 285.0 285.9635610210232 2.7669035055546067 788.5674990830632 1.308855801477234 787.9311924892854 2.7553552266449746 2.8046085344028393 780.097918420716 
191.0001600937513 5.477028295128128E-92 47.94641899812749 1.307482479356225 787.1044525724471 0.0 0.0 285.0 278.3241637067533 2.7617693975702498 787.1042783075208 1.2651005904574835 761.5905554553974 2.736343640855492 2.8046085344028393 780.097918420716 
192.00002382426382 4.853237487388147E-92 48.10650705996357 1.307200237997076 786.9345432742396 0.0 0.0 285.0 285.83324975974307 2.7611732339189694 786.9343716669063 1.3074668975540273 787.095072327527 2.753686189374816 2.8046085344028393 780.097918420716 
193.00006581645678 3.997229759067986E-92 48.23576619900617 1.3062319345115194 786.3516245759338 0.0 0.0 285.0 280.67943132589437 2.759127905795478 786.3514531517112 1.2865288079644042 774.4903423945705 2.759341283883808 2.8046085344028393 780.097918420716 
194.00047904115004 5.520468180802325E-92 48.441204452404264 1.308836863608325 787.9197918922121 0.0 0.0 286.0 279.4910164996574 2.7549637312815904 787.9196271465354 1.2919237356968931 777.7380888895268 2.7826944086787138 2.8046085344028393 780.097918420716 
195.0000166870995 4.5826332722384806E-92 48.441204452404264 1.3075374889836264 787.137568368143 0.0 0.0 287.0 277.77681892041426 2.7426390640387432 787.137411379119 1.283407415326454 772.6112640265244 2.7814101516076652 2.8046085344028393 780.097918420716 
196.00056169155226 4.695590059858462E-92 48.39413172331266 1.306433705407076 786.4730906550587 0.0 0.0 287.0 274.519173674319 2.740323817770066 786.4729357000082 1.2666906212986162 762.5477540217646 2.777757720218215 2.753686189374816 787.095072327527 
197.00000633530635 5.514000756376458E-92 48.39413172331266 1.3041368114044523 785.0903604654792 0.0 0.0 288.0 274.93732065030235 2.7260078233962632 785.0902531381233 1.2809028771273605 771.1035320306672 2.804652093818312 2.753686189374816 787.095072327527 
198.00000619062953 7.595508733471189E-92 48.41994881081978 1.3032160544319462 784.5360647680317 0.0 0.0 287.0 275.7446721253789 2.7335747654479734 784.5359576835681 1.2783253522955178 769.5518620818959 2.7908131683936466 2.753686189374816 787.095072327527 
199.0006628779028 7.783680813999125E-92 48.41994881081978 1.3033831204848825 784.6366385318994 0.0 0.0 287.0 279.01255327221196 2.7339252201531763 784.6365381839621 1.285807206183483 774.0559381224489 2.7742692185152675 2.753686189374816 787.095072327527 
200.00012857191018 7.783680813999125E-92 48.76739207424478 1.303141137448187 784.4909647438079 0.0 0.0 288.0 281.4017456058906 2.7239266372054876 784.4908715151801 1.2918084312614628 777.6686756193955 2.7635531327106184 2.777757720218215 762.5477540217646 
201.00005667031195 6.397712150075254E-92 48.98788415672295 1.3063302383721578 786.4108035000385 0.0 0.0 287.0 278.535769844633 2.740107010622822 786.4107120487497 1.2755560215479804 767.8847249718892 2.756862163162076 2.777757720218215 762.5477540217646 
202.00107202153026 7.502447784897048E-92 49.09223046153682 1.3090767454010026 788.0642007314034 0.0 0.0 287.0 281.49294585174636 2.7458678354437502 788.0640687723562 1.28094454790056 771.1286178361307 2.7394243060082237 2.777757720218215 762.5477540217646 
203.0007182288115 7.502447784897048E-92 49.05951321485117 1.3128933504678701 790.3617969816577 0.0 0.0 286.0 279.9301453191684 2.763502354123778 790.3616732794005 1.275444396199119 767.8175265118799 2.742889750714187 2.777757720218215 762.5477540217646 
204.00015815837423 9.705100391480794E-92 49.05951321485117 1.314354816158949 791.241599327688 0.0 0.0 285.0 282.81629798022965 2.776285896690115 791.2414805566829 1.2966493988315664 780.5829380965952 2.7600352019004295 2.777757720218215 762.5477540217646 
205.00016141116137 1.2552200707107525E-91 49.03580684629756 1.3140576086937066 791.062680433611 0.0 0.0 284.0 281.48320169274933 2.785431560133557 791.0625630779302 1.2899336609917944 776.5400639170559 2.758743893941784 2.777757720218215 762.5477540217646 
206.00078917285018 1.5303210943502184E-91 49.29392179106741 1.3126757005749203 790.2307717461019 0.0 0.0 284.0 283.7308930729344 2.7825023031324516 790.2306540896161 1.2978012635928367 781.2763606828961 2.7535822843304736 2.777757720218215 762.5477540217646 
207.00036800570632 2.1096147686918332E-91 49.36791815712429 1.3117761865340607 789.6892642935047 0.0 0.0 284.0 281.52290297304444 2.780595589528035 789.6891474259623 1.2919794990701772 777.7716584402476 2.7627296046841296 2.777757720218215 762.5477540217646 
208.00012242543815 1.9784664481118012E-91 49.26928099092507 1.3122343894184965 789.9651024299357 0.0 0.0 285.0 279.35224076366677 2.771806967509936 789.9649857403325 1.2845401883504586 773.2931933869708 2.7681653502152512 2.777757720218215 762.5477540217646 
209.00007198410225 2.6078103228062387E-91 49.282695009765156 1.310398087993657 788.8596489721814 0.0 0.0 285.0 275.7061038037666 2.767928184916239 788.8595327011283 1.2915166922017605 777.4930487054578 2.8200066591882105 2.777757720218215 762.5477540217646 
210.0008992732531 2.6730995791044495E-91 49.17739745107263 1.3100932138440708 788.6761147341302 0.0 0.0 286.0 274.3018001871224 2.7576083957511726 788.6760011848356 1.2885890664970374 775.7306180312129 2.828018691463298 2.758743893941784 776.5400639170559 
211.00030113937058 3.454211618909917E-91 49.20363239173592 1.3083758862461303 787.6422835201694 0.0 0.0 285.0 277.4648410358105 2.763656761059799 787.6421769020423 1.2913096474306185 777.3684077532236 2.8016825658026128 2.7535822843304736 781.2763606828961 
212.00027599907335 4.3721763790270744E-91 49.221403578511996 1.3105249146920424 788.9359986446094 0.0 0.0 285.0 280.98857158566227 2.7681961440791416 788.9359010625554 1.294922694487612 779.5434620815417 2.774288853395199 2.7681653502152512 773.2931933869708 
213.00022963054252 3.6746815212012887E-91 49.324055060792176 1.3094260963545648 788.274510005449 0.0 0.0 285.0 274.59953538987884 2.765875129822602 788.2744119994422 1.263033445294293 760.346134067158 2.7689272415833184 2.7681653502152512 773.2931933869708 
214.00027103682737 3.6746815212012887E-91 49.19925892982144 1.3101374944441204 788.7027716553605 0.0 0.0 286.0 273.71737590924596 2.757701666177742 788.7026765268341 1.2766205203766432 768.5255532667458 2.8077338923545687 2.777757720218215 762.5477540217646 
215.00005695148675 5.31768835984354E-91 49.19925892982144 1.3090797406453785 788.0660038685174 0.0 0.0 288.0 279.5434245192985 2.736339972600143 788.0659121088408 1.298551703706708 781.728125631442 2.7964461227292245 2.777757720218215 762.5477540217646 
216.00002967573732 4.8142103000591495E-91 49.19925892982144 1.3095751897549865 788.3642642325018 0.0 0.0 287.0 281.37693645177507 2.746913497087643 788.3641736641534 1.2986672145230662 781.7976631428751 2.7784710182771737 2.777757720218215 762.5477540217646 
217.00028881444976 6.627020833460352E-91 49.19925892982144 1.3106600764659617 789.017366032508 0.0 0.0 288.0 282.3157063614125 2.7396433321385856 789.0172796559119 1.3059437196623689 786.1781192367388 2.784748072890766 2.777757720218215 762.5477540217646 
218.00048088214191 6.793991985513619E-91 49.19925892982144 1.315886386423046 792.1636046266727 0.0 0.0 287.0 282.82889297108176 2.7601506802490468 792.1632452314758 1.3000606400411672 782.6365053047787 2.767173102731058 2.777757720218215 762.5477540217646 
219.00025126332253 5.706592146474866E-91 48.948437584847476 1.316116465820096 792.3021124236974 0.0 0.0 287.0 284.97302301223647 2.7606333403404006 792.3017686776947 1.3106672896455156 789.0217083665945 2.768759302289167 2.8077338923545687 768.5255532667458 
220.0001477198485 5.163997104634411E-91 48.90494719433139 1.3171194403124746 792.9059030681099 0.0 0.0 287.0 283.4873426630344 2.7627371883324168 792.9055730514034 1.2906472038253682 776.9696167028627 2.7407559343007537 2.7964461227292245 781.728125631442 
221.0001863723388 6.776011741610594E-91 48.968020876141985 1.317709461485177 793.261095814077 0.0 0.0 286.0 284.479314125863 2.773638690612337 793.2606655151286 1.3103778312536896 788.8474544147252 2.7729518992924493 2.7784710182771737 781.7976631428751 
222.00021774880364 6.28461986206318E-91 48.95306071102766 1.3166874602538496 792.6458510728182 0.0 0.0 287.0 276.0943160962894 2.7618311954178987 792.6455530849372 1.2782779262214305 769.5233115853061 2.7871754930185912 2.784748072890766 786.1781192367388 
223.00021868571872 5.542307400680331E-91 48.662654814130676 1.3174540257366245 793.1073234934478 0.0 0.0 286.0 283.91083697014733 2.773101117017429 793.1069194669846 1.3017801281957966 783.6716371738669 2.7602737730517433 2.768759302289167 789.0217083665945 
224.0001634936259 5.199665235604476E-91 48.40784533662582 1.3164077017570692 792.477436457756 0.0 0.0 286.0 279.7328194150462 2.770898776660834 792.4770501249983 1.2896293130126588 776.3568464336128 2.775351308641814 2.7729518992924493 788.8474544147252 
225.0005587944566 5.332154387510911E-91 48.2910009542459 1.3191242358456443 794.1127899790775 0.0 0.0 286.0 279.7766885013583 2.7766168520609797 794.1124196894399 1.2889969346526302 775.9761546608769 2.773555433862066 2.7729518992924493 788.8474544147252 
226.00010229415352 6.222951087995095E-91 48.08619971103908 1.3191492657422157 794.127857976814 0.0 0.0 286.0 273.83790248362357 2.776669513523105 794.127480867608 1.280897621062068 771.1003678793684 2.815900797098323 2.7871754930185912 769.5233115853061 
227.0001507783347 5.838424087507878E-91 47.91340061689085 1.3193620744249406 794.2559688038144 0.0 0.0 286.0 281.2444330178778 2.7771174634191356 794.2555945378726 1.313665493270409 790.826626948779 2.8118836645506464 2.7602737730517433 783.6716371738669 
228.000016949684 7.069413915096366E-91 47.8208575295153 1.322907725117354 796.3904505206468 0.0 0.0 288.0 276.1055586067325 2.7652436858162943 796.3901815150925 1.2978080639372138 781.2804544902122 2.829644062338561 2.7602737730517433 783.6716371738669 
229.00002587845043 5.419810828678401E-91 47.91020649675236 1.3259908673300798 798.2465021327076 0.0 0.0 288.0 281.018761114163 2.771688405566396 798.246260803122 1.2992632299257836 782.1564644153322 2.783289134555623 2.775351308641814 776.3568464336128 
230.00050310713846 5.419810828678401E-91 48.100894961408414 1.3200179062357278 794.650779553908 0.0 0.0 288.0 277.8528318503259 2.759203308051376 794.6505527187962 1.296128407077122 780.2693010604311 2.8082107202734843 2.775351308641814 776.3568464336128 
231.00073005168755 5.023587127382634E-91 48.02612951306131 1.3197604240070637 794.4957752522522 0.0 0.0 287.0 280.5405230026274 2.7682772153900617 794.4955608169477 1.302811745866683 784.2926710117495 2.795648424040345 2.775351308641814 776.3568464336128 
232.00026974006158 5.152391172878388E-91 48.173635704079416 1.3173425710284228 793.0402277591099 0.0 0.0 289.0 277.39003428421466 2.744083117266653 793.0400208900626 1.2947716974109136 779.4525618413765 2.8099515682050313 2.775351308641814 776.3568464336128 
233.00035737126387 8.578325146447375E-91 48.27892971287623 1.3180751231506591 793.4812241366964 0.0 0.0 286.0 279.4700623072296 2.7744088788899206 793.4809393625172 1.304224651911936 785.1432404509795 2.809400169624783 2.775351308641814 776.3568464336128 
234.0007163499738 8.049060340931209E-91 48.11826786569266 1.317909292330438 793.3813939829238 0.0 0.0 286.0 277.5006802198693 2.774059861576002 793.3811204107366 1.2904562036147103 776.8546345760656 2.7994692984555862 2.775351308641814 776.3568464336128 
235.0000719947693 7.273386660068337E-91 48.24675448593358 1.319336091226633 794.2403269184329 0.0 0.0 286.0 280.87425599263486 2.777063167403496 794.2400658773997 1.315783862870907 792.1018854482742 2.8201298928195286 2.775351308641814 776.3568464336128 
236.00023166082838 6.571294943155877E-91 48.189963980654596 1.3219841657092597 795.8344677569744 0.0 0.0 286.0 272.72126935582725 2.782637139499579 795.8342218968796 1.2817819399921808 771.632727875288 2.8293822835963582 2.795648424040345 784.2926710117495 
237.00001678343278 1.012919677504013E-90 47.97492895335773 1.3214552582916113 795.51606549155 0.0 0.0 286.0 276.51300871455413 2.7815241009633533 795.515892875519 1.2916745311463909 777.5880677501318 2.8121211054950406 2.8099515682050313 779.4525618413765 
238.0004340228087 8.807564128769236E-91 47.97492895335773 1.3206695033251954 795.043041001767 0.0 0.0 284.0 280.4410213626441 2.799446553655735 795.0428212382287 1.3058241517567226 786.1061393575475 2.803106819173281 2.8099515682050313 779.4525618413765 
239.00095460210068 7.755610120929607E-91 47.87508522471365 1.3236843210008304 796.8579612424999 0.0 0.0 285.0 275.6964835923914 2.7959923278532073 796.8578134381642 1.3055267588362403 785.9271088194093 2.85069689166358 2.8099515682050313 779.4525618413765 
240.00043610285658 7.003856405277623E-91 47.5865797378289 1.3200181393027 794.6509198602258 0.0 0.0 284.0 279.28824910696744 2.7980661108920475 794.6507754933416 1.3027771106472676 784.2718206096621 2.8081089094059446 2.8099515682050313 779.4525618413765 
241.00013637960993 7.18479126697842E-91 47.28509963806678 1.3210456118041292 795.269458306086 0.0 0.0 285.0 278.5868608569867 2.7904186444901815 795.2693136797018 1.3039822426126242 784.9973100527983 2.817782962333528 2.8099515682050313 779.4525618413765 
242.0002201101456 7.18479126697842E-91 47.25358674377384 1.318428929890327 793.6942157939767 0.0 0.0 284.0 273.6197370625331 2.7946974258231685 793.6940689337796 1.2748614177162965 767.4665734652164 2.8048655469975086 2.8293822835963582 771.632727875288 
243.000113506786 7.18479126697842E-91 47.154196364649934 1.3156456870175512 792.0187035845655 0.0 0.0 284.0 280.91488102350706 2.788797781906259 792.0185700613771 1.3114662485294972 789.5026816147473 2.8104694159960912 2.8099515682050313 779.4525618413765 
244.00037214524667 9.874880857526797E-91 47.349240681189904 1.3218808585842194 795.7722768676996 0.0 0.0 285.0 277.5436013215775 2.792182990012642 795.7721521536025 1.2975102725766365 781.10118409114 2.8143368478746247 2.85069689166358 785.9271088194093 
245.0000909587585 9.874880857526797E-91 47.26093787373429 1.3236742180082062 796.8518792409405 0.0 0.0 285.0 278.6828000479084 2.7959710993902407 796.8517633262188 1.3030507897717603 784.4365754425995 2.8148008248365053 2.8081089094059446 784.2718206096621 
246.00008542494777 9.874880857526797E-91 47.349240681189904 1.3229263324213558 796.4016521176567 0.0 0.0 285.0 278.6592028341061 2.794391378533656 796.4015428820925 1.3241292596200764 797.1258142912909 2.860575951499592 2.817782962333528 784.9973100527983 
247.00032463487463 9.874880857526797E-91 47.12486510207274 1.3238946897314363 796.9846032183247 0.0 0.0 285.0 279.08332901951417 2.796436820058003 796.9844937165308 1.3178567611239125 793.3497701966036 2.8426985337455632 2.8048655469975086 767.4665734652164 
248.00023212786618 1.1497476528500038E-90 47.21606130229476 1.3228058658373718 796.3291312340968 0.0 0.0 285.0 282.423989109595 2.7941369433095504 796.3290288432212 1.3287756619805173 799.9229485122752 2.832347744376148 2.8104694159960912 789.5026816147473 
249.00003632589554 1.3381930902425457E-90 47.21606130229476 1.323751902461851 796.898645282034 0.0 0.0 285.0 280.24598627044094 2.7961352432518503 796.8985443267768 1.3133711409394286 790.6494268455243 2.821269404667004 2.8143368478746247 781.10118409114 
250.0000051229104 1.3217827253198475E-90 47.21606130229476 1.323652190355549 796.8386185940404 0.0 0.0 285.0 281.1944465747922 2.7959246261924466 796.8385184648473 1.3111116004051324 789.2891834438961 2.8069159724104322 2.8143368478746247 781.10118409114 
251.0000583847086 1.3217827253198475E-90 47.02287176009007 1.3198662932378733 794.5595085292005 0.0 0.0 284.0 284.11211350552577 2.797744408988123 794.5594121526275 1.332115321316052 801.9334234322704 2.822594973292729 2.8143368478746247 781.10118409114 
252.00016823438244 0.0 0.0 0.0 0.0 0.0 0.0 285.0 280.1403270214954 0.0 0.0 1.2543915221675428 755.1436963448671 2.69559082897381 2.8143368478746247 781.10118409114 
253.00020730677417 0.0 0.0 0.0 0.0 0.0 0.0 284.0 278.8690544146616 0.0 0.0 0.8679119371159142 522.4829861437851 1.8735782184239207 2.8143368478746247 781.10118409114 
254.00002853797054 0.0 0.0 0.0 0.0 0.0 0.0 284.0 279.72347529164784 0.0 0.0 0.34331332638289314 206.6746224825008 0.7388533345905839 2.8143368478746247 781.10118409114 
255.00027418887657 0.0 0.0 0.0 0.0 0.0 0.0 284.0 278.42275738520436 0.0 0.0 0.07481437542995203 45.0382540088311 0.16176211467699686 2.8143368478746247 781.10118409114 
256.00009444913263 0.0 0.0 0.0 0.0 0.0 0.0 284.0 279.1405804600328 0.0 0.0 0.009801793840386468 5.900679891912658 0.02113873906183094 2.8143368478746247 781.10118409114 
257.00000000216886 0.0 0.0 0.0 0.0 0.0 0.0 284.0 277.7895581992618 0.0 0.0 0.0010377834278184268 0.6247456235467003 0.0022489888662357953 2.8143368478746247 781.10118409114 
258.00028404697053 0.0 0.0 0.0 0.0 0.0 0.0 282.0 271.0505008687175 0.0 0.0 1.46468084616383E-4 0.088173786939062 3.2530390704486726E-4 2.8143368478746247 781.10118409114 
259.0007294867179 0.0 0.0 0.0 0.0 0.0 0.0 283.0 272.096591199241 0.0 0.0 4.013795172244804E-5 0.024163046936913967 8.880319606510883E-5 2.8143368478746247 781.10118409114 
260.00040020319506 0.0 0.0 0.0 0.0 0.0 0.0 283.0 276.08410147881335 0.0 0.0 2.39460572263492E-5 0.014415526450262173 5.221425780422354E-5 0.16176211467699686 45.0382540088311 
261.0000623743976 0.0 0.0 0.0 0.0 0.0 0.0 283.0 278.8975987124226 0.0 0.0 2.457811356189696E-5 0.01479602436426192 5.30518169843349E-5 0.02113873906183094 5.900679891912658 
262.0003316411106 0.0 0.0 0.0 0.0 0.0 0.0 283.0 277.07864341247773 0.0 0.0 1.5755662770107456E-5 0.009484908987604604 3.4231829890565534E-5 0.0022489888662357953 0.6247456235467003 
263.0009040398465 0.0 0.0 0.0 0.0 0.0 0.0 282.0 278.31457437313304 0.0 0.0 8.188566191890622E-6 0.0049295168475181565 1.771203271916767E-5 0.0022489888662357953 0.6247456235467003 
264.0004907915932 0.0 0.0 0.0 0.0 0.0 0.0 282.0 275.8348399632721 0.0 0.0 2.2400073745639562E-6 0.001348484439487511 4.888738636740248E-6 0.0022489888662357953 0.6247456235467003 
265.0000505004964 0.0 0.0 0.0 0.0 0.0 0.0 283.0 272.3113860694182 0.0 0.0 4.788247110994238E-7 2.882524760818534E-4 1.0585399319599933E-6 0.0022489888662357953 0.6247456235467003 
266.0000681309453 0.0 0.0 0.0 0.0 0.0 0.0 283.0 274.9689921762528 0.0 0.0 6.58870847257002E-8 3.96640250048713E-5 1.4424908310914924E-7 0.0022489888662357953 0.6247456235467003 
267.0004509309134 0.0 0.0 0.0 0.0 0.0 0.0 282.0 278.8722703792287 0.0 0.0 1.096497615692714E-8 6.600915646470223E-6 2.3670032296484216E-8 0.0022489888662357953 0.6247456235467003 
268.0000184822386 0.0 0.0 0.0 0.0 0.0 0.0 282.0 275.1185325143711 0.0 0.0 6.43126322620809E-9 3.871620462177296E-6 1.4072554207067304E-8 0.0022489888662357953 0.6247456235467003 
269.00016413732897 0.0 0.0 0.0 0.0 0.0 0.0 283.0 276.1654722367522 0.0 0.0 4.648434348276892E-9 2.798357477662673E-6 1.0132901318176686E-8 0.0022489888662357953 0.6247456235467003 
270.00101556590045 0.0 0.0 0.0 0.0 0.0 0.0 283.0 277.03791822588886 0.0 0.0 2.6133421494145177E-9 1.5732319739475184E-6 5.678760452801085E-9 0.0022489888662357953 0.6247456235467003 
271.0000021914448 0.0 0.0 0.0 0.0 0.0 0.0 284.0 276.78846911763185 0.0 0.0 2.0475403592329E-9 1.232619296258205E-6 4.453289908310293E-9 0.0022489888662357953 0.6247456235467003 
272.0004724474363 0.0 0.0 0.0 0.0 0.0 0.0 284.0 271.3787656705779 0.0 0.0 5.988614719436487E-10 3.6051460611008053E-7 1.3284554715224225E-9 2.3670032296484216E-8 6.600915646470223E-6 
273.0000857192159 0.0 0.0 0.0 0.0 0.0 0.0 283.0 278.0635165276367 0.0 0.0 2.055981212952641E-10 1.2377006901975047E-7 4.4511437733849194E-10 1.4072554207067304E-8 3.871620462177296E-6 
274.0002244923849 0.0 0.0 0.0 0.0 0.0 0.0 283.0 277.1964347521895 0.0 0.0 2.943194657591013E-11 1.7718031838697865E-8 6.391868587537061E-11 1.0132901318176686E-8 2.798357477662673E-6 
275.0004811154605 0.0 0.0 0.0 0.0 0.0 0.0 283.0 274.44476677030775 0.0 0.0 7.790529414795551E-13 4.689898707706954E-10 1.7088679674595841E-12 4.453289908310293E-9 1.232619296258205E-6 
276.0002410261624 0.0 0.0 0.0 0.0 0.0 0.0 284.0 275.0547640492375 0.0 0.0 4.645996862806042E-14 2.796890111409251E-11 1.0168484523716811E-13 4.4511437733849194E-10 1.2377006901975047E-7 
277.0001144623796 0.0 0.0 0.0 0.0 0.0 0.0 283.0 280.1825016441378 0.0 0.0 5.503408224962314E-15 3.313051751427329E-12 1.1824620495519967E-14 4.4511437733849194E-10 1.2377006901975047E-7 
278.00005977610203 0.0 0.0 0.0 0.0 0.0 0.0 284.0 280.5707098183245 0.0 0.0 5.05269594377062E-16 3.041722958149883E-13 1.0841199211847393E-15 6.391868587537061E-11 1.7718031838697865E-8 
279.0004011695784 0.0 0.0 0.0 0.0 0.0 0.0 285.0 280.02845702618004 0.0 0.0 2.539301705077855E-17 1.528659626456878E-14 5.4589438612446545E-17 1.7088679674595841E-12 4.689898707706954E-10 
280.00003778812174 0.0 0.0 0.0 0.0 0.0 0.0 284.0 280.935614912583 0.0 0.0 -3.218590490101933E-17 -1.9375914750413524E-14 -6.896923608792928E-17 1.0168484523716811E-13 2.796890111409251E-11 
281.0014490302003 0.0 0.0 0.0 0.0 0.0 0.0 286.0 278.76600585294284 0.0 0.0 -3.698056284677367E-17 -2.2262298833758054E-14 -7.986016360080168E-17 1.1824620495519967E-14 3.313051751427329E-12 
282.0000481158068 0.0 0.0 0.0 0.0 0.0 0.0 285.0 274.21719873496824 0.0 0.0 -3.736731876148391E-17 -2.249512589441356E-14 -8.203397160422155E-17 1.0841199211847393E-15 3.041722958149883E-13 
283.00051863639106 0.0 0.0 0.0 0.0 0.0 0.0 284.0 278.55534956083375 0.0 0.0 -2.6419987345452274E-17 -1.590483238196216E-14 -5.709756573347984E-17 5.4589438612446545E-17 1.528659626456878E-14 
284.0004895863639 0.0 0.0 0.0 0.0 0.0 0.0 284.0 280.0316954877877 0.0 0.0 -8.138800929359482E-18 -4.899558159474477E-15 -1.749644143295968E-17 -6.896923608792928E-17 -1.9375914750413524E-14 
285.0003859172095 0.0 0.0 0.0 0.0 0.0 0.0 283.0 282.72911193360943 0.0 0.0 -1.2699644455104175E-18 -7.645185961972826E-16 -2.704067476351028E-18 -7.986016360080168E-17 -2.2262298833758054E-14 
286.00035803719067 0.0 0.0 0.0 0.0 0.0 0.0 283.0 281.6085637818528 0.0 0.0 -5.738253326940068E-20 -3.454428502817934E-17 -1.2266773625158274E-19 -8.203397160422155E-17 -2.249512589441356E-14 
287.00016881162264 0.0 0.0 0.0 0.0 0.0 0.0 283.0 280.41583971034413 0.0 0.0 1.921967454920539E-21 1.1570244078621593E-18 4.1261021811653334E-21 -8.203397160422155E-17 -2.249512589441356E-14 
288.0012512217199 0.0 0.0 0.0 0.0 0.0 0.0 283.0 278.49951632201834 0.0 0.0 2.3711640820128167E-22 1.4274407773717214E-19 5.125469502507955E-22 -8.203397160422155E-17 -2.249512589441356E-14 
289.00002816796825 0.0 0.0 0.0 0.0 0.0 0.0 284.0 280.43141464011063 0.0 0.0 1.2091258977135909E-24 7.278937904235872E-22 2.5956214333466302E-24 -8.203397160422155E-17 -2.249512589441356E-14 
290.0000701504779 0.0 0.0 0.0 0.0 0.0 0.0 284.0 275.95193346035444 0.0 0.0 7.153432127931731E-27 4.306366141014915E-24 1.560549363439631E-26 -8.203397160422155E-17 -2.249512589441356E-14 
291.00004166731003 0.0 0.0 0.0 0.0 0.0 0.0 285.0 281.12249547324296 0.0 0.0 -2.2242415334105748E-30 -1.338993403113151E-27 -4.763024747838422E-30 4.1261021811653334E-21 1.1570244078621593E-18 
292.00008754882003 0.0 0.0 0.0 0.0 0.0 0.0 285.0 281.19417373842487 0.0 0.0 -3.8641200920482813E-32 -2.326200295413035E-29 -8.272576435303156E-32 5.125469502507955E-22 1.4274407773717214E-19 
293.00033606519446 0.0 0.0 0.0 0.0 0.0 0.0 285.0 279.6574832052993 0.0 0.0 1.3623548780729925E-32 8.20137636599944E-30 2.9326504236536837E-32 2.5956214333466302E-24 7.278937904235872E-22 
294.00051668499947 0.0 0.0 0.0 0.0 0.0 0.0 285.0 281.75333284010946 0.0 0.0 1.3639572200292274E-32 8.211022464575933E-30 2.914259214543367E-32 1.560549363439631E-26 4.306366141014915E-24 
295.00018724050693 0.0 0.0 0.0 0.0 0.0 0.0 285.0 278.862213012977 0.0 0.0 1.369665565285444E-32 8.245386703018291E-30 2.9567959796096817E-32 -4.763024747838422E-30 -1.338993403113151E-27 
296.0002112509726 0.0 0.0 0.0 0.0 0.0 0.0 286.0 281.7472467131644 0.0 0.0 1.2071987814842426E-32 7.267336664535083E-30 2.579381608627987E-32 -4.763024747838422E-30 -1.338993403113151E-27 
297.00022626765104 0.0 0.0 0.0 0.0 0.0 0.0 287.0 279.9909768362325 0.0 0.0 4.6585219227940355E-33 2.804430197522025E-30 1.0016144910135244E-32 -4.763024747838422E-30 -1.338993403113151E-27 
298.0003626707632 0.0 0.0 0.0 0.0 0.0 0.0 287.0 273.75691479281545 0.0 0.0 5.0892395970061105E-34 3.0637222373977147E-31 1.1191396716741929E-33 -4.763024747838422E-30 -1.338993403113151E-27 
299.0000062059496 0.0 0.0 0.0 0.0 0.0 0.0 287.0 280.7575283188393 0.0 0.0 1.7257811251484357E-35 1.0389202373393569E-32 3.700418092296062E-35 -4.763024747838422E-30 -1.338993403113151E-27 
300.0002441933634 0.0 0.0 0.0 0.0 0.0 0.0 286.0 282.9447759158887 0.0 0.0 9.443639712489397E-37 5.685071106918592E-34 2.009251129841888E-36 -4.763024747838422E-30 -1.338993403113151E-27 
#####################################################################
# End of data export. Simulation finished at: 2021-12-09T08:55+0000 #
#####################################################################
