#####################################################################
# Alchemist log file - simulation started at: 2021-12-09T08:43+0000 #
#####################################################################
# random = 17.0
#
# The columns have the following meaning: 
# time localWarningInSystem[Min] localWarningInSystem[Max] localWarningInSystem[Mean] localWarningInSystem[Sum] meanWarningAtDetector[Sum] dataAtCollector[Sum] inSurveillanceArea[Sum] numDevicesAtDetector[Sum] localWarningInSurveillanceArea[Mean] localWarningInSurveillanceArea[Sum] sumWarningAtDetector[Mean] sumWarningAtDetector[Sum] meanWarningOverallAtDetector[Sum] meanWarningAtCollector[Sum] sumWarningAtCollector[Sum] 
0.0 0.0 0.0 0.0 0.0 0.0 0.0 0.0 0.0 0.0 0.0 0.0 0.0 0.0 0.0 0.0 
1.0003034458253823 0.0 0.0 0.0 0.0 0.0 0.0 2.0 1.0 0.0 0.0 0.0 0.0 0.0 0.0 0.0 
2.0 0.0 0.0 0.0 0.0 0.0 0.0 175.0 12.050155378551194 0.0 0.0 0.0 0.0 0.0 0.0 0.0 
3.0000043430624403 0.0 0.0 0.0 0.0 0.0 0.0 258.0 55.69207634537832 0.0 0.0 0.0 0.0 0.0 0.0 0.0 
4.000085440056406 0.0 0.0 0.0 0.0 0.0 0.0 275.0 116.80438514675738 0.0 0.0 0.0 0.0 0.0 0.0 0.0 
5.0003034458253826 0.0 0.0 0.0 0.0 0.0 0.0 274.0 187.0606539538509 0.0 0.0 0.0 0.0 0.0 0.0 0.0 
6.000060275916339 0.0 0.0 0.0 0.0 0.0 0.0 274.0 231.8316010052862 0.0 0.0 0.0 0.0 0.0 0.0 0.0 
7.0003034458253826 0.0 0.0 0.0 0.0 0.0 0.0 274.0 257.77119248202257 0.0 0.0 0.0 0.0 0.0 0.0 0.0 
8.000127565777197 0.0 0.0 0.0 0.0 0.0 0.0 275.0 266.93787517816 0.0 0.0 0.0 0.0 0.0 0.0 0.0 
9.000274714836857 0.0 0.0 0.0 0.0 0.0 0.0 275.0 270.3606089297202 0.0 0.0 0.0 0.0 0.0 0.0 0.0 
10.000303445825383 0.0 0.0 0.0 0.0 0.0 0.0 275.0 273.10887859252733 0.0 0.0 0.0 0.0 0.0 0.0 0.0 
11.000008450843803 0.0 0.0 0.0 0.0 0.0 0.0 275.0 273.0877847726003 0.0 0.0 0.0 0.0 0.0 0.0 0.0 
12.000274849351118 0.0 0.0 0.0 0.0 0.0 0.0 275.0 271.7911643787529 0.0 0.0 0.0 0.0 0.0 0.0 0.0 
13.000303445825383 0.0 0.0 0.0 0.0 0.0 0.0 275.0 270.4477435256291 0.0 0.0 0.0 0.0 0.0 0.0 0.0 
14.000289156272238 0.0 0.0 0.0 0.0 0.0 0.0 275.0 270.55548300877336 0.0 0.0 0.0 0.0 0.0 0.0 0.0 
15.000008994606906 0.0 0.0 0.0 0.0 0.0 0.0 275.0 272.43738074799256 0.0 0.0 0.0 0.0 0.0 0.0 0.0 
16.00030344582538 0.0 0.0 0.0 0.0 0.0 0.0 275.0 268.6861712280989 0.0 0.0 0.0 0.0 0.0 0.0 0.0 
17.00030344582538 0.0 0.0 0.0 0.0 0.0 0.0 275.0 269.45092412868115 0.0 0.0 0.0 0.0 0.0 0.0 0.0 
18.000281642570325 0.0 0.0 0.0 0.0 0.0 0.0 275.0 266.53768125753237 0.0 0.0 0.0 0.0 0.0 0.0 0.0 
19.000034769788808 0.0 0.0 0.0 0.0 0.0 0.0 275.0 260.3771205095191 0.0 0.0 0.0 0.0 0.0 0.0 0.0 
20.00030344582538 0.0 0.0 0.0 0.0 0.0 0.0 275.0 273.2579296539649 0.0 0.0 0.0 0.0 0.0 0.0 0.0 
21.00030344582538 0.0 0.0 0.0 0.0 0.0 0.0 275.0 276.8688065348682 0.0 0.0 0.0 0.0 0.0 0.0 0.0 
22.00030344582538 0.0 0.0 0.0 0.0 0.0 0.0 275.0 269.5346394161218 0.0 0.0 0.0 0.0 0.0 0.0 0.0 
23.000271858801415 0.0 0.0 0.0 0.0 0.0 0.0 275.0 274.65590790819107 0.0 0.0 0.0 0.0 0.0 0.0 0.0 
24.00003639746363 0.0 0.0 0.0 0.0 0.0 0.0 275.0 276.7410086951218 0.0 0.0 0.0 0.0 0.0 0.0 0.0 
25.00030344582538 0.0 0.0 0.0 0.0 0.0 0.0 275.0 277.3400952352265 0.0 0.0 0.0 0.0 0.0 0.0 0.0 
26.000058448019622 0.0 0.0 0.0 0.0 0.0 0.0 276.0 278.3984290015109 0.0 0.0 0.0 0.0 0.0 0.0 0.0 
27.00008250045431 0.0 0.0 0.0 0.0 0.0 0.0 276.0 277.3903164576748 0.0 0.0 0.0 0.0 0.0 0.0 0.0 
28.00010785410981 0.0 0.0 0.0 0.0 0.0 0.0 276.0 277.3056945734993 0.0 0.0 0.0 0.0 0.0 0.0 0.0 
29.00002768467563 0.0 0.0 0.0 0.0 0.0 0.0 276.0 272.46462695687813 0.0 0.0 0.0 0.0 0.0 0.0 0.0 
30.00030344582538 0.0 1.1856020528687268E-41 1.9694386260277871E-44 1.1856020528687268E-41 0.0 0.0 276.0 274.28201393726715 0.0 0.0 0.0 0.0 0.0 0.0 0.0 
31.00030344582538 4.298292930913067E-95 49.560828969521744 1.1956326256703427 719.770840653546 0.0 0.0 275.0 268.4794495693837 2.6168970891487993 719.6466995159195 0.09219292036102993 55.50013805733977 0.2067202467315725 0.0 0.0 
32.000004597487695 3.5710795716327096E-95 49.45521189932549 1.1955081217230557 719.6958892772786 0.0 0.0 275.0 259.06108964580113 2.6166296377672653 719.5731503859976 0.40264583353196975 242.39279178624764 0.9356588135935695 0.0 0.0 
33.0000332959327 4.992295024900266E-95 49.40221334031847 1.198906364215002 721.7416312574306 0.0 0.0 275.0 274.48511976131266 2.6240766268138187 721.6210723737997 0.9327268306937267 561.5015520776174 2.045653886687515 0.0 0.0 
34.00030344582538 5.2026202630926834E-95 49.42719521804297 1.2034908168779161 724.5014717605058 0.0 0.0 275.0 271.53159098756214 2.6341204532190403 724.3831246352361 1.1194767584394725 673.9250085805586 2.4819396009484165 0.0 0.0 
35.00022969001011 5.2026202630926834E-95 49.324055060839875 1.206273840946232 726.1768522496307 0.0 0.0 274.0 269.7887509053112 2.6498543745009258 726.0600986132532 1.1425471787799695 687.813401625544 2.549451744438924 0.2067202467315725 55.50013805733977 
36.000143617252924 5.2026202630926834E-95 49.330632039952555 1.2063814951218133 726.2416600633327 0.0 0.0 276.0 271.67493200431807 2.6310365945188323 726.166100087198 1.1909481163374869 716.9507660351694 2.639002283890418 0.9356588135935695 242.39279178624764 
37.00017302546299 6.868156493813224E-95 49.324055060839875 1.2087755975303835 727.6829097132913 0.0 0.0 275.0 273.6940092645195 2.6457109297782413 727.5705056890163 1.233447080879701 742.5351426895858 2.713012041019653 2.4819396009484165 673.9250085805586 
38.000207900878515 6.589620297132354E-95 49.16647035460823 1.210585467425378 728.7724513900766 0.0 0.0 276.0 265.9730198346359 2.6402173838246403 728.6999979356004 1.2035922226394165 724.5625180289185 2.7241955536670694 2.549451744438924 687.813401625544 
39.00030344582538 6.868156493813224E-95 49.13616037778167 1.214756967717841 731.2836945661404 0.0 0.0 275.0 270.7127554983443 2.6589537866080493 731.212291317214 1.2238809996333815 736.7763617792915 2.7216167203609944 2.549451744438924 687.813401625544 
40.00030344582538 5.940547401953703E-95 49.16565092026066 1.215375733727182 731.6561917037628 0.0 0.0 276.0 262.977012411862 2.650676187697992 731.586627804645 1.199507371237759 722.1034374851249 2.7458804511559403 2.713012041019653 742.5351426895858 
41.000114590083 7.832391968934065E-95 49.16565092026066 1.2179234775743297 733.1899334997463 0.0 0.0 275.0 280.6059703712637 2.6657540344641997 733.0823594776543 1.2906155721228239 776.950574417946 2.768831231174374 2.713012041019653 742.5351426895858 
42.00030344582538 7.637439442300486E-95 49.16565092026066 1.2222944752099871 735.8212740764131 0.0 0.0 276.0 278.52323987457953 2.6657753229018577 735.7539891209132 1.2899808914688238 776.5684966642373 2.788164093645938 2.713012041019653 742.5351426895858 
43.00030344582538 7.637439442300486E-95 48.942455363515116 1.2210938559552065 735.0985012850335 0.0 0.0 276.0 276.2634979939329 2.6631659485483654 735.0338017993485 1.3052572186969247 785.7648456555524 2.844258656541042 2.713012041019653 742.5351426895858 
44.00012029578381 7.637439442300486E-95 48.767392074180286 1.2247663485388773 737.309341820404 0.0 0.0 275.0 271.2782186513525 2.6808977783357695 737.2468890423359 1.2591161734108203 757.9879363933092 2.7941348928108276 2.713012041019653 742.5351426895858 
45.00006748693342 6.739567332172077E-95 48.60942537560165 1.2261312353077303 738.131003655254 0.0 0.0 274.0 275.43803118711855 2.69356271301152 738.0361833651564 1.3060460882657778 786.2397451359868 2.8545068440525396 2.713012041019653 742.5351426895858 
46.00030344582538 5.7008651898934324E-95 48.61671733623536 1.229798833311203 740.3388976533437 0.0 0.0 275.0 260.09109299583486 2.6919244983892763 740.2792370570506 1.174720470871379 707.1817234645797 2.718977091137468 2.713012041019653 742.5351426895858 
47.000150709269455 5.7008651898934324E-95 48.371553063770115 1.229834083902968 740.3601185095863 0.0 0.0 275.0 271.2358375851854 2.6920049311690883 740.3013560714992 1.2364298493672046 744.3307693190627 2.7442198492125707 2.713012041019653 742.5351426895858 
48.00030344582538 5.7008651898934324E-95 48.383109870648966 1.229280730009967 740.026999466001 0.0 0.0 275.0 270.5386870477768 2.690799462465345 739.9698521779699 1.2438312991675204 748.7864420988385 2.767761055802728 2.8545068440525396 786.2397451359868 
49.00010974568068 5.132771306014311E-95 48.383109870648966 1.2317540053276363 741.5159112072361 0.0 0.0 275.0 267.4790417193627 2.6962232815950262 741.4614024386314 1.151033032966241 692.9218858456776 2.59056515752246 2.8545068440525396 786.2397451359868 
50.00009343792128 6.452932107086984E-95 48.510417126000085 1.2366654671078892 744.4726111989479 0.0 0.0 275.0 257.90123545787725 2.7069770450168766 744.4186873796405 1.1477603494764699 690.9517303848352 2.6791330764977572 2.8545068440525396 786.2397451359868 
51.0002136657474 8.108135586808631E-95 48.611585842526495 1.240781640963249 746.9505478598755 0.0 0.0 275.0 270.1702003756155 2.715988647954339 746.8968781874428 1.2570267213194952 756.7300862343313 2.8009383906228575 2.8545068440525396 786.2397451359868 
52.00024796128295 7.45023614263495E-95 48.32723279012169 1.2410299721014917 747.1000432050976 0.0 0.0 275.0 272.6188941093066 2.7165349559927745 747.047112898013 1.2612712152648682 759.285271589447 2.785152782862553 2.8545068440525396 786.2397451359868 
53.00030344582538 6.991271172404154E-95 48.010390194734235 1.2456214094030924 749.8640884606622 0.0 0.0 275.0 266.1146567136247 2.726590209908406 749.8123077248117 1.2452189648783436 749.6218168567564 2.816912928112226 2.6791330764977572 690.9517303848352 
54.00000473430108 8.91063697439678E-95 48.11292168849921 1.2483180039243515 751.4874383624597 0.0 0.0 275.0 260.55224296685617 2.7324961094462905 751.4364300977297 1.1898697897116925 716.3016134064351 2.749166943450773 2.6791330764977572 690.9517303848352 
55.00019093029457 8.335546343309061E-95 48.23951801552513 1.250327498836583 752.697154299623 0.0 0.0 275.0 267.63168651244763 2.7369007631461044 752.6477098651789 1.2315943293700036 741.4197862807385 2.77029897297402 2.6791330764977572 690.9517303848352 
56.00017267663704 8.160738095383881E-95 47.98559123333568 1.249519077497292 752.2104846533695 0.0 0.0 275.0 268.21424797389705 2.735133645032568 752.1617523839557 1.2476869708882041 751.1075564747042 2.8004014035369327 2.6791330764977572 690.9517303848352 
57.00030344582538 7.338949619886563E-95 47.7176229339957 1.25130172642097 753.2836393054245 0.0 0.0 275.0 263.1507952779214 2.739040907469144 753.2362495540149 1.233704554582372 742.6901418585823 2.8222986788780364 2.6791330764977572 690.9517303848352 
58.00024378421008 7.338949619886563E-95 47.480949193681504 1.2532427186682151 754.4521166382652 0.0 0.0 274.0 266.09863413074004 2.7533082085885026 754.4064491532495 1.2608349309668516 759.0226284420481 2.8524108397682486 2.6791330764977572 690.9517303848352 
59.0000963712641 1.1704566469164473E-94 47.480949193681504 1.2528721740380577 754.2290487709109 0.0 0.0 275.0 251.9826483277293 2.742486748387068 754.1838558064433 1.1453854917979167 689.522066062348 2.736387091088724 2.6791330764977572 690.9517303848352 
60.00030344582538 1.1704566469164473E-94 47.480949193681504 1.256791985834405 756.5887754723112 0.0 0.0 276.0 261.73081362417304 2.7411061265605867 756.5452909307215 1.2036823174635771 724.6167551130674 2.7685573016005898 2.6791330764977572 690.9517303848352 
61.00030344582538 1.0522990084269665E-94 47.529246038728914 1.2559221696995275 756.0651461591152 0.0 0.0 276.0 270.861714352703 2.73921142104564 756.0223522085964 1.2424136751017623 747.9330324112696 2.761309527256951 2.6791330764977572 690.9517303848352 
62.00023195600539 1.2054793666126013E-94 47.19298353626914 1.258710273595606 757.7435847045557 0.0 0.0 275.0 271.55261851060624 2.755279694743966 757.7019160545912 1.245813871578477 749.9799506902528 2.761821833292174 2.6791330764977572 690.9517303848352 
63.00029117791484 1.1067310118952355E-94 47.182235247537875 1.2606639417443901 758.9196929301227 0.0 0.0 274.0 272.6776814654098 2.769631201892623 758.8789493185789 1.2375702450096535 745.0172874958141 2.732226867604206 2.6791330764977572 690.9517303848352 
64.0000888699153 1.451132040097394E-94 47.182235247537875 1.2614816068968608 759.411927351911 0.0 0.0 274.0 274.29474373566825 2.771435550547831 759.3733408501063 1.2549500166262022 755.4799100089782 2.75426316858998 2.6791330764977572 690.9517303848352 
65.00030344582538 2.640039737595216E-94 47.182235247537875 1.261917198988273 759.6741537909403 0.0 0.0 276.0 270.96982648637027 2.752307438414378 759.6368530023683 1.2736139351004372 766.7155889304684 2.8295238583290527 2.6791330764977572 690.9517303848352 
66.00030344582538 2.4703107914295107E-94 47.2129136698463 1.2637241689911898 760.7619497326962 0.0 0.0 276.0 274.20806175904096 2.7562527491670417 760.7257587701034 1.3030538235650866 784.4384017861798 2.8607415724906784 2.6791330764977572 690.9517303848352 
67.00007894070929 2.578564523865502E-94 47.23888791461914 1.26680933672511 762.6192207085167 0.0 0.0 276.0 264.60742009351526 2.7629856900507055 762.5840504539946 1.2166861702051859 732.4450744635261 2.7680443511548987 2.6791330764977572 690.9517303848352 
68.00030344582538 3.3769272260361443E-94 47.23888791461914 1.268767756875443 763.7981896390176 0.0 0.0 276.0 268.73079711093897 2.7672624458766153 763.7644350619457 1.2630626126406475 760.3636928096635 2.8294624247914757 2.6791330764977572 690.9517303848352 
69.00030344582538 3.159999112962868E-94 47.23888791461914 1.2676931250410661 763.1512612747217 0.0 0.0 276.0 267.07946193682767 2.7649216712438625 763.1183812633066 1.2317313831579504 741.5022926610798 2.7763358787822754 2.6791330764977572 690.9517303848352 
70.00024081571709 5.028388347279461E-94 46.91562535595206 1.265311912905036 761.7177715688313 0.0 0.0 275.0 268.7361128745334 2.7697676516904077 761.6861042148619 1.2203728665550875 734.6644656661572 2.7337764835839344 2.6791330764977572 690.9517303848352 
71.0000842113554 4.7140599632652983E-94 46.97065314061794 1.2640733162586495 760.9721363877067 0.0 0.0 276.0 271.7001891057397 2.757036771511219 760.942148937097 1.217911596446391 733.1827810607197 2.6984993402981443 2.7680443511548987 732.4450744635261 
72.00005236343334 4.7140599632652983E-94 46.61761905498599 1.2664515480052876 762.4038318991829 0.0 0.0 276.0 269.3018229836532 2.7622268019408907 762.3745973356855 1.2196096224179154 734.2049926955864 2.7263275998698053 2.8294624247914757 760.3636928096635 
73.00025131004357 4.7140599632652983E-94 46.63419715547561 1.269427332880678 764.1952543941678 0.0 0.0 276.0 263.6373401709194 2.7687190832719453 764.1664669830568 1.184559002810227 713.1045196917639 2.704869193527174 2.7763358787822754 741.5022926610798 
74.00030344582538 4.7140599632652983E-94 46.217142692013695 1.2718003111038438 765.623787284514 0.0 0.0 276.0 268.7246093795508 2.7738973538835907 765.5956696718708 1.246144909541014 750.1792355436908 2.791628341281263 2.7337764835839344 734.6644656661572 
75.00010670734636 4.141878896860969E-94 46.029574625325964 1.2717926181371508 765.6191561185643 0.0 0.0 276.0 273.19423370146853 2.773885191299332 765.592312798615 1.3084959731547108 787.7145758391448 2.8833499344642664 2.6984993402981443 733.1827810607197 
76.00023696563272 5.769709582403163E-94 46.09175651435557 1.2747894156616617 767.4232282283193 0.0 0.0 276.0 270.99580740442303 2.7804243080830786 767.3971090309292 1.2608699307626565 759.0436983191181 2.8009425887034203 2.7263275998698053 734.2049926955864 
77.00030344582538 5.769709582403163E-94 46.09303685870507 1.2751187209805053 767.6214700302634 0.0 0.0 275.0 274.39124554111226 2.791206385562432 767.5817560296687 1.2884324521608828 775.6363362008536 2.826753217549863 2.704869193527174 713.1045196917639 
78.0000445170761 1.0470604367369375E-93 46.08151503976681 1.2759562175267913 768.1256429511275 0.0 0.0 274.0 262.4503195556893 2.80323842133673 768.0873274462638 1.2235730675862042 736.5909866869041 2.8065920740119616 2.791628341281263 750.1792355436908 
79.0001063808291 1.0470604367369375E-93 46.04389716521896 1.2727262100227388 766.181178433689 0.0 0.0 274.0 269.0610582716894 2.796147765846964 766.1444878420687 1.2832391253019035 772.5099534317419 2.871132516886504 2.8833499344642664 787.7145758391448 
80.00012852884609 1.0470604367369375E-93 46.001709598390526 1.2768724607786244 768.6772213887313 0.0 0.0 274.0 268.1655571413007 2.8052604101210625 768.6413523731712 1.30192445150275 783.7585198046531 2.9226666099840637 2.8009425887034203 759.0436983191181 
81.0001690519987 1.0470604367369375E-93 45.907757731155655 1.2787157200302104 769.7868634581858 0.0 0.0 274.0 274.44892914477856 2.8093123724407123 769.751590048755 1.3144276962492212 791.2854731420327 2.8831793062840125 2.826753217549863 775.6363362008536 
82.00000450855102 9.603070183383437E-94 45.529817904212635 1.2759948970843005 768.1489280447495 0.0 0.0 273.0 253.04459561940246 2.813614087907151 768.1166459986526 1.1495512296965786 692.0298402773476 2.734813753217678 2.8065920740119616 736.5909866869041 
83.00030344582538 9.603070183383437E-94 45.593857587787554 1.2781274423439712 769.4327202910708 0.0 0.0 274.0 270.0112774535289 2.8080331806789363 769.4010915060285 1.24065368819586 746.8735202939023 2.766082688610831 2.704869193527174 713.1045196917639 
84.00030344582538 1.3366843868427948E-93 45.53513002616306 1.2777960041528498 769.2331945000153 0.0 0.0 274.0 268.2272369768155 2.807308268313509 769.2024655179017 1.2127241560311288 730.0599419307453 2.7217964519906257 2.8065920740119616 736.5909866869041 
85.00030344582538 1.3957876451430673E-93 45.145206980315386 1.276572354130633 768.4965571866417 0.0 0.0 273.0 262.53940525044845 2.8148960912842846 768.4666329206098 1.2136008226110655 730.5876952118588 2.7827734831459585 2.8065920740119616 736.5909866869041 
86.00030344582538 1.3957876451430673E-93 45.23935753419101 1.2804557941906676 770.8343881027828 0.0 0.0 274.0 268.84556744241206 2.8131615613772154 770.8062678173574 1.2562883686520165 756.2855979285116 2.813085613139266 2.8065920740119616 736.5909866869041 
87.00026870981974 2.0749261085561195E-93 45.22654153192913 1.2813170601219954 771.3528701934421 0.0 0.0 275.0 272.48504023029835 2.804821977884735 771.326043918303 1.283509864835754 772.6729386311268 2.8356526948344785 2.8065920740119616 736.5909866869041 
88.00030344582538 1.7430309844450924E-93 45.15699643468491 1.2846153528964788 773.3384424436806 0.0 0.0 275.0 271.87539840501205 2.8120426405307204 773.3117261459482 1.272178563938257 765.851495490834 2.8169209129762716 2.8065920740119616 736.5909866869041 
89.0002439503751 1.9910435060425617E-93 45.3198545905176 1.2858405699018178 774.0760230808942 0.0 0.0 274.0 255.10043504001194 2.825002876589605 774.0507881855516 1.1611302342864809 699.0004010404597 2.7400988200228786 2.8065920740119616 736.5909866869041 
90.00009996839307 2.2738904280851617E-93 45.3198545905176 1.2896913607331117 776.3941991613328 0.0 0.0 274.0 270.95579770722424 2.8334656769581827 776.3695954865417 1.3208934213832415 795.1778396727169 2.9347142463876343 2.8065920740119616 736.5909866869041 
91.00008369441112 2.0812296067999407E-93 45.279839728230634 1.291421468945918 777.4357243054416 0.0 0.0 273.0 270.5668456262424 2.847662588743951 777.4118867270984 1.2981242867658556 781.470820633049 2.8882726515301242 2.8065920740119616 736.5909866869041 
92.00030344582538 2.8946828174179987E-93 44.77777373474632 1.2914939080567336 777.4793326501538 0.0 0.0 273.0 270.1139049422229 2.847825643300828 777.4564006211259 1.2763290887137004 768.3501114056501 2.8445411263444558 2.8356526948344785 772.6729386311268 
93.00030344582538 2.540452486624644E-93 44.8923521665107 1.2930870371991823 778.4383963939074 0.0 0.0 275.0 264.1135244684482 2.83060610130582 778.4166778591004 1.2202798181065493 734.608450500136 2.781411712931401 2.8065920740119616 736.5909866869041 
94.00010358282937 2.596399149954942E-93 44.8923521665107 1.2947231831562251 779.4233562600466 0.0 0.0 274.0 270.5887792197118 2.844534436414616 779.4024355776045 1.2683511750519239 763.5474073812629 2.8217999637053692 2.8065920740119616 736.5909866869041 
95.00030344582538 2.962443491184296E-93 45.08605538331333 1.294260785779636 779.1449930393406 0.0 0.0 274.0 257.7494981231948 2.8435186726197013 779.1241162977981 1.2189246738110642 733.7926536342693 2.8469217553375925 2.8065920740119616 736.5909866869041 
96.00013261700173 4.399163598606621E-93 45.30298867275735 1.2972589256514526 780.9498732421744 0.0 0.0 274.0 266.2491607240105 2.8501127520132363 780.9308940516266 1.259370450787579 758.1410113741146 2.8474869528696507 2.8882726515301242 781.470820633049 
97.0001381821168 4.698651453183436E-93 45.177321655703544 1.2977540999475867 781.2479681684473 0.0 0.0 274.0 266.80417526763034 2.8512008073009905 781.2290212004718 1.2375905205970212 745.0294933993998 2.792420668275012 2.8445411263444558 768.3501114056501 
98.00015716775168 5.724711810771205E-93 44.87016087907875 1.299757646628994 782.4541032706542 0.0 0.0 274.0 260.50723130308245 2.855604748868621 782.4357011900021 1.1948798744739935 719.3176844333503 2.7612196438281327 2.781411712931401 734.608450500136 
99.00030344582538 5.724711810771205E-93 44.99197392043848 1.3001720399283387 782.7035680368591 0.0 0.0 274.0 268.41800555871583 2.856518337563308 782.6860244923464 1.2619305014625644 759.682161880462 2.8302205744326763 2.8217999637053692 763.5474073812629 
100.00009367515084 7.787803656724587E-93 44.80863127294355 1.3003659939797914 782.8203283758353 0.0 0.0 273.0 252.42674238332904 2.867410933280798 782.8031847856583 1.1574698479717502 696.7968484789897 2.7603923494795617 2.8469217553375925 733.7926536342693 
101.00016545472081 7.959839816798488E-93 44.80863127294355 1.3040828319480469 785.0578648327247 0.0 0.0 273.0 270.4548209597371 2.8756084585626303 785.0411091875981 1.298624694292846 781.7720659642854 2.8905828455565548 2.8469217553375925 733.7926536342693 
102.00004637389583 7.959839816798488E-93 44.80863127294355 1.302081393589562 783.8529989409161 0.0 0.0 272.0 262.84307871070104 2.881751604255977 783.836436357626 1.263965151664985 760.9070213023288 2.894909864222916 2.8469217553375925 733.7926536342693 
103.00015053874154 1.13010739961915E-92 44.49483012375444 1.3041852140297843 785.1194988459303 0.0 0.0 272.0 262.6329192434319 2.8864100000642363 785.1035200174722 1.2953865335439871 779.8226931934731 2.969249610596846 2.8302205744326763 759.682161880462 
104.00030344582538 1.2886582502933444E-92 44.824317038799414 1.2986564392143733 781.7911764070523 0.0 0.0 272.0 261.95733069063306 2.8741766102178294 781.7760379792496 1.2657909601027388 762.0061579818514 2.9088941927025784 2.8469217553375925 733.7926536342693 
105.00016056773927 1.1803126236834536E-92 44.938764906424026 1.299833550409769 782.4997973466803 0.0 0.0 271.0 270.40274240372224 2.88739894594383 782.4851143507778 1.3345845866121366 803.4199211404965 2.97119738505077 2.8469217553375925 733.7926536342693 
106.00030344582538 1.2065337279342653E-92 44.938764906424026 1.2971352033914145 780.8753924416317 0.0 0.0 271.0 256.69714251978957 2.8814054815880854 780.8608855103712 1.1992124748482573 721.9259098586551 2.812364418131377 2.8905828455565548 781.7720659642854 
107.00008575467895 1.7857733325511365E-92 45.1569964347063 1.2994546981409774 782.2717282808686 0.0 0.0 271.0 269.40424850612345 2.886560268852375 782.2578328589942 1.2996138389463685 782.3675310457105 2.9040653047753535 2.8905828455565548 781.7720659642854 
108.00017367466846 2.4778204890146784E-92 45.103091111189855 1.2986721381357984 781.8006271577505 0.0 0.0 272.0 272.0009853364868 2.874216933710718 781.787005969315 1.3276922794793407 799.270752246572 2.9384847678320383 2.8905828455565548 781.7720659642854 
109.00012827625275 3.5041820141754485E-92 45.36822155987061 1.29952603015017 782.3146701504022 0.0 0.0 272.0 272.77362651495446 2.8761081026972595 782.3014039336543 1.3486506667071854 811.8877013577194 2.9764156884617607 2.9088941927025784 762.0061579818514 
110.00007374046106 3.1400205321277094E-92 45.36822155987061 1.2997918892486042 782.4747173276595 0.0 0.0 272.0 270.90082114180694 2.8766993909844545 782.4622343477714 1.3456690139941547 810.0927464244879 2.9903665223681 2.9088941927025784 762.0061579818514 
111.00017337447731 3.2823599873563156E-92 45.36822155987061 1.3013484022579782 783.4117381593035 0.0 0.0 272.0 270.5181293350206 2.8801457256435365 783.3996373750423 1.335428974660249 803.9282427454797 2.971809115794463 2.9088941927025784 762.0061579818514 
112.0001054971795 3.5787268783391377E-92 45.36822155987061 1.3020737998871776 783.8484275320812 0.0 0.0 272.0 261.84952788971566 2.8817521928014043 783.8365964419821 1.293026449391187 778.4019225334882 2.972706992472911 2.9088941927025784 762.0061579818514 
113.00016490162308 3.2026523913447566E-92 45.82672562541588 1.3037539446261486 784.8598746649421 0.0 0.0 272.0 261.7848218712406 2.8854721660656653 784.848429169861 1.2850448109209665 773.5969761744278 2.955087199650265 2.9088941927025784 762.0061579818514 
114.00030344582538 3.2026523913447566E-92 45.943732896607884 1.305879139471423 786.1392419617961 0.0 0.0 273.0 267.65918815952335 2.8795903637133775 786.1281692937517 1.305352187129104 785.82201665172 2.93590525345005 2.9088941927025784 762.0061579818514 
115.00010302281221 3.063292904161339E-92 45.842767786834884 1.3078676605750519 787.3363316661814 0.0 0.0 273.0 260.39599190820536 2.883978389171804 787.3261002439029 1.2617933254029199 759.5995818925514 2.9170939856874796 2.9088941927025784 762.0061579818514 
116.00003869526378 3.063292904161339E-92 45.80432692439263 1.3086334869085077 787.7973591189215 0.0 0.0 273.0 263.5814189208467 2.8856690018064723 787.7876374931673 1.2718698299209525 765.665637612419 2.9048543738295445 2.9088941927025784 762.0061579818514 
117.00018733436688 2.6798400677484564E-92 45.91821568958932 1.3068756880881007 786.7391642290364 0.0 0.0 273.0 268.0986810524779 2.88179337017857 786.7295900587499 1.3139117885388445 790.9748967003804 2.950312525206173 2.9088941927025784 762.0061579818514 
118.00018335897447 3.7993263820110945E-92 46.34879193254411 1.3111164466317962 789.2921008723415 0.0 0.0 272.0 267.9741149332979 2.901776041575203 789.2830833084554 1.3033730165117619 784.6305559400727 2.928008759858679 2.9088941927025784 762.0061579818514 
119.00016017355259 3.397803993911766E-92 46.58189257731931 1.3111529990832693 789.3141054481274 0.0 0.0 273.0 261.88150791572804 2.891228247001836 789.3053114315006 1.2416520780523543 747.474550987527 2.8542471629117854 2.9088941927025784 762.0061579818514 
120.00030344582538 3.177133384470521E-92 46.727299283580884 1.3090225865632146 788.031597111055 0.0 0.0 273.0 267.4506371404999 2.886531447808741 788.0230852517858 1.265203721610219 761.6526404093458 2.8478251110287194 2.9088941927025784 762.0061579818514 
121.00023798396028 4.6053991279638294E-92 46.80628317908012 1.3115089818351184 789.5284070647414 0.0 0.0 274.0 262.4707639808838 2.881460145104933 789.5200797587516 1.288225670212782 775.5118534680985 2.954659946524864 2.9088941927025784 762.0061579818514 
122.00030344582538 4.3061576301532884E-92 46.80628317908012 1.3146947964058884 791.4462674363447 0.0 0.0 274.0 267.3277014143626 2.8884606543911158 791.438219303166 1.3135655952254326 790.7664883257129 2.958041699913512 2.9088941927025784 762.0061579818514 
123.00030344582538 4.3061576301532884E-92 46.946130425625334 1.3177587093634904 793.2907430368203 0.0 0.0 273.0 258.64155819306427 2.905798252689189 793.2829229841482 1.2404137022301358 746.7290487425496 2.8871193552938235 2.9088941927025784 762.0061579818514 
124.00011506115105 3.849146982975231E-92 47.09424389259397 1.3191191621335336 794.1097356043873 0.0 0.0 272.0 261.8454600113945 2.919492986365248 794.1020922913476 1.2787011316267318 769.7780812392887 2.9398183233949937 2.9088941927025784 762.0061579818514 
125.00030344582538 4.766316494568548E-92 47.005372059733155 1.318210173461606 793.5625244238871 0.0 0.0 272.0 269.54361383759334 2.9174812755078574 793.5549069381369 1.3002336791593878 782.7406748539586 2.9039481355532284 2.955087199650265 773.5969761744278 
126.00026912687485 3.979039465581196E-92 47.005372059733155 1.3197689828798371 794.5009276936615 0.0 0.0 272.0 272.5139690600813 2.9209315474081614 794.4933808950198 1.3023720036463076 784.0279461950886 2.877019291522019 2.955087199650265 773.5969761744278 
127.00013442220289 3.979039465581196E-92 47.005372059733155 1.3221188791171272 795.9155652285106 0.0 0.0 274.0 268.1483002392242 2.9047742938756813 795.9081565219368 1.261583362092939 759.4731839799581 2.8322878918210788 2.955087199650265 773.5969761744278 
128.00030238244437 3.634629268720662E-92 47.2315402149068 1.3223837316236693 796.0750064374481 0.0 0.0 273.0 267.2356872554259 2.9159995857322154 796.0678869048942 1.2850556609800512 773.6035079099967 2.8948360746840693 2.955087199650265 773.5969761744278 
129.0001891031021 3.634629268720662E-92 47.20084968929207 1.3221595733853586 795.9400631779855 0.0 0.0 273.0 267.8632372380687 2.9155059371442515 795.9331208403803 1.3043710399893549 785.2313660735832 2.9314637356364566 2.955087199650265 773.5969761744278 
130.00003943922323 3.9573467308239966E-92 47.432174398515116 1.3231541711976829 796.5388110610052 0.0 0.0 273.0 268.30593475284644 2.917699443317775 796.5319480257523 1.284654878514656 773.3622368658172 2.8823896034137673 0.0 0.0 
131.00023105895562 4.8118924614675636E-92 47.432174398515116 1.3268444681041502 798.7603697986988 0.0 0.0 272.0 269.07439639418976 2.93659407721105 798.7535890014057 1.3181669849895568 793.5365249637181 2.949134275121441 0.0 0.0 
132.00030344582538 7.442130136073198E-92 47.685821787056085 1.326972371061299 798.8373673789027 0.0 0.0 273.0 266.21822022367337 2.926119689565584 798.8306752514045 1.2962364361844758 780.3343345830533 2.931183049482585 0.0 0.0 
133.00003147679485 7.442130136073198E-92 47.96879921539215 1.3271481187004965 798.9431674576989 0.0 0.0 273.0 263.7055195155035 2.9265087485979397 798.9368883672375 1.2438396333147788 748.7914592555006 2.8394986219144283 2.8871193552938235 746.7290487425496 
134.00003810028866 9.046462371501782E-92 47.96879921539215 1.3262294026765216 798.3901004112658 0.0 0.0 273.0 261.61737442322226 2.9244845085170272 798.3842708251484 1.240504707202247 746.7838337357568 2.854488679821676 2.8871193552938235 746.7290487425496 
135.00030344582538 7.544160220564753E-92 47.96879921539215 1.3266325148826978 798.6327739593831 0.0 0.0 273.0 259.86691394878113 2.925374301282505 798.6271842501234 1.2265969902287734 738.4113881177242 2.8414982765495975 2.949134275121441 793.5365249637181 
136.00030344582538 8.564340390109388E-92 48.15784804456658 1.325984190179913 798.2424824883076 0.0 0.0 273.0 267.17288604559064 2.92394556882206 798.2371402884228 1.2724397358289885 766.0087209690433 2.86709004160823 2.931183049482585 780.3343345830533 
137.00030344582538 1.716387898212811E-91 48.61806781934506 1.3258532475749347 798.1636550401106 0.0 0.0 273.0 259.94885697330443 2.923657702289027 798.1585527249043 1.2042128073900777 724.9361100488238 2.7887643688437973 2.931183049482585 780.3343345830533 
138.00016475496182 1.716387898212811E-91 48.595654655966506 1.3273712514082912 799.077493347791 0.0 0.0 273.0 265.10741236210964 2.9270055489489875 799.0725148630735 1.2739474692178314 766.916376469128 2.892851503607144 2.8394986219144283 748.7914592555006 
139.00030344582538 2.3042758632035337E-91 48.948437584847476 1.3277394195110583 799.2991305456563 0.0 0.0 273.0 267.3567115852507 2.9278179293587994 799.2942947149515 1.2943707886698457 779.2112147792549 2.914500294976854 2.854488679821676 746.7838337357568 
140.00006200240648 2.4118905783002886E-91 49.068508283472134 1.3301511531630534 800.7509942041575 0.0 0.0 274.0 264.97616194588755 2.9224321441932153 800.7464075089404 1.2698334831607556 764.439756862784 2.8849378421402867 2.8414982765495975 738.4113881177242 
141.00030344582538 2.2522451856329088E-91 49.04043822461473 1.3312086320582812 801.3875964990846 0.0 0.0 273.0 265.1873141890028 2.93546922103281 801.383097341957 1.2569906204185706 756.7083534919873 2.8534862453966046 2.86709004160823 766.0087209690433 
142.0000006430581 2.1108457364154572E-91 49.04043822461473 1.3317999960319595 801.7435976112398 0.0 0.0 273.0 271.52973321408655 2.936773439558253 801.7391489994031 1.3203369860313998 794.8428655909047 2.927277452021116 2.892851503607144 766.916376469128 
143.00026329077463 2.1108457364154572E-91 49.04043822461473 1.3343473017711562 803.2770756662359 0.0 0.0 273.0 271.15927150573344 2.942390856184341 803.2727037383248 1.3254233756840605 797.9048721618065 2.942569021265922 2.914500294976854 779.2112147792549 
144.00000764133517 2.403089874015405E-91 49.04043822461473 1.3332012684084193 802.5871635818677 0.0 0.0 273.0 268.34574914788556 2.93986398339457 802.5828674667173 1.3120257518007372 789.8395025840525 2.9433650620221727 2.8849378421402867 764.439756862784 
145.00016169199716 2.613437665551311E-91 49.04043822461473 1.3320336209574124 801.8842398163623 0.0 0.0 273.0 269.2577908811756 2.9372896433650197 801.8800726386504 1.3495937231633992 812.4554213443586 3.0173887213644193 2.8534862453966046 756.7083534919873 
146.00017337345443 2.2957147795697653E-91 49.04043822461473 1.331214459846289 801.3911048274664 0.0 0.0 273.0 272.0860753178549 2.935483486542872 801.3869918262048 1.3721114675087818 826.0111034402927 3.0358448240151006 2.927277452021116 794.8428655909047 
147.00030344582538 2.830757222820854E-91 49.097139930108916 1.3319660798013777 801.8435800404288 0.0 0.0 273.0 270.44340502657224 2.9371410534823474 801.8395076006809 1.3273151055365078 799.0436935329793 2.954568973329077 2.942569021265922 797.9048721618065 
148.00024292056162 2.830757222820854E-91 49.206366002777244 1.3341951459736063 803.1854778761111 0.0 0.0 273.0 273.15594460696366 2.942057012859991 803.1815645107772 1.3491899634273705 812.2123579832834 2.973438338133013 2.9433650620221727 789.8395025840525 
149.00005002254855 2.3020366838105354E-91 49.15254182812056 1.3386293593732304 805.8548743426845 0.0 0.0 272.0 270.6894907739823 2.9626876550504893 805.8510421737328 1.3456654445006306 810.0905975893887 2.9926931971872905 3.0173887213644193 812.4554213443586 
150.00030344582538 3.1819324160400875E-91 49.22796686999559 1.3378832452995923 805.405713670355 0.0 0.0 274.0 261.5080598498767 2.9394231365715706 805.4019394206103 1.2840697891679225 773.0100130790873 2.9559701277385 3.0358448240151006 826.0111034402927 
151.0000380370782 3.3317940488879865E-91 49.298029789135775 1.3322285376021197 802.0015796364765 0.0 0.0 274.0 270.46200661625437 2.927000124746443 801.9980341805257 1.3130137262040122 790.4342631748094 2.92253345696839 2.954568973329077 799.0436935329793 
152.00000875295743 3.1094967996592346E-91 49.283790193026746 1.330504254389996 800.9635611427772 0.0 0.0 275.0 264.97723913622843 2.9125823673136813 800.9601510112624 1.3025167324239504 784.1150729192124 2.959178967504028 2.973438338133013 812.2123579832834 
153.00030344582538 5.564521027949841E-91 49.41127124301058 1.3333344201091433 802.6673209057038 0.0 0.0 274.0 260.35241170820524 2.929430560272259 802.6639735145993 1.293096365272658 778.4440118941366 2.9899627462125915 2.973438338133013 812.2123579832834 
154.0000704662075 8.082578252678524E-91 49.55697438829168 1.335329505388645 803.8683622439645 0.0 0.0 275.0 271.03968340734207 2.9231462059714297 803.8652066421436 1.3739427829598523 827.113555341825 3.0516326795540363 2.9926931971872905 810.0905975893887 
155.00030344582538 7.270275931823693E-91 49.51294331676809 1.3381582132252599 805.5712443616063 0.0 0.0 275.0 273.3065065105338 2.92933873470368 805.5681520435123 1.349268927513504 812.2598943631402 2.971974230448239 2.9559701277385 773.0100130790873 
156.0000770643621 7.270275931823693E-91 49.5988401742177 1.3355800038034826 804.0191622896973 0.0 0.0 275.0 268.4798345949824 2.9236948862016443 804.0160937054525 1.314386866462942 791.2608936106984 2.9471892919047793 2.92253345696839 790.4342631748094 
157.00008148628993 1.5758726032756636E-90 49.57817829572216 1.333985123693681 803.0590444635961 0.0 0.0 276.0 269.3468413595808 2.9096233345499596 803.0560403357894 1.324300013688753 797.2286082406342 2.959858761351969 2.959178967504028 784.1150729192124 
158.00030344582538 1.5758726032756636E-90 49.58699297758943 1.3348698194887259 803.5916313322125 0.0 0.0 275.0 269.9513892115344 2.9221405882628853 803.588661772293 1.3420371541106393 807.9063667746125 2.9927846236847317 2.9899627462125915 778.4440118941366 
159.00030344582538 1.4036263712025664E-90 49.720230088518115 1.3350712548725705 803.712895433288 0.0 0.0 276.0 267.4679849653918 2.91199306360256 803.7100855543069 1.3027798655485137 784.2734790602016 2.9322144074988272 2.9899627462125915 778.4440118941366 
160.00030344582538 1.4036263712025664E-90 49.7843552568185 1.330731670271628 801.1004655035199 0.0 0.0 275.0 271.17875868558815 2.913082521508595 801.0976934148633 1.3197986189063091 794.51876858159 2.9298709546154984 2.971974230448239 812.2598943631402 
161.00030344582538 1.2498597874672126E-90 49.75338796000572 1.3343150891664453 803.2576836781996 0.0 0.0 274.0 272.3700117162982 2.931587332817159 803.2549291919015 1.3761008769551795 828.4127279270241 3.0414975668830326 2.9471892919047793 791.2608936106984 
162.00030344582538 1.165652918402093E-90 49.81312786228412 1.3309049259821415 801.2047654412489 0.0 0.0 277.0 272.3568710861172 2.892426499272212 801.2021402984029 1.3444151511516718 809.3379209933086 2.971608235054962 2.959858761351969 797.2286082406342 
163.00013861745543 1.193085115168315E-90 49.86407398328521 1.3288199879556188 799.9496327492838 0.0 0.0 277.0 274.0678592256482 2.8878958188495805 799.9471418213348 1.3596161690412747 818.4889337628434 2.9864462621607784 2.9927846236847317 807.9063667746125 
164.00001743867682 1.193085115168315E-90 49.87515611991198 1.326349935275619 798.4626610359231 0.0 0.0 277.0 269.7000063288383 2.8825279337440297 798.4602376470968 1.323089242623757 796.4997240594998 2.953280331363241 2.9927846236847317 807.9063667746125 
165.00020236093712 1.406272358259567E-90 49.873216568222986 1.3294635900044127 800.337081182656 0.0 0.0 275.0 272.22464071149756 2.910307827477817 800.3346525564 1.314604745689209 791.3920569048998 2.907128667105538 2.9927846236847317 807.9063667746125 
166.00008271165623 1.508012390463989E-90 49.873216568222986 1.3323656178734833 802.0841019598369 0.0 0.0 276.0 273.11129576741723 2.9060931737547793 802.0817159563194 1.3274132189409709 799.1027578024614 2.925923497807212 2.9927846236847317 807.9063667746125 
167.00030344582538 1.8721177258964068E-90 49.873216568222986 1.330232312906629 800.7998523697908 0.0 0.0 277.0 270.07708686236776 2.890965790522794 800.7975239748137 1.2870693600596845 774.8157547559316 2.8688688987184627 2.9927846236847317 807.9063667746125 
168.00030344582538 2.581943696563207E-90 49.87654156015833 1.3309004116746128 801.2020478281163 0.0 0.0 277.0 272.57841911953176 2.892418185380457 801.1998373503862 1.3256640261458856 798.0497437398235 2.927780366170004 2.9864462621607784 818.4889337628434 
169.00030344582538 2.581943696563207E-90 49.93642933549046 1.3312172993780804 801.3928142256044 0.0 0.0 277.0 271.06282609765174 2.8931071744197228 801.3906873142628 1.3125401929500273 790.1491961559092 2.915003903453932 2.9864462621607784 818.4889337628434 
170.0000198579013 4.906955052243216E-90 49.93642933549046 1.3310622294573986 801.2994621333535 0.0 0.0 277.0 269.5587629480014 2.8927704341311316 801.297410254323 1.2945690629183484 779.33057587684 2.89113426458028 2.9864462621607784 818.4889337628434 
171.00007179548308 5.94809061953185E-90 49.96973138782996 1.3286878420427715 799.8700809097479 0.0 0.0 277.0 266.7843964179879 2.8876105775331884 799.8681299766929 1.293428796867816 778.644135714429 2.9186269743245337 2.925923497807212 799.1027578024614 
172.00030344582538 5.4192593386874305E-90 49.96973138782996 1.3280352539087632 799.4772228530757 0.0 0.0 277.0 272.5362993381502 2.886192515006966 799.4753266569295 1.3137828257905302 790.8972611259043 2.9019887003917826 2.8688688987184627 774.8157547559316 
173.00030344582538 4.711277735953375E-90 49.95446519124636 1.3315456315565841 801.590470197063 0.0 0.0 277.0 274.9839979142588 2.8938216479844305 801.5885964916872 1.313994315688055 791.0245780442117 2.8766203998927113 2.927780366170004 798.0497437398235 
174.0002733065812 4.62993341145858E-90 49.97222993684106 1.3302640036143174 800.8189301758194 0.0 0.0 277.0 271.76766054552013 2.8910365250653434 800.8171174431008 1.3458868782857223 810.2239007280162 2.981310944435593 2.915003903453932 790.1491961559092 
175.0002132720452 4.9365675598252285E-90 49.96862096168163 1.3315948153160133 801.620078820239 0.0 0.0 276.0 267.95533992575156 2.9044141303533526 801.6182999775249 1.3089541602756027 787.9904044859032 2.940752756426685 2.89113426458028 779.33057587684 
176.00029221186975 6.835853778289241E-90 49.97278518693312 1.331127332568006 801.3386542059388 0.0 0.0 275.0 271.9044892546577 2.913952473359734 801.3369301739268 1.3123309414861162 790.0232267746502 2.90551740774952 2.9186269743245337 778.644135714429 
177.00004148483097 5.938053433846493E-90 49.98639074133699 1.332964689719665 802.4447432112383 0.0 0.0 275.0 269.83900348799875 2.917975012313418 802.4431283861901 1.2944114916215652 779.2357179561806 2.8877801499546285 2.9186269743245337 778.644135714429 
178.00002532984936 5.938053433846493E-90 49.986113039939 1.3295064294586925 800.3628705341324 0.0 0.0 275.0 273.4242107110148 2.910404814267809 800.3613239236474 1.322038398679924 795.8671160053204 2.910741202967142 2.9186269743245337 778.644135714429 
179.00000334625733 5.156104615645946E-90 49.986113039939 1.3274581294193488 799.1297939104483 0.0 0.0 274.0 272.05064898632435 2.9165266189161585 799.1282935830277 1.3198165150813395 794.529542078971 2.9205206642198123 2.9186269743245337 778.644135714429 
180.00018831429466 4.5823371039941825E-90 49.986113039939 1.3281558999755474 799.5498517852782 0.0 0.0 276.0 272.3748828928992 2.896914483629685 799.5483974817926 1.3245049346068758 797.35197063335 2.9274063825733796 2.9186269743245337 778.644135714429 
181.00030344582538 6.310638944471801E-90 49.986113039939 1.3267214718166913 798.6863260336481 0.0 0.0 276.0 270.86262188914196 2.893785779850031 798.6848752386082 1.3202477550091225 794.7891485154993 2.934288765914659 2.9186269743245337 778.644135714429 
182.00018110545565 6.310638944471801E-90 49.97722740970562 1.3247314237549388 797.4883171004732 0.0 0.0 275.0 266.51400799628124 2.8999525062575366 797.486939220822 1.3011521821395498 783.2936136480182 2.9390335597630117 2.9186269743245337 778.644135714429 
183.00001141156662 8.70911574492708E-90 49.941145776517985 1.3225914406146706 796.2000472500307 0.0 0.0 276.0 269.96500381454894 2.884777891729742 796.1986981174081 1.3212535945273334 795.3946639054509 2.946288047216087 2.9186269743245337 778.644135714429 
184.0001881083613 1.2567018708243992E-89 49.87654156011304 1.3228560237472429 796.3593262958395 0.0 0.0 275.0 274.18734364473437 2.8958474148120263 796.358039073307 1.3251412253604502 797.7350176669844 2.9094523731941937 2.9186269743245337 778.644135714429 
185.00010904679553 1.1704333439287521E-89 49.88984374473146 1.3213076302109037 795.4271933869634 0.0 0.0 275.0 270.81030510965275 2.892458063908006 795.4259675747015 1.314158603604237 791.1234793697556 2.921319700332027 2.9186269743245337 778.644135714429 
186.00019865453095 2.5157577732384596E-89 49.85991881687008 1.32563227894929 798.0306319274716 0.0 0.0 274.0 270.5278606948351 2.9125125189373056 798.0284301888213 1.3099966603713926 788.6179895435691 2.915108216647445 2.9186269743245337 778.644135714429 
187.00008093131314 2.5157577732384596E-89 49.87210828675867 1.3230363121507978 796.46785991478 0.0 0.0 273.0 270.0884582327034 2.9174569968280393 796.4657601340543 1.2985942613725419 781.7537453462662 2.894435957987961 2.9186269743245337 778.644135714429 
188.00030344582538 3.686118692812839E-89 49.82890451724559 1.3251713695871876 797.7531644914867 0.0 0.0 272.0 273.99714620325324 2.932908766417784 797.7511844656374 1.3129456632887737 790.393289299831 2.8846770860653823 2.9186269743245337 778.644135714429 
189.00030344582538 3.686118692812839E-89 49.82890451724559 1.3238548387749949 796.9606129425468 0.0 0.0 270.0 268.5499870547379 2.9516987011531217 796.958649311343 1.2819266861468006 771.7198650603708 2.8736544489315983 2.9186269743245337 778.644135714429 
190.00022623091903 5.488055809703492E-89 49.82890451724559 1.3242062708353268 797.1721750428676 0.0 0.0 271.0 274.78194771512494 2.9415876499838673 797.1702531456287 1.323933420827226 797.0079193379813 2.9005104810024287 2.9186269743245337 778.644135714429 
191.00019540456628 3.930463638768731E-89 49.741780190353154 1.325531512793656 797.9699707017811 0.0 0.0 271.0 268.37556128235946 2.944531623422156 797.9680699474042 1.3254087286099447 797.8960546231931 2.9730577956154587 2.915108216647445 788.6179895435691 
192.00026092842762 3.658332319544603E-89 49.741780190353154 1.324661466687774 797.4462029460394 0.0 0.0 269.0 269.6855581857639 2.9644774415464776 797.4444317760023 1.310527619498738 788.937626938248 2.9253981275290037 2.915108216647445 788.6179895435691 
193.00015918410634 4.716847747741009E-89 49.69316755317594 1.327197505799181 798.972898491107 0.0 0.0 272.0 265.1834045245544 2.9373939336994543 798.9711499662516 1.311256352647013 789.3763242934937 2.976718417612751 2.915108216647445 788.6179895435691 
194.00000158159597 5.747424477411379E-89 49.623645795114996 1.3266697536253906 798.6551916824849 0.0 0.0 271.0 263.56812281584973 2.9470608967788863 798.6535030270778 1.3058355536405364 786.1130032916124 2.9825799679153735 2.915108216647445 788.6179895435691 
195.00030344582538 9.399195115502399E-89 49.65342891661395 1.3254776769795034 797.9375615416609 0.0 0.0 271.0 257.0592970090151 2.944412907375499 797.93589789876 1.2692312432806987 764.0772084549873 2.9723772582642325 2.915108216647445 788.6179895435691 
196.00030344582538 1.2378454153490636E-88 49.433785950142195 1.325042010135551 797.6752901016009 0.0 0.0 271.0 264.8098528990295 2.943445284650734 797.6736721403488 1.3035292216779535 784.7245914501366 2.96335118523459 2.915108216647445 788.6179895435691 
197.0000188077982 1.117159124105535E-88 49.32350701881357 1.3223591084916417 796.0601833119679 0.0 0.0 272.0 266.5864632006122 2.9266862100244353 796.0586491266463 1.3198475513021344 794.5482258838842 2.980452256819842 2.915108216647445 788.6179895435691 
198.00030344582538 8.316170210052363E-89 49.30460329781351 1.3231032430146554 796.5081522948223 0.0 0.0 271.0 269.64951173177496 2.939139010905095 796.5066719552804 1.3153729170791701 791.854496081668 2.936606452561796 2.915108216647445 788.6179895435691 
199.00003391865656 7.92448547267089E-89 49.19925892975929 1.3232761609486676 796.6122488910972 0.0 0.0 271.0 272.47729673589623 2.939525822469851 796.6114978893293 1.3289353924971268 800.0191062832632 2.9360945512414447 2.915108216647445 788.6179895435691 
200.0001556174305 8.442650350743208E-89 49.19925892975929 1.32424930334683 797.1980806147919 0.0 0.0 270.0 265.35339995377245 2.9525828748213714 797.1973762017702 1.2817778966534026 771.6302937853425 2.9079344523935595 2.915108216647445 788.6179895435691 
201.00018878673436 9.07611540192976E-89 49.19925892975929 1.3259070130819455 798.1960218753312 0.0 0.0 269.0 270.6480857749323 2.9672664384177185 798.1946719343667 1.3083984229850438 787.6558506370045 2.9102583466709224 2.980452256819842 794.5482258838842 
202.00030344582538 8.519071815469117E-89 49.02899679048156 1.3283065523560325 799.640544518332 0.0 0.0 270.0 269.3654024584696 2.9616270714996746 799.6393093049126 1.2992881401279381 782.1714603570199 2.9037562107762303 2.936606452561796 791.854496081668 
203.00030344582538 1.0301512471657523E-88 49.07477854886818 1.3276916236372265 799.2703574296096 0.0 0.0 270.0 266.547417874593 2.960256033217896 799.2691289688318 1.2962180327429973 780.3232557112887 2.927521346608656 2.9360945512414447 800.0191062832632 
204.00030344582538 1.0301512471657523E-88 49.07477854886818 1.3284839955241297 799.7473653055257 0.0 0.0 270.0 268.38884859495147 2.9620228301191043 799.7461641321582 1.3102876023794512 788.7931366324364 2.9389937054459048 2.9079344523935595 771.6302937853425 
205.00008565168147 8.519071815469117E-89 49.07477854886818 1.3276145434844762 799.2239551776538 0.0 0.0 269.0 262.91998164291806 2.971088441924312 799.2227908776393 1.2806296704405487 770.9390616052139 2.9322193649482924 2.9102583466709224 787.6558506370045 
206.0000828949785 8.11801097995242E-89 49.07477854886818 1.329954659096391 800.6327047760269 0.0 0.0 269.0 257.6705316348362 2.976325507798717 800.631561597855 1.248082348936655 751.3455740598683 2.9159157987249205 2.9037562107762303 782.1714603570199 
207.0000020090417 9.816537900664176E-89 49.07477854886818 1.3273856429077258 799.0861570304514 0.0 0.0 267.0 268.86129135490296 2.9928278187436845 799.0850276045642 1.3142810472053073 791.1971904176003 2.9427709226212193 2.927521346608656 780.3232557112887 
208.00030344582538 8.492090244454574E-89 48.981080756255935 1.3263300746192928 798.4507049208138 0.0 0.0 268.0 256.54585541857824 2.9792895461517603 798.4495983686712 1.272797080846974 766.2238426698837 2.986693514965263 2.9389937054459048 788.7931366324364 
209.00006798528463 7.022728638633863E-89 48.90521888922809 1.3237818777278867 796.9166903921875 0.0 0.0 267.0 261.4558295651855 2.984702688349326 796.91561778927 1.3143904287742378 791.2630381220894 3.0263736686919565 2.9322193649482924 770.9390616052139 
210.00030344582538 6.690923039215783E-89 48.79666128929055 1.3249071781363024 797.5941212380535 0.0 0.0 269.0 260.1687397328552 2.965030037813764 797.5930801719026 1.3356966220108006 804.089366450502 3.0906455836168165 2.9159157987249205 751.3455740598683 
211.000105106574 9.182827565903528E-89 48.709718123983116 1.3265473530852243 798.5815065573045 0.0 0.0 269.0 261.68839636678973 2.9687006850188573 798.5804842700724 1.3025419287445905 784.130241104253 2.9964272470270106 2.9427709226212193 791.1971904176003 
212.00030344582538 9.638207726010173E-89 48.709718123983116 1.3279511956660666 799.4266197909715 0.0 0.0 269.0 269.28549085677736 2.97184253058599 799.425640727631 1.366400955126368 822.5733749860686 3.0546516723530566 2.986693514965263 766.2238426698837 
213.00030344582538 1.0938522427187094E-88 48.709718123983116 1.3253132736927353 797.8385907630254 0.0 0.0 269.0 262.07448648373366 2.9659392749184224 797.8376649530547 1.3133159717456067 790.6162149908598 3.0167614772372415 3.0263736686919565 791.2630381220894 
214.00020549047838 1.0938522427187094E-88 48.709718123983116 1.3223606060955861 796.0610848695425 0.0 0.0 269.0 266.7621295559386 2.9593314525827594 796.0601607447621 1.341481557488728 807.5718976082267 3.0273108816177867 3.0263736686919565 791.2630381220894 
215.00030344582538 1.1827198508890677E-88 48.709718123983116 1.3198988536152472 794.5791098763779 0.0 0.0 269.0 262.98128737657686 2.9538222924018873 794.5781966561074 1.326778188385275 798.7204694079292 3.0371760568051327 2.9964272470270106 784.130241104253 
216.0001517306527 1.6223895250655674E-88 48.66427692970422 1.3186609252237185 793.833876984678 0.0 0.0 269.0 261.05487446304045 2.951051969941148 793.8329799141684 1.2849320208797925 773.5290765696253 2.963089956319279 3.0546516723530566 822.5733749860686 
217.00027143825164 2.8638019004281606E-88 48.55436589966592 1.3200912524884996 794.6949339980761 0.0 0.0 270.0 263.92541528204555 2.943311428772327 794.6940857685281 1.3069451801522292 786.780998451631 2.9810732612121975 3.0167614772372415 790.6162149908598 
218.00027570219032 3.6147284839062477E-88 48.55436589966592 1.3193092522074814 794.224169828903 0.0 0.0 271.0 261.31028836345934 2.930713369665901 794.2233231794588 1.2789700837623195 769.9399904249094 2.9464587684124837 3.0273108816177867 807.5718976082267 
219.00028769564693 3.794490240378533E-88 48.437167853548395 1.3161867328599077 792.344413181664 0.0 0.0 271.0 265.8132481640448 2.9237771822437697 792.3436163880615 1.3057872512612372 786.0839252592608 2.9572789568943327 3.0906455836168165 804.089366450502 
220.00007208777018 3.528008019204175E-88 48.34737333266131 1.3155108558548945 791.9375352246465 0.0 0.0 270.0 265.6919590429859 2.9330991626347793 791.9367739113904 1.2968592252652562 780.7092536096892 2.9384000043576006 3.0906455836168165 804.089366450502 
221.00030344582538 3.528008019204175E-88 48.287245133421635 1.31236112513297 790.0413973300477 0.0 0.0 270.0 264.31603441113896 2.9260764857067847 790.0406511408323 1.2815506116756357 771.4934682287402 2.918829612238717 3.0906455836168165 804.089366450502 
222.00030344582538 3.757485853540813E-88 48.287245133421635 1.3136472431719188 790.8156403894947 0.0 0.0 270.0 266.5670235318356 2.9289440775386484 790.8149009354346 1.2904736562110657 776.8651410390569 2.9143332537765207 3.0906455836168165 804.089366450502 
223.0001035793202 3.327318566751076E-88 48.287245133421635 1.3108050142663743 789.104618588358 0.0 0.0 269.0 265.83445756727093 2.9334717109565425 789.10389024731 1.2772476788934266 768.9031026938479 2.8924132323939706 2.9572789568943327 786.0839252592608 
224.0001208833467 4.194468965754361E-88 48.46139249303864 1.3116757049907362 789.628774404423 0.0 0.0 269.0 260.6520295651141 2.9354191885954863 789.6277617321862 1.2746048274290882 767.3121061123145 2.9438178839141953 3.0906455836168165 804.089366450502 
225.00030344582538 4.194468965754361E-88 48.24675448596595 1.3044891125407392 785.3024457495251 0.0 0.0 270.0 263.20803282607017 2.9085239014635382 785.301453395156 1.2680443813030866 763.3627175444539 2.900225761912402 2.9384000043576006 780.7092536096892 
226.00030344582538 4.194468965754361E-88 48.37961566117897 1.300551200594043 782.9318227576141 0.0 0.0 271.0 264.3926816038715 2.8890448810368445 782.9311627609852 1.2739234766519856 766.901932944502 2.9006170983715776 2.9143332537765207 776.8651410390569 
227.000092996249 4.194468965754361E-88 48.24434220863936 1.299631599252329 782.3782227499015 0.0 0.0 271.0 255.24605056066096 2.8870022934981003 782.3776215379849 1.2518584881566466 753.6188098703062 2.9525189839958115 2.9143332537765207 776.8651410390569 
228.00017861619241 4.757077034130526E-88 48.278929712843826 1.3020973368762814 783.8625967995213 0.0 0.0 271.0 262.1829631354635 2.8924797213126916 783.8620044757388 1.288681148619041 775.7860514686647 2.958949133044297 2.9143332537765207 776.8651410390569 
229.00008474067266 5.548347179051958E-88 48.278929712843826 1.3004243720577326 782.8554719787547 0.0 0.0 270.0 265.8751660708935 2.8994616484064335 782.8546450697363 1.293695447164732 778.8046591931701 2.9292117451296975 2.9143332537765207 776.8651410390569 
230.00030344582538 5.685676274182843E-88 48.278929712843826 1.2973490659982596 781.004137730952 0.0 0.0 270.0 266.54874323077553 2.8926050112255637 781.0033530309015 1.2953706460431875 779.8131289180052 2.925592968348194 2.9006170983715776 766.901932944502 
231.00030344582538 9.399126359747616E-88 48.17363570410509 1.2945443380745107 779.3156915208544 0.0 0.0 270.0 262.8531447165909 2.8863516493932844 779.3149453361859 1.2768698447370612 768.6756465317179 2.9243540052012937 2.9525189839958115 753.6188098703062 
232.00030344582538 1.134677328163314E-87 47.98799057283602 1.294448435709523 779.2579582971329 0.0 0.0 270.0 266.7407679888825 2.8861379109931935 779.2572359681614 1.2871843422679226 774.8849740452887 2.905011408220828 2.9525189839958115 753.6188098703062 
233.00030344582538 1.134677328163314E-87 47.98799057283602 1.291138285508357 777.2652478760301 0.0 0.0 273.0 267.7383295032709 2.847124573381899 777.2650085332576 1.281310768679855 771.3490827452775 2.8809811586422636 2.9525189839958115 753.6188098703062 
234.0000172165436 1.0656524141883613E-87 47.98799057283602 1.2876067680327927 775.1392743557403 0.0 0.0 273.0 266.0330947758807 2.83933713573439 775.1390380554884 1.282176446822679 771.8702209872616 2.901406765340691 2.9525189839958115 753.6188098703062 
235.00030344582538 9.429199354209802E-88 47.847432053991675 1.2856799317326046 773.9793189030288 0.0 0.0 273.0 262.0976882699747 2.8350882781902236 773.9790999459318 1.2499684950324135 752.4810340095071 2.8709945477825474 2.925592968348194 779.8131289180052 
236.00030344582538 7.748161841712244E-88 47.67337211442952 1.2807973660858643 771.0400143836897 0.0 0.0 273.0 265.61510186156494 2.824321624526485 771.0398034957298 1.2818347958489844 771.6645471010972 2.905198317764622 2.925592968348194 779.8131289180052 
237.00003535557454 9.958569245424226E-88 47.83281423859305 1.2844720878135878 773.2521968637801 0.0 0.0 272.0 267.1954781535138 2.8428376566627844 773.2518426122779 1.2611196419219506 759.1940244370103 2.8413430859066593 2.905011408220828 774.8849740452887 
238.00030344582538 9.353079370238946E-88 47.81448184021561 1.2829087361884441 772.3110591854438 0.0 0.0 270.0 270.6236171108153 2.8604100751028474 772.3107202777691 1.2722834578414988 765.9146416205815 2.8301840386197847 2.8809811586422636 771.3490827452775 
239.0000380879513 1.5443940790241945E-87 47.83281423859305 1.2800233178227651 770.5740373293047 0.0 0.0 271.0 268.166514240678 2.8434454945039747 770.5737290105768 1.2611228118542852 759.1959327362855 2.8310616442398593 2.8709945477825474 752.4810340095071 
240.00030344582538 1.3146062709446686E-87 47.86630893032401 1.2788975427872995 769.8963207579548 0.0 0.0 270.0 271.0600013237594 2.8514667418111777 769.896020289018 1.275801405314427 768.0324459992945 2.8334407225282248 2.905198317764622 771.6645471010972 
241.0002385915972 1.4153646584625848E-87 47.77943074069506 1.2775956289424228 769.1125686233382 0.0 0.0 272.0 258.0008751960981 2.8276191224953284 769.1124013187292 1.212642993319803 730.0110819785278 2.829490719454615 2.905198317764622 771.6645471010972 
242.00006262401897 1.3473840676448318E-87 47.71762293396839 1.2796393472839356 770.3428870649285 0.0 0.0 271.0 265.92365736416684 2.842592677468121 770.3426155938607 1.2471088126392758 750.7595052088385 2.8232144242086648 2.8301840386197847 765.9146416205815 
243.00003404928228 1.7079671696956667E-87 47.883331088434524 1.2802885705188325 770.7337194523373 0.0 0.0 271.0 267.07266532654955 2.8440349015967166 770.7334583327099 1.255349054814684 755.7201309984443 2.8296423749485027 2.8301840386197847 765.9146416205815 
244.00024545192554 2.3356169996683173E-87 47.793235681368685 1.2781219596953275 769.4294197365869 0.0 0.0 271.0 268.14411646000957 2.839222005100747 769.4291633823025 1.2842353332478484 773.1096706152151 2.8831871488424583 2.8301840386197847 765.9146416205815 
245.00030344582538 2.1165495819389626E-87 47.632866965398975 1.2785170926296319 769.6672897630376 0.0 0.0 271.0 256.79280780347614 2.8400998312383283 769.667054265587 1.2225536297637967 735.9772851177951 2.8660354291582784 2.8301840386197847 765.9146416205815 
246.00030344582538 1.7574323886213191E-87 47.66595683341962 1.2767431417439283 768.5993713298451 0.0 0.0 271.0 266.4245011254587 2.8361591773649826 768.5991370659098 1.2629129838424387 760.2736162731585 2.853617490364174 2.8301840386197847 765.9146416205815 
247.00020341884587 3.1622959118425324E-87 47.59927118468781 1.275524232115142 767.8655877333155 0.0 0.0 271.0 257.74679723553055 2.8334515193724994 767.8653617499475 1.21544336028535 731.6969028917804 2.838820543027549 2.8301840386197847 765.9146416205815 
248.00004144753703 2.7946726641925754E-87 47.59927118468781 1.274283230694703 767.1185048782114 0.0 0.0 270.0 260.2123420355816 2.841178276851074 767.1181347497898 1.2304565538199759 740.7348453996258 2.846655310832017 2.8301840386197847 765.9146416205815 
249.00003048553847 3.327146350346045E-87 47.706490120901385 1.2727773412872319 766.2119594549133 0.0 0.0 270.0 255.51798249696893 2.8378207906243023 766.2116134685612 1.19574210069511 719.8367446184672 2.8171666729053255 2.8831871488424583 773.1096706152151 
250.0001593847128 3.327146350346045E-87 47.7064901207771 1.2708501707692308 765.0518028030759 0.0 0.0 270.0 265.71711124112966 2.8335238941106216 765.0514514098674 1.255729685036265 755.9492703918335 2.844940120193592 2.8831871488424583 773.1096706152151 
251.00003208012333 5.150179927394294E-87 48.030932366058764 1.2680249158960786 763.3509993694393 0.0 0.0 270.0 259.98633280641855 2.82722469766297 763.350668369002 1.2316112950204126 741.4299996022987 2.8518037529086384 2.8831871488424583 773.1096706152151 
252.00017281507 0.0 0.0 0.0 0.0 0.0 0.0 271.0 256.825830099698 0.0 0.0 1.046993305254113 630.289969762972 2.454153343993078 2.8831871488424583 773.1096706152151 
253.00025257757662 0.0 0.0 0.0 0.0 0.0 0.0 270.0 267.99807526112016 0.0 0.0 0.45602188813794975 274.52517665904384 1.02435503087686 2.838820543027549 731.6969028917804 
254.00006440564596 0.0 0.0 0.0 0.0 0.0 0.0 271.0 265.4489236749766 0.0 0.0 0.09925254937721488 59.75003472508295 0.22509051420469361 2.8171666729053255 719.8367446184672 
255.00030344582538 0.0 0.0 0.0 0.0 0.0 0.0 270.0 268.423729937977 0.0 0.0 0.016005064501525196 9.635048829918274 0.035894921928640904 2.844940120193592 755.9492703918335 
256.00009156753464 0.0 0.0 0.0 0.0 0.0 0.0 270.0 268.3239845040139 0.0 0.0 0.002311090890617916 1.391276716151974 0.005185062821438393 2.8518037529086384 741.4299996022987 
257.00021703492547 0.0 0.0 0.0 0.0 0.0 0.0 270.0 268.68178778316144 0.0 0.0 0.0014497560699878189 0.8727531541326576 0.0032482780516445335 2.454153343993078 630.289969762972 
258.00030344582535 0.0 0.0 0.0 0.0 0.0 0.0 271.0 267.28729497774924 0.0 0.0 0.0011528394068778451 0.6940093229404577 0.0025964919993605815 1.02435503087686 274.52517665904384 
259.00001819501057 0.0 0.0 0.0 0.0 0.0 0.0 271.0 253.51002664570288 0.0 0.0 6.841568684670356E-4 0.41186243481715235 0.0016246396257642208 1.02435503087686 274.52517665904384 
260.00003727144883 0.0 0.0 0.0 0.0 0.0 0.0 271.0 257.15180006383616 0.0 0.0 6.408758314071322E-4 0.38580725050709497 0.0015003093519521192 1.02435503087686 274.52517665904384 
261.00005905365134 0.0 0.0 0.0 0.0 0.0 0.0 271.0 271.27244068454434 0.0 0.0 5.189927467673039E-4 0.31243363355391884 0.001151733780127115 1.02435503087686 274.52517665904384 
262.0000774820374 0.0 0.0 0.0 0.0 0.0 0.0 271.0 255.62787011264885 0.0 0.0 9.178728545996598E-5 0.05525594584689908 2.1615775237085518E-4 1.02435503087686 274.52517665904384 
263.00030344582535 0.0 0.0 0.0 0.0 0.0 0.0 271.0 266.29279018924444 0.0 0.0 2.5263726377845627E-5 0.01520876327946318 5.711293673649547E-5 1.02435503087686 274.52517665904384 
264.00030344582535 0.0 0.0 0.0 0.0 0.0 0.0 271.0 268.735656983222 0.0 0.0 1.313043320766265E-6 7.904520791012995E-4 2.9413740177793E-6 0.0016246396257642208 0.41186243481715235 
265.0000897228532 0.0 0.0 0.0 0.0 0.0 0.0 271.0 264.7329926925339 0.0 0.0 7.825174317404318E-8 4.710754939077431E-5 1.7794362883014713E-7 0.0016246396257642208 0.41186243481715235 
266.0000547909788 0.0 0.0 0.0 0.0 0.0 0.0 271.0 252.84229646251976 0.0 0.0 4.1328861135616114E-8 2.487997440364068E-5 9.84011565775696E-8 0.0016246396257642208 0.41186243481715235 
267.00003193085035 0.0 0.0 0.0 0.0 0.0 0.0 271.0 265.4569075699057 0.0 0.0 1.692623818447441E-8 1.0189595387053666E-5 3.838512050913698E-8 2.1615775237085518E-4 0.05525594584689908 
268.00001326573295 0.0 0.0 0.0 0.0 0.0 0.0 271.0 257.0842155762099 0.0 0.0 2.9751155648936642E-9 1.7910195700660054E-6 6.966664857473821E-9 2.1615775237085518E-4 0.05525594584689908 
269.00030344582535 0.0 0.0 0.0 0.0 0.0 0.0 271.0 263.72622442542536 0.0 0.0 7.179790771280243E-10 4.3222340443106756E-7 1.6389094614035573E-9 2.1615775237085518E-4 0.05525594584689908 
270.0000437078027 0.0 0.0 0.0 0.0 0.0 0.0 271.0 262.77484152805283 0.0 0.0 6.657703640960155E-10 4.00793759185804E-7 1.5252364223879354E-9 2.1615775237085518E-4 0.05525594584689908 
271.00030344582535 0.0 0.0 0.0 0.0 0.0 0.0 271.0 254.84700779138595 0.0 0.0 5.502038589737437E-10 3.3122272310219024E-7 1.2996924153542519E-9 2.1615775237085518E-4 0.05525594584689908 
272.00002340965057 0.0 0.0 0.0 0.0 0.0 0.0 271.0 266.12252497618533 0.0 0.0 1.4617377831103084E-10 8.799661454324103E-8 3.3066203077366577E-10 2.1615775237085518E-4 0.05525594584689908 
273.00030344582535 0.0 0.0 0.0 0.0 0.0 0.0 271.0 267.0844844456585 0.0 0.0 1.1685051631367604E-11 7.034401082083228E-9 2.6337737651377722E-11 6.966664857473821E-9 1.7910195700660054E-6 
274.0001698260317 0.0 0.0 0.0 0.0 0.0 0.0 272.0 264.6420707329749 0.0 0.0 1.2081939587899246E-13 7.27332763191533E-11 2.7483640873012034E-13 1.6389094614035573E-9 4.3222340443106756E-7 
275.0000300190221 0.0 0.0 0.0 0.0 0.0 0.0 273.0 263.21141897130326 0.0 0.0 1.1034690160716432E-15 6.642883476751243E-13 2.5237824037852577E-15 1.5252364223879354E-9 4.00793759185804E-7 
276.0000124094314 0.0 0.0 0.0 0.0 0.0 0.0 274.0 254.5804496470932 0.0 0.0 -5.3225120598310585E-15 -3.204152260018343E-12 -1.2586010687230822E-14 1.2996924153542519E-9 3.3122272310219024E-7 
277.00030344582535 0.0 0.0 0.0 0.0 0.0 0.0 274.0 268.0030944063612 0.0 0.0 -2.9177833243009517E-15 -1.7565055612291612E-12 -6.55404955349452E-15 3.3066203077366577E-10 8.799661454324103E-8 
278.00001797165766 0.0 0.0 0.0 0.0 0.0 0.0 273.0 267.12406181388775 0.0 0.0 2.68440220795789E-16 1.6160101291906572E-13 6.049661412817889E-16 3.3066203077366577E-10 8.799661454324103E-8 
279.00030344582535 0.0 0.0 0.0 0.0 0.0 0.0 273.0 269.12143202419554 0.0 0.0 3.5789045156849944E-16 2.1545005184423506E-13 8.005681681452441E-16 3.3066203077366577E-10 8.799661454324103E-8 
280.00030344582535 0.0 0.0 0.0 0.0 0.0 0.0 273.0 270.39617096799986 0.0 0.0 6.993796954633635E-17 4.2102657666894704E-14 1.5570729983405481E-16 3.3066203077366577E-10 8.799661454324103E-8 
281.0002574333683 0.0 0.0 0.0 0.0 0.0 0.0 273.0 268.46174069402315 0.0 0.0 1.1864171070275303E-17 7.142230984305757E-15 2.660427875436467E-17 3.3066203077366577E-10 8.799661454324103E-8 
282.0001470216285 0.0 0.0 0.0 0.0 0.0 0.0 274.0 267.0745054609803 0.0 0.0 2.5040898460574246E-18 1.5074620873265578E-15 5.644350383517976E-18 3.3066203077366577E-10 8.799661454324103E-8 
283.0000958776201 0.0 0.0 0.0 0.0 0.0 0.0 274.0 270.5912929968342 0.0 0.0 1.5001972818343256E-18 9.031187636642763E-16 3.3375751069523226E-18 3.3066203077366577E-10 8.799661454324103E-8 
284.00030344582535 0.0 0.0 0.0 0.0 0.0 0.0 274.0 258.57881823569636 0.0 0.0 8.428493869968205E-19 5.073953309720831E-16 1.962246306306454E-18 3.3066203077366577E-10 8.799661454324103E-8 
285.00030344582535 0.0 0.0 0.0 0.0 0.0 0.0 277.0 264.0540771811867 0.0 0.0 1.813135755853749E-19 1.0915077250239596E-16 4.1336522301641904E-19 3.3066203077366577E-10 8.799661454324103E-8 
286.00030344582535 0.0 0.0 0.0 0.0 0.0 0.0 275.0 264.2964177134163 0.0 0.0 8.902447148720717E-21 5.359273183529878E-18 2.0277509736590837E-20 3.3066203077366577E-10 8.799661454324103E-8 
287.00030344582535 0.0 0.0 0.0 0.0 0.0 0.0 276.0 265.887445581135 0.0 0.0 5.931578406253037E-23 3.570810200564326E-20 1.3429781134493996E-22 2.660427875436467E-17 7.142230984305757E-15 
288.0002278512062 0.0 0.0 0.0 0.0 0.0 0.0 277.0 267.55702948587606 0.0 0.0 2.0793217535037646E-25 1.2517516956092803E-22 4.678448172393686E-25 5.644350383517976E-18 1.5074620873265578E-15 
289.0000117132242 0.0 0.0 0.0 0.0 0.0 0.0 277.0 272.44195867508716 0.0 0.0 1.2284386052849733E-25 7.395200403815556E-23 2.7144131688742675E-25 1.962246306306454E-18 5.073953309720831E-16 
290.00004564706063 0.0 0.0 0.0 0.0 0.0 0.0 276.0 272.12067454646024 0.0 0.0 1.0065504831105646E-25 6.059433908325623E-23 2.226745144750504E-25 4.1336522301641904E-19 1.0915077250239596E-16 
291.00009531515803 0.0 0.0 0.0 0.0 0.0 0.0 275.0 270.1165905639756 0.0 0.0 9.779287586593484E-26 5.887131127129273E-23 2.1794778006184476E-25 2.0277509736590837E-20 5.359273183529878E-18 
292.00030344582535 0.0 0.0 0.0 0.0 0.0 0.0 274.0 254.95564566442704 0.0 0.0 2.2021355086191922E-26 1.3256855761887657E-23 5.199671388856534E-26 1.3429781134493996E-22 3.570810200564326E-20 
293.00030344582535 0.0 0.0 0.0 0.0 0.0 0.0 275.0 274.11134799299924 0.0 0.0 3.318495952225245E-27 1.9977345632395895E-24 7.288040345161526E-27 4.678448172393686E-25 1.2517516956092803E-22 
294.00030344582535 0.0 0.0 0.0 0.0 0.0 0.0 275.0 265.85035777878187 0.0 0.0 2.2840200321224824E-28 1.374980059337728E-25 5.1720075565287365E-28 2.7144131688742675E-25 7.395200403815556E-23 
295.00030344582535 0.0 0.0 0.0 0.0 0.0 0.0 275.0 269.3067370773327 0.0 0.0 1.1163927383406087E-29 6.720684284810483E-27 2.4955500028506924E-29 1.962246306306454E-18 5.073953309720831E-16 
296.00030344582535 0.0 0.0 0.0 0.0 0.0 0.0 274.0 266.439952939942 0.0 0.0 1.248908280383921E-30 7.518427847911106E-28 2.8218094790032592E-30 2.226745144750504E-25 6.059433908325623E-23 
297.00030344582535 0.0 0.0 0.0 0.0 0.0 0.0 275.0 269.32291047996245 0.0 0.0 4.636563758912832E-31 2.791211382865561E-28 1.0363809665844326E-30 5.199671388856534E-26 1.3256855761887657E-23 
298.00030344582535 0.0 0.0 0.0 0.0 0.0 0.0 275.0 265.1322701935245 0.0 0.0 1.1581962070674592E-31 6.972341166546066E-29 2.629759539062083E-31 5.199671388856534E-26 1.3256855761887657E-23 
299.00001521048466 0.0 0.0 0.0 0.0 0.0 0.0 276.0 267.2132676807279 0.0 0.0 9.8897062282481E-32 5.953603149405293E-29 2.2280342593313086E-31 5.199671388856534E-26 1.3256855761887657E-23 
300.00030344582535 0.0 0.0 0.0 0.0 0.0 0.0 276.0 271.337753025442 0.0 0.0 1.0325192251742077E-31 6.215765735548724E-29 2.2907854385327287E-31 5.199671388856534E-26 1.3256855761887657E-23 
#####################################################################
# End of data export. Simulation finished at: 2021-12-09T08:55+0000 #
#####################################################################
