#####################################################################
# Alchemist log file - simulation started at: 2021-12-09T08:43+0000 #
#####################################################################
# random = 9.0
#
# The columns have the following meaning: 
# time localWarningInSystem[Min] localWarningInSystem[Max] localWarningInSystem[Mean] localWarningInSystem[Sum] meanWarningAtDetector[Sum] dataAtCollector[Sum] inSurveillanceArea[Sum] numDevicesAtDetector[Sum] localWarningInSurveillanceArea[Mean] localWarningInSurveillanceArea[Sum] sumWarningAtDetector[Mean] sumWarningAtDetector[Sum] meanWarningOverallAtDetector[Sum] meanWarningAtCollector[Sum] sumWarningAtCollector[Sum] 
0.0 0.0 0.0 0.0 0.0 0.0 0.0 0.0 0.0 0.0 0.0 0.0 0.0 0.0 0.0 0.0 
1.0015323036356916 0.0 0.0 0.0 0.0 0.0 0.0 136.0 1.0 0.0 0.0 0.0 0.0 0.0 0.0 0.0 
2.0 0.0 0.0 0.0 0.0 0.0 0.0 270.0 8.2149567095523 0.0 0.0 0.0 0.0 0.0 0.0 0.0 
3.00027086325258 0.0 0.0 0.0 0.0 0.0 0.0 282.0 43.29904658316463 0.0 0.0 0.0 0.0 0.0 0.0 0.0 
4.001297953657208 0.0 0.0 0.0 0.0 0.0 0.0 284.0 115.2920062378582 0.0 0.0 0.0 0.0 0.0 0.0 0.0 
5.000293935630078 0.0 0.0 0.0 0.0 0.0 0.0 284.0 190.8251241463423 0.0 0.0 0.0 0.0 0.0 0.0 0.0 
6.000601640849427 0.0 0.0 0.0 0.0 0.0 0.0 284.0 244.0784823596564 0.0 0.0 0.0 0.0 0.0 0.0 0.0 
7.000090414594584 0.0 0.0 0.0 0.0 0.0 0.0 284.0 262.90950291351083 0.0 0.0 0.0 0.0 0.0 0.0 0.0 
8.00116543708292 0.0 0.0 0.0 0.0 0.0 0.0 284.0 273.218270896793 0.0 0.0 0.0 0.0 0.0 0.0 0.0 
9.000088809993317 0.0 0.0 0.0 0.0 0.0 0.0 284.0 277.8489082021145 0.0 0.0 0.0 0.0 0.0 0.0 0.0 
10.000762161561587 0.0 0.0 0.0 0.0 0.0 0.0 284.0 278.1524960468275 0.0 0.0 0.0 0.0 0.0 0.0 0.0 
11.000140425220755 0.0 0.0 0.0 0.0 0.0 0.0 284.0 283.9775045358609 0.0 0.0 0.0 0.0 0.0 0.0 0.0 
12.000050856518778 0.0 0.0 0.0 0.0 0.0 0.0 284.0 282.9373198056429 0.0 0.0 0.0 0.0 0.0 0.0 0.0 
13.00047946416421 0.0 0.0 0.0 0.0 0.0 0.0 285.0 278.15205593691434 0.0 0.0 0.0 0.0 0.0 0.0 0.0 
14.000314210679381 0.0 0.0 0.0 0.0 0.0 0.0 285.0 277.59266796272954 0.0 0.0 0.0 0.0 0.0 0.0 0.0 
15.000523467474533 0.0 0.0 0.0 0.0 0.0 0.0 285.0 268.32246586730224 0.0 0.0 0.0 0.0 0.0 0.0 0.0 
16.00026820481981 0.0 0.0 0.0 0.0 0.0 0.0 285.0 272.74987501723166 0.0 0.0 0.0 0.0 0.0 0.0 0.0 
17.000044347345604 0.0 0.0 0.0 0.0 0.0 0.0 284.0 277.9072979312564 0.0 0.0 0.0 0.0 0.0 0.0 0.0 
18.00010428700958 0.0 0.0 0.0 0.0 0.0 0.0 285.0 275.60010730371397 0.0 0.0 0.0 0.0 0.0 0.0 0.0 
19.000307196884197 0.0 0.0 0.0 0.0 0.0 0.0 286.0 272.66919132142795 0.0 0.0 0.0 0.0 0.0 0.0 0.0 
20.00056315488854 0.0 0.0 0.0 0.0 0.0 0.0 284.0 280.8032223183153 0.0 0.0 0.0 0.0 0.0 0.0 0.0 
21.000008180018934 0.0 0.0 0.0 0.0 0.0 0.0 284.0 279.7425218859497 0.0 0.0 0.0 0.0 0.0 0.0 0.0 
22.000275130347617 0.0 0.0 0.0 0.0 0.0 0.0 285.0 276.043254117869 0.0 0.0 0.0 0.0 0.0 0.0 0.0 
23.00000210350163 0.0 0.0 0.0 0.0 0.0 0.0 286.0 276.38408204086636 0.0 0.0 0.0 0.0 0.0 0.0 0.0 
24.00014289869936 0.0 0.0 0.0 0.0 0.0 0.0 287.0 281.2797228107444 0.0 0.0 0.0 0.0 0.0 0.0 0.0 
25.000010269875144 0.0 0.0 0.0 0.0 0.0 0.0 287.0 276.60046656751786 0.0 0.0 0.0 0.0 0.0 0.0 0.0 
26.000200457284862 0.0 0.0 0.0 0.0 0.0 0.0 287.0 278.24477530635716 0.0 0.0 0.0 0.0 0.0 0.0 0.0 
27.000992819190486 0.0 0.0 0.0 0.0 0.0 0.0 288.0 282.1188046779228 0.0 0.0 0.0 0.0 0.0 0.0 0.0 
28.001052904114143 0.0 0.0 0.0 0.0 0.0 0.0 288.0 282.47523327987506 0.0 0.0 0.0 0.0 0.0 0.0 0.0 
29.001214425381463 0.0 0.0 0.0 0.0 0.0 0.0 287.0 281.9896259563463 0.0 0.0 0.0 0.0 0.0 0.0 0.0 
30.000095361356546 0.0 0.0 0.0 0.0 0.0 0.0 287.0 283.19803569380434 0.0 0.0 0.0 0.0 0.0 0.0 0.0 
31.000752129391547 7.529921506170643E-95 42.163325668582466 1.2345891656851553 743.2226777424622 0.0 0.0 288.0 283.0974793317538 2.580366841454653 743.145650338939 8.296053451877311E-5 0.04994224178030095 1.7641358693192414E-4 0.0 0.0 
32.000352020263 7.529921506170643E-95 41.89131645708806 1.228736996425566 739.6996718481901 0.0 0.0 288.0 282.0435983749626 2.56813814047785 739.6237844576204 0.09469675464906248 57.007446298735964 0.20212281585965114 0.0 0.0 
33.000244979114875 7.529921506170643E-95 41.72339047979018 1.227848760779101 739.1649539890175 0.0 0.0 287.0 276.0588155402985 2.575135722397712 739.0639523281424 0.4842571715887966 291.52281729645347 1.0560170546478982 0.0 0.0 
34.0001128219413 5.6940282553881124E-95 42.16590239516147 1.2263449835865423 738.2596801190984 0.0 0.0 288.0 275.42696429722565 2.5630633146259476 738.1622346122726 0.9306818304913376 560.2704619557942 2.0341888579622913 0.0 0.0 
35.00009090820635 9.143522716905012E-95 42.41046838563117 1.231288807742838 741.2358622611879 0.0 0.0 288.0 280.80911272129794 2.573411087084643 741.1423930803771 1.1543342978905762 694.9092473301286 2.474667722125612 1.7641358693192414E-4 0.04994224178030095 
36.00001714152215 1.1711851577475754E-94 42.32925950465847 1.2271228823535751 738.7279751768524 0.0 0.0 288.0 280.400415980826 2.5647159623784592 738.6381971649961 1.1923560952656198 717.7983693499 2.559904794859447 0.20212281585965114 57.007446298735964 
37.0007051323678 1.2530458939740456E-94 42.30104940272961 1.221571054844995 735.3857750166882 0.0 0.0 288.0 277.13300791989974 2.553115272598066 735.2971985082435 1.1870433141839574 714.6000751387373 2.5785455168345717 1.0560170546478982 291.52281729645347 
38.00053021432736 1.299237173242593E-94 42.463042803971526 1.2181863161074813 733.348162296704 0.0 0.0 288.0 276.15275216991625 2.5460450540063126 733.260975553818 1.1836777241245073 712.5739899229443 2.580361717650016 2.0341888579622913 560.2704619557942 
39.000006164736014 1.2143587884636237E-94 42.43474354292292 1.220378490979091 734.6678515694134 0.0 0.0 288.0 280.9164728700065 2.5506352840260846 734.5829617995129 1.2104139017164277 728.6691688332845 2.5938997503022 2.474667722125612 694.9092473301286 
40.000211751306416 1.479863012943502E-94 42.43474354292292 1.2178440039653764 733.1420903871568 0.0 0.0 287.0 280.48673402790155 2.5541287249960347 733.0349440738624 1.1868889566773864 714.5071519197878 2.547383049669336 2.559904794859447 717.7983693499 
41.000743030425795 1.5069342702496318E-94 42.38879746268934 1.216742103537635 732.4787463296561 0.0 0.0 287.0 286.9126024009634 2.551828190728265 732.3746907390123 1.2296650977109493 740.2583888219915 2.5800832121953032 2.5785455168345717 714.6000751387373 
42.00026625474853 1.408534109128911E-94 42.5274939485116 1.21759504075402 732.9922145339202 0.0 0.0 287.0 283.86202395945776 2.5536268168919665 732.8908964479944 1.2126065617404829 729.9891501677675 2.5716337112851253 2.580361717650016 712.5739899229443 
43.00000189839462 1.8452116182564737E-94 42.5274939485116 1.2153149316936493 731.6195888795766 0.0 0.0 288.0 276.4475638173762 2.5400022759347696 731.5206554692135 1.1549512249657452 695.2806374293856 2.5150543120311033 2.5938997503022 728.6691688332845 
44.0004161796627 1.7794908829578415E-94 42.922698269619744 1.2169689088466713 732.6152831256961 0.0 0.0 288.0 275.2579801706371 2.543463784856264 732.5175700386038 1.1976362975224621 720.9770511085194 2.6192775615863106 2.547383049669336 714.5071519197878 
45.00035191726007 1.8452116182564737E-94 43.38588321021949 1.2182868469372514 733.4086818562245 0.0 0.0 288.0 282.4875713447696 2.546233459617553 733.3152363698549 1.2061049582131305 726.075184844305 2.5702907260232943 2.5800832121953032 740.2583888219915 
46.00046119104672 1.6547676990090197E-94 43.30785886342364 1.2156231700311624 731.8051483587594 0.0 0.0 288.0 283.4452891514861 2.5406711010219736 731.7132770943279 1.2201404249989947 734.5245358494002 2.591415571055184 2.5716337112851253 729.9891501677675 
47.000032013180004 1.6547676990090197E-94 43.30785886342364 1.2151088583440015 731.4955327230887 0.0 0.0 288.0 278.3936571623818 2.5396037344206692 731.4058755131523 1.186935618860196 714.535242553837 2.5666362151960302 2.5150543120311033 695.2806374293856 
48.00006037115544 1.5107063191364222E-94 43.42929079370367 1.215567385317087 731.771565960886 0.0 0.0 287.0 280.04007092995494 2.5494146385298726 731.6820012580737 1.1848088043310787 713.2549002073047 2.546974430618923 2.6192775615863106 720.9770511085194 
49.00002453001846 1.5107063191364222E-94 43.904771546018274 1.214647745025602 731.2179425054122 0.0 0.0 286.0 280.07141775882064 2.5564018873890633 731.1309397932721 1.2124253111937073 729.8800373386033 2.6060497111030756 2.5702907260232943 726.075184844305 
50.0001159581238 1.728982107072058E-94 44.194519280061705 1.2122181758820187 729.7553418809749 0.0 0.0 286.0 280.33081948146 2.5512933747483237 729.6699051780207 1.212517135161132 729.9353153670082 2.603835413877079 2.5702907260232943 726.075184844305 
51.00002491393893 1.9787077281177606E-94 44.13170952798615 1.2098945764701468 728.3565350350287 0.0 0.0 287.0 282.609366598946 2.5376058692318586 728.2928844695434 1.2034127985050889 724.4545047000591 2.5634483153141217 2.5702907260232943 726.075184844305 
52.00003511194219 1.7193173156001338E-94 44.05993134728822 1.2089442383703877 727.7844314989728 0.0 0.0 287.0 279.72570325592653 2.5356150476718553 727.7215186818221 1.21455891176137 731.1644648803516 2.613862281405706 2.5702907260232943 726.075184844305 
53.0002011449101 1.7193173156001338E-94 44.1687466615153 1.2063648496414787 726.2316394841699 0.0 0.0 289.0 273.0049772613309 2.5127611591153185 726.1879749843268 1.1533241451673635 694.3011353907547 2.543181235579243 2.5702907260232943 726.075184844305 
54.00017173635162 2.453092625527581E-94 44.3980357081071 1.20397721097235 724.7942810053546 0.0 0.0 288.0 279.2405180289642 2.516499976825042 724.751993325612 1.1937543097718926 718.6400944826725 2.573552361080105 2.5702907260232943 726.075184844305 
55.00101610977738 2.453092625527581E-94 44.3980357081071 1.2012228510641356 723.13615634061 0.0 0.0 287.0 280.6790364202372 2.5194380385582633 723.0787170662217 1.195973470476093 719.9760292266103 2.5651222065215107 2.5702907260232943 726.075184844305 
56.00010059870006 3.2118934909741707E-94 44.87888648082677 1.1989782970356861 721.7849348154833 0.0 0.0 287.0 278.7128043156612 2.51473407524088 721.7286795941327 1.2035796379086403 724.5549420210068 2.5996471306729028 2.5702907260232943 726.075184844305 
57.000163759419486 3.2118934909741707E-94 44.94600562377343 1.1979748165646753 721.1808395719345 0.0 0.0 288.0 281.7605649787788 2.5039609907575486 721.1407653381741 1.2136811366997593 730.6360442932496 2.5931096651097305 2.5702907260232943 726.075184844305 
58.00006796137579 3.2118934909741707E-94 44.85246558353176 1.1957475040854286 719.8399974594287 0.0 0.0 288.0 285.9126594287347 2.49930687680329 719.8003805193476 1.2059467995926325 725.9799733547701 2.53916694281851 2.5702907260232943 726.075184844305 
59.000089626689075 3.6749867403900144E-94 44.76881907538484 1.1955961431138813 719.7488781545568 0.0 0.0 289.0 285.6584672280382 2.490343199539038 719.7091846667821 1.2060655734832453 726.0514752369137 2.541676717243303 2.5651222065215107 719.9760292266103 
60.000157490486544 3.2118934909741707E-94 44.701964530128336 1.1962459431761086 720.1400577920174 0.0 0.0 288.0 285.0239677357835 2.500350567525313 720.1009634472897 1.2070131263205282 726.6219020449536 2.54933614115754 2.5651222065215107 719.9760292266103 
61.00059670597039 4.2046622496290234E-94 44.701964530128336 1.195524367263462 719.7056690926046 0.0 0.0 288.0 284.0344525656743 2.498845081609542 719.6673835035488 1.1869922945573568 714.5693613235317 2.5157841060084403 2.5651222065215107 719.9760292266103 
62.00081582399248 3.9309349661070876E-94 44.701964530128336 1.190854098061291 716.8941670328974 0.0 0.0 288.0 278.50473713775983 2.489084215791091 716.8562541478342 1.190377217617246 716.6070850055894 2.5730516915808375 2.5651222065215107 719.9760292266103 
63.000334204666686 3.653469640468078E-94 44.95599473489761 1.191462402559092 717.2603663405737 0.0 0.0 291.0 283.361698529926 2.464728112440958 717.2358807203193 1.2032278399775276 724.3431596664716 2.556249357003248 2.541676717243303 726.0514752369137 
64.00005247639132 5.959444681328882E-94 44.96398762223758 1.1927778955143147 718.052293099617 0.0 0.0 292.0 282.2285306205347 2.4590019018226927 718.0285553322261 1.1902715348881832 716.5434640026855 2.538876783389774 2.54933614115754 726.6219020449536 
65.00077376924693 5.959444681328882E-94 44.96398762223758 1.1894768879585373 716.0650865510393 0.0 0.0 291.0 276.1774116527468 2.460626848253431 716.0424128417485 1.1370324438672423 684.4935312080856 2.4784558849756233 2.5157841060084403 714.5693613235317 
66.0015139879335 6.571877266555642E-94 44.84050652056356 1.185090492927838 713.4244767425588 0.0 0.0 290.0 285.7658669752504 2.459969801738506 713.3912425041668 1.1806858378676213 710.7728743963022 2.487256025079653 2.5730516915808375 716.6070850055894 
67.00026765385721 6.81716686016523E-94 44.78772545685469 1.1873221455507181 714.7679316215321 0.0 0.0 290.0 285.0314921446943 2.4646022828373617 714.7346620228349 1.1944309754215545 719.0474472037854 2.522694744336411 2.5730516915808375 716.6070850055894 
68.00001267817436 6.335131909353918E-94 44.78772545685469 1.1894479235754931 716.0476499924466 0.0 0.0 291.0 285.628289242164 2.460570848303238 716.0261168562417 1.185549674758429 713.7009042045771 2.4987052441415587 2.5730516915808375 716.6070850055894 
69.00013695589556 7.246603367064387E-94 44.676392389779124 1.1878321740806215 715.0749687965335 0.0 0.0 290.0 278.9139269768025 2.4657076778286036 715.0552265702947 1.1525910037226634 693.8597842410458 2.4877201069230033 2.5730516915808375 716.6070850055894 
70.00014759917147 1.032681560762054E-93 44.676392389779124 1.1846831381312826 713.1792491550318 0.0 0.0 291.0 286.8984726190599 2.450721254790507 713.1598851440372 1.19234331758067 717.7906771835653 2.501897868716222 2.556249357003248 724.3431596664716 
71.0001788810946 1.032681560762054E-93 44.80464846051599 1.1824237875867178 711.8191201272041 0.0 0.0 291.0 287.3303997073468 2.4460503645785625 711.8006560923614 1.1835213923874124 712.4798782172263 2.4796536633189694 2.556249357003248 724.3431596664716 
72.00039399213253 1.13850321648846E-93 44.90482399643358 1.1834026997159146 712.4084252289804 0.0 0.0 291.0 287.8906415598239 2.448076972230407 712.3903989190488 1.1830487793362985 712.1953651604523 2.4738399320717672 2.556249357003248 724.3431596664716 
73.00129262782254 9.954581108663766E-94 44.746688852990616 1.1867927685910922 714.4492466918373 0.0 0.0 290.0 286.9565763365028 2.4635576170207907 714.431708936029 1.176020159220666 707.9641358508458 2.4671472767386375 2.556249357003248 724.3431596664716 
74.00000395642344 1.2175383792208594E-93 45.51919551934587 1.1874867042562902 714.866995962287 0.0 0.0 289.0 284.74200642001665 2.4735296549385417 714.8500702772383 1.158825400901026 697.6128913424208 2.4499823545999297 2.556249357003248 724.3431596664716 
75.00015979179041 1.2175383792208594E-93 45.26801820244043 1.187261527586407 714.7314396070167 0.0 0.0 289.0 286.24057303235594 2.4730628193193795 714.7151547833 1.1642331647341608 700.8683651699645 2.4485290737967467 2.556249357003248 724.3431596664716 
76.00015013113531 1.5923113725091896E-93 45.009974310051234 1.1864687226341073 714.2541710257325 0.0 0.0 288.0 284.8121794513897 2.4799947046669244 714.2384749440738 1.1662662060103246 702.092256018223 2.4651061530114537 2.4738399320717672 712.1953651604523 
77.00008154935892 1.5348476087928935E-93 44.97123240382162 1.1839953872662674 712.7652231342931 0.0 0.0 288.0 277.97826192766576 2.474824707126244 712.7495156523585 1.1324809358364019 681.7535233735091 2.4525425788542843 2.4738399320717672 712.1953651604523 
78.00001952277638 1.399825750699489E-93 44.97123240382162 1.186350526982419 714.1830172434161 0.0 0.0 288.0 282.2321550330721 2.4797491392180184 714.1677520947895 1.1752935744369064 707.5267318110081 2.5068962525836214 2.4738399320717672 712.1953651604523 
79.00007654531682 1.496918820957482E-93 44.97123240382162 1.1893797877016636 716.006632196401 0.0 0.0 288.0 282.5530040098051 2.4860834530036398 715.9920344650482 1.1876264423181582 714.9511182755269 2.530325666793183 2.4738399320717672 712.1953651604523 
80.00011823003177 2.5586960288584037E-93 45.35940081883806 1.1878839086181012 715.1061129880972 0.0 0.0 288.0 282.88013880627886 2.482960539485154 715.0926353717246 1.1854126901302078 713.6184394583811 2.522688381269069 2.4651061530114537 702.092256018223 
81.0003541839271 2.332957215073019E-93 45.398729339529446 1.1881307118743638 715.2546885483672 0.0 0.0 288.0 279.3882883055976 2.483477875719185 715.2416282071256 1.154277566425634 694.8750949882307 2.4871303632748183 2.4651061530114537 702.092256018223 
82.00041307353936 3.119075531559336E-93 45.60500411536486 1.1884822393557084 715.4663080921366 0.0 0.0 288.0 283.82826072113716 2.4842140606281906 715.4536494609191 1.1883643719848174 715.3953519348541 2.5205219174341984 2.4651061530114537 702.092256018223 
83.00100038764892 3.119075531559336E-93 45.7260176483675 1.1882153123625154 715.3056180422346 0.0 0.0 288.0 283.59704434327836 2.483656891059703 715.2931846251946 1.19258652470676 717.9370878734666 2.5315393872879857 2.4651061530114537 702.092256018223 
84.00038233261968 4.588220275858652E-93 45.7765982559477 1.1870330970832523 714.5939244441175 0.0 0.0 288.0 284.23704896118045 2.4811886968041974 714.5823446796086 1.198006784547881 721.2000842978201 2.53731906848047 2.4651061530114537 702.092256018223 
85.00003695122383 4.588220275858652E-93 45.7765982559477 1.187632089540842 714.9545179035871 0.0 0.0 288.0 281.1255290226691 2.4824409828869434 714.9430030714396 1.1641842797026096 700.8389363809614 2.4929750735104808 2.4651061530114537 702.092256018223 
86.00018579433649 4.291668318612758E-93 45.817306655365684 1.1861689130401287 714.0736856501577 0.0 0.0 288.0 284.62328248208837 2.4793831933789967 714.0623596931514 1.1805396423388166 710.684864687964 2.4969315879233744 2.4651061530114537 702.092256018223 
87.00002918086606 5.606213536478714E-93 46.00503206411155 1.185507318538538 713.6754057602 0.0 0.0 288.0 283.03327904160255 2.478001610514626 713.6644638282123 1.1679736948024801 703.1201642710953 2.4842314184818703 2.4651061530114537 702.092256018223 
88.00056736902715 4.905209310746618E-93 45.78702633554684 1.1837311116571942 712.6061292176314 0.0 0.0 290.0 282.81496643404324 2.4572265646794316 712.5957037570355 1.176720855979963 708.3859552999385 2.504768273871195 2.4651061530114537 702.092256018223 
89.00063616887047 6.40711361899634E-93 45.77481808970144 1.1837272900849347 712.6038286311302 0.0 0.0 290.0 279.634924040894 2.4572190702879806 712.593530383514 1.1815240185512639 711.2774591678632 2.5435930851893356 2.4651061530114537 702.092256018223 
90.00028759182005 5.561882632713008E-93 45.86951720222447 1.184796880035648 713.2477217814601 0.0 0.0 290.0 272.32055527131286 2.459441261828163 713.2379659301674 1.1304364578720982 680.522747639003 2.498976792115448 2.4651061530114537 702.092256018223 
91.0000472488798 7.263882254938681E-93 45.57992825961251 1.1815113159657822 711.2698122114011 0.0 0.0 290.0 282.0109738343596 2.452621673762296 711.260285391066 1.1914938086649438 717.2792728163024 2.543444544245287 2.4651061530114537 702.092256018223 
92.00015601488303 7.400953743541793E-93 45.62933327131978 1.1787804084387081 709.6258058801025 0.0 0.0 289.0 284.0429264345544 2.455420891958117 709.6166377758955 1.1863074436389074 714.1570810706138 2.51425758083492 2.4651061530114537 702.092256018223 
93.00027636327742 7.400953743541793E-93 45.62933327131978 1.1770305875711446 708.572413717829 0.0 0.0 290.0 271.0589341191309 2.4433221743627427 708.5634305651952 1.1219132980855178 675.3918054474717 2.49167882122135 2.4651061530114537 702.092256018223 
94.00006512392693 7.400953743541793E-93 45.23156698257246 1.1711551011653474 705.035370901539 0.0 0.0 289.0 282.32026307263385 2.4395388748667344 705.0267348364863 1.182683425313989 711.9754220390165 2.5218714883948774 2.4651061530114537 702.092256018223 
95.00000116179103 6.997075034452631E-93 45.28361320531397 1.1692108641861017 703.8649402400331 0.0 0.0 289.0 278.39630329081706 2.4354900229158356 703.8566166226765 1.1560583074581268 695.9471010897917 2.499843183487945 2.5205219174341984 715.3953519348541 
96.00153230363568 6.997075034452631E-93 45.61083179369591 1.1707918963808461 704.8167216212687 0.0 0.0 289.0 268.04324495185574 2.4387897269261494 704.8102310816562 1.0734731911853688 646.2308610935928 2.410920152864381 2.51425758083492 714.1570810706138 
97.00010730134908 6.3709093180321926E-93 45.87232042499505 1.1728755642372815 706.071089670843 0.0 0.0 289.0 269.50278694193196 2.4431253472368035 706.063225351436 1.0891045912026267 655.6409639039778 2.4327799031081803 2.49167882122135 675.3918054474717 
98.00109404767892 6.3709093180321926E-93 45.49391410083333 1.1699442792003623 704.3064560786178 0.0 0.0 289.0 279.85132583526837 2.4370208496713808 704.2990255550285 1.139883687756254 686.2099800292597 2.4520519171425694 2.49167882122135 675.3918054474717 
99.00006771341491 5.799167842372318E-93 45.175062846243755 1.16805423473249 703.1686493089591 0.0 0.0 288.0 280.08766201073706 2.4415197574440692 703.1576901438923 1.1337267045613844 682.5034761459469 2.4367495206546566 2.49167882122135 675.3918054474717 
100.00068555695671 8.094514855977326E-93 45.23257213948658 1.1664692161681463 702.214468133224 0.0 0.0 288.0 284.1533245739792 2.4382070989371356 702.2036444938951 1.1475096705128738 690.8008216487453 2.4310847767994197 2.49167882122135 675.3918054474717 
101.00034036339329 8.405036406370381E-93 45.163268675110885 1.1642043941390823 700.8510452717272 0.0 0.0 289.0 281.8330527328225 2.4250548332797646 700.8408468178515 1.136992076997019 684.4692303522062 2.428633631560179 2.4327799031081803 655.6409639039778 
102.00090668474412 1.0265421364955955E-92 45.05876153687409 1.1644251114168802 700.9839170729617 0.0 0.0 290.0 280.75717246787593 2.4171628278206563 700.9772200679902 1.1656845227319572 701.7420826846453 2.4994627083478633 2.4520519171425694 686.2099800292597 
103.0008203423335 1.0265421364955955E-92 44.760612211084315 1.1649499560558059 701.2998735455951 0.0 0.0 288.0 270.8888453376663 2.435035265063739 701.2901563383567 1.0923840289308622 657.6151854163816 2.4276200247251087 2.4520519171425694 686.2099800292597 
104.00004485277752 9.603640155765149E-93 45.149220065879284 1.1666335418793883 702.3133922113917 0.0 0.0 287.0 267.67575659135866 2.447052087423643 702.3039490905858 1.0749421831209731 647.1151942388319 2.417533819570878 2.4520519171425694 686.2099800292597 
105.00067849327036 1.2536333377394107E-92 45.149220065879284 1.1653706135790853 701.5531093746093 0.0 0.0 287.0 275.79584516768847 2.4444032998519747 701.5437470575165 1.104076545964615 664.6540806707023 2.409949577980704 2.4520519171425694 686.2099800292597 
106.00020139304895 1.1409389468234238E-92 44.84299772923626 1.1637184734681307 700.5585210278147 0.0 0.0 288.0 280.6881949985737 2.432473153205705 700.5522681232432 1.1556981163966698 695.7302660708033 2.478658805278001 2.4520519171425694 686.2099800292597 
107.00027530952 1.1084438740792527E-92 44.904823996652496 1.1612309038048818 699.0610040905386 0.0 0.0 287.0 282.58478993145815 2.435721283329346 699.0520083155224 1.1653474059630622 701.5391383897668 2.4825792589895848 2.4520519171425694 686.2099800292597 
108.00004435271262 1.1084438740792527E-92 44.45826052184428 1.1592397228770728 697.8623131719979 0.0 0.0 287.0 281.3506543536798 2.4315455040045277 697.8535596492997 1.1655594321833214 701.6667781743665 2.493922680884604 2.417533819570878 647.1151942388319 
109.00000565748259 1.4757363955575369E-92 44.39285623954032 1.1562911407678331 696.0872667422359 0.0 0.0 288.0 282.5023251519884 2.416941297911949 696.0790937986415 1.1594994322156578 698.0186581938257 2.470842170301736 2.409949577980704 664.6540806707023 
110.00058565112347 1.3942739071598092E-92 44.39285623954032 1.1536542714245397 694.4998713975733 0.0 0.0 287.0 271.5468464592065 2.419831815997268 694.4917311912162 1.0936732697172373 658.3913083697709 2.4245956708934884 2.478658805278001 695.7302660708033 
111.00005212636621 1.2207805507266253E-92 44.52326645899399 1.1526445082181673 693.891993947337 0.0 0.0 287.0 283.77567935565344 2.417714620678341 693.8840961346841 1.1673308303811463 702.7331598894539 2.476368522789174 2.478658805278001 695.7302660708033 
112.00006228834856 1.1530075428309255E-92 44.26086080267795 1.1520529401104236 693.5358699464749 0.0 0.0 287.0 283.50266344445896 2.4164742984983234 693.528123669019 1.1590160381847328 697.7276549872123 2.4610973544659633 2.4825792589895848 701.5391383897668 
113.00093166610424 1.7851980093696393E-92 44.26086080267795 1.1484868804073476 691.389102005223 0.0 0.0 287.0 277.995664342139 2.4089949054195405 691.3815378554079 1.1074634389330908 666.6929902377257 2.3982136261564255 2.493922680884604 701.6667781743665 
114.00051923541871 1.7851980093696393E-92 44.44344357117585 1.1471461610195821 690.5819889337886 0.0 0.0 287.0 283.72527497119137 2.406182948418298 690.5745061960514 1.1438274500050518 688.5841249030376 2.42693966892077 2.470842170301736 698.0186581938257 
115.00001247891899 1.7851980093696393E-92 44.15402619957544 1.146689634382771 690.3071598984286 0.0 0.0 288.0 283.1420976273727 2.3968756662186688 690.3001918709768 1.1382541417945806 685.2289933603388 2.420088708469377 2.470842170301736 698.0186581938257 
116.00001228183793 1.5620886175714773E-92 43.66056219264984 1.145483951562187 689.5813388404359 0.0 0.0 288.0 284.2654185102793 2.3943560417989342 689.5745400380926 1.1367510639439151 684.3241404942295 2.407342208843049 2.470842170301736 698.0186581938257 
117.0003442758147 1.6229147859400992E-92 43.70812958681398 1.1485215581639234 691.4099780146812 0.0 0.0 287.0 276.28888082848175 2.4090706426976265 691.4032744542184 1.0953804235200313 659.4190149590652 2.3867012417645137 2.470842170301736 698.0186581938257 
118.00071987884567 1.8706583912006344E-92 43.61110825139614 1.1476652322791197 690.8944698320297 0.0 0.0 287.0 283.70847060479815 2.407274954667747 690.8879119896432 1.145636540192181 689.6731971956943 2.430922121308106 2.470842170301736 698.0186581938257 
119.0001572544549 1.8706583912006344E-92 43.75380414806266 1.1424515232132475 687.7558169743743 0.0 0.0 288.0 278.5081274887074 2.3880193794679525 687.74958128677 1.1287217338138513 679.4904837559423 2.4397510043346706 2.470842170301736 698.0186581938257 
120.0000363489498 1.8706583912006344E-92 43.73120385484876 1.1437227807594241 688.5211140171734 0.0 0.0 287.0 282.03927844233255 2.399006021317237 688.5147281180474 1.1401221981892844 686.3535633099427 2.433538927984028 2.470842170301736 698.0186581938257 
121.0002516687973 2.2831904455546987E-92 43.73120385484876 1.1432940425425822 688.2630136106342 0.0 0.0 287.0 283.4174453838174 2.3981071013992747 688.256738101592 1.1361441890552055 683.9588018112423 2.4132558279360423 2.470842170301736 698.0186581938257 
122.0003220842242 3.400221068926822E-92 43.44063214458938 1.1438058412651086 688.5711164415961 0.0 0.0 288.0 280.7533641602115 2.3908509370912086 688.5650698822686 1.119297835179022 673.8172967777783 2.4000328501612023 2.470842170301736 698.0186581938257 
123.00003689402138 3.882608091956454E-92 43.513818789993245 1.1404848657435407 686.571889177611 0.0 0.0 288.0 280.18924845182295 2.3839098575625997 686.5660389780286 1.1200322835792729 674.2594347147208 2.4064429254167337 2.470842170301736 698.0186581938257 
124.00018595544542 3.665960775442708E-92 43.60093351323014 1.140090854912532 686.3346946573436 0.0 0.0 289.0 280.3859199214473 2.3748407080865306 686.3289646370073 1.1243467823882938 676.8567629977537 2.4140183757707283 2.420088708469377 685.2289933603388 
125.00068957908022 3.665960775442708E-92 43.00432892065153 1.1361851773699152 683.9834767766891 0.0 0.0 289.0 282.29636372761985 2.366705614790737 683.977922674523 1.1321531192516032 681.5561777894635 2.4143285757909325 2.420088708469377 685.2289933603388 
126.00020557361744 3.665960775442708E-92 42.962300793949616 1.1370235833980353 684.4881972056172 0.0 0.0 289.0 280.07095162279643 2.3684523170875336 684.4827196382973 1.1168065434973127 672.317539185384 2.400525778520833 2.420088708469377 685.2289933603388 
127.00020781787498 3.665960775442708E-92 43.06385940811045 1.1418547613305867 687.3965663210137 0.0 0.0 289.0 285.0784439353207 2.3785160815367665 687.3911475641256 1.1496196826542926 692.0710489578807 2.4276512787297926 2.420088708469377 685.2289933603388 
128.00028711190683 2.9674622208806486E-92 42.36549003393654 1.1397457579380685 686.1269462787174 0.0 0.0 289.0 286.27638184372853 2.3741234820447623 686.1216863109364 1.1400017610520032 686.2810601533039 2.397267478837735 2.420088708469377 685.2289933603388 
129.0003797613457 4.4169104114225734E-92 42.36549003393654 1.138686670846257 685.4893758494462 0.0 0.0 289.0 287.48449289362804 2.3719177679198915 685.4842349288484 1.1439043084477671 688.6303936855535 2.395365352594351 2.420088708469377 685.2289933603388 
130.00008959941812 5.852723546888321E-92 42.38408785766087 1.1394245476967966 685.9335777134711 0.0 0.0 289.0 287.37584464152286 2.373455969877731 685.9287752946641 1.1577671512085177 696.9758250275313 2.4253110970302667 2.420088708469377 685.2289933603388 
131.00007720035515 7.626078713111206E-92 42.36549003393654 1.1418060670382204 687.3672523570084 0.0 0.0 288.0 289.6647713303671 2.386675095334034 687.3624274562018 1.1552191479461948 695.44192706362 2.400850900403273 2.420088708469377 685.2289933603388 
132.00019977328293 9.934988038082768E-92 42.437101093843765 1.1391498380592697 685.7682025116799 0.0 0.0 288.0 291.0201954902369 2.38112419700864 685.7637687384881 1.1574126449517879 696.7624122609761 2.39420639205897 2.420088708469377 685.2289933603388 
133.00031076492752 9.299467277033849E-92 42.40222270716206 1.138066964509027 685.1163126344334 0.0 0.0 288.0 284.928215773169 2.37886123679072 685.112036195727 1.1201613744298524 674.3371474067696 2.366691363215529 2.420088708469377 685.2289933603388 
134.001308974793 9.299467277033849E-92 41.7588704380535 1.1377154497038935 684.9047007217434 0.0 0.0 289.0 284.67764821555244 2.369897683171888 684.9004304366753 1.1326314035360017 681.844104928681 2.3951445053824587 2.420088708469377 685.2289933603388 
135.00000229128693 1.3824242903943327E-91 41.7588704380535 1.1349793288006749 683.2575559380067 0.0 0.0 289.0 279.2379907449064 2.364198299376277 683.2533085197443 1.1068909615841422 666.3483588736514 2.386309818001748 0.0 0.0 
136.00038695935558 1.3824242903943327E-91 41.26350944991151 1.1309763865723976 680.8477847165835 0.0 0.0 289.0 279.3067541760086 2.3558602788369463 680.8436205838774 1.13184162896739 681.3686606383794 2.439499405048424 0.0 0.0 
137.00000099806593 1.2940653409639304E-91 41.26350944991151 1.131486920482281 681.1551261303331 0.0 0.0 288.0 281.4845637378135 2.3651079448247456 681.1510881095267 1.135627055054831 683.6474871430154 2.428721056902407 0.0 0.0 
138.0013207774107 1.2940653409639304E-91 41.26350944991151 1.133046407041685 682.0939370390943 0.0 0.0 288.0 283.37249998437284 2.3683682257296756 682.0900490101467 1.1199314570555703 674.1987371474596 2.3791960659013833 0.0 0.0 
139.00012077013312 1.6852636552282457E-91 40.84271871453211 1.133950436934234 682.6381630344085 0.0 0.0 288.0 280.62720125648354 2.3702581218771863 682.6343391006293 1.093752805276334 658.4391887763563 2.346312780187569 0.0 0.0 
140.00030085167577 1.6852636552282457E-91 40.28475080562537 1.136294790013901 684.0494635883678 0.0 0.0 288.0 282.7306622004165 2.3751591095714555 684.0458235565786 1.125713032210214 677.6792453905525 2.396907502413632 0.0 0.0 
141.00060618358646 1.6852636552282457E-91 40.658887625429884 1.1383361993749865 685.2783920237421 0.0 0.0 288.0 278.0695412101192 2.379426324832785 685.274781551842 1.1139074299632816 670.5722728378964 2.411527238544937 0.0 0.0 
142.00040667528503 1.6852636552282457E-91 40.32864031415496 1.1409365241762943 686.8437875541294 0.0 0.0 287.0 281.98265094273927 2.3931711246475484 686.8401127738465 1.1238459320679313 676.5552511048986 2.3992797033541016 0.0 0.0 
143.00037426188769 1.6212718154395517E-91 40.32864031415496 1.1382207889246196 685.2089149326213 0.0 0.0 287.0 283.22097777643825 2.3874750961722384 685.2053526014327 1.1458163350968908 689.7814337283354 2.4354884978640863 0.0 0.0 
144.00115781128517 2.5037477018495205E-91 40.38985182596533 1.1346072019791318 683.033535591437 0.0 0.0 287.0 281.80171306480474 2.379896056753348 683.0301682882106 1.1444469745742825 688.9570786937212 2.444829278008273 0.0 0.0 
145.0000333187769 2.343952694921076E-91 40.32864031415496 1.1339262651417092 682.623611615309 0.0 0.0 287.0 281.4465016396421 2.378468285125799 682.6203978311041 1.147465952058765 690.7745031393742 2.4543723198372764 0.0 0.0 
146.0009572003647 2.343952694921076E-91 40.32864031415496 1.134786652875687 683.1415650311639 0.0 0.0 287.0 282.44421361676 2.380273185497966 683.1384042379167 1.1344254425985603 682.924116444331 2.417907974461003 0.0 0.0 
147.00002864225402 2.2549495025361125E-91 40.36181305420065 1.1333289105601763 682.2640041572269 0.0 0.0 287.0 282.32543943444387 2.3772156866793273 682.2609020769672 1.1248780790175084 677.1766035685419 2.398567429577251 0.0 0.0 
148.00022837318508 3.135430446054895E-91 40.32864031415496 1.131082504746358 680.9116678573076 0.0 0.0 287.0 279.44344274908974 2.3725042673438104 680.9087247276735 1.1036939991849741 664.4237875093607 2.3776681999510796 0.0 0.0 
149.00019111889682 3.259186352289619E-91 39.67264448190361 1.131367710403683 681.0833616630168 0.0 0.0 287.0 283.18582658420206 2.373102781386502 681.0804982579261 1.112627372399357 669.8016781844053 2.365237294053795 0.0 0.0 
150.00041394630549 3.4811824600238833E-91 39.618022031409055 1.1317218738252617 681.2965680428077 0.0 0.0 287.0 283.4164385946292 2.3738461179238466 681.2938358441439 1.1195307843958378 673.9575322062948 2.3779761525063017 2.4543723198372764 690.7745031393742 
151.00000044886016 2.845657777994483E-91 39.439703242173714 1.1316844114606661 681.2740156993216 0.0 0.0 287.0 277.11879270903825 2.3737674531726505 681.271259060551 1.0996774422446431 662.005820231284 2.3888882228436925 2.4543723198372764 690.7745031393742 
152.0003057909818 2.3882102733036307E-91 39.45394792902474 1.1319677798652472 681.4446034788791 0.0 0.0 287.0 280.7312180589314 2.374362208644108 681.4419538808588 1.1380852909277597 685.1273451385059 2.440510000546798 2.4543723198372764 690.7745031393742 
153.00033585813875 2.3882102733036307E-91 38.988528033335086 1.1324757646522994 681.7504103206841 0.0 0.0 285.0 272.7729287795529 2.3920972296072898 681.7477104380774 1.1100582484532875 668.2550655688688 2.449858453911799 2.4543723198372764 690.7745031393742 
154.0001619595907 3.319802711446587E-91 38.988528033335086 1.1326737195759895 681.8695791847462 0.0 0.0 284.0 277.4654475174991 2.4009398639479262 681.8669213612112 1.134301061594439 682.8492390798533 2.4610244093069915 2.4543723198372764 690.7745031393742 
155.00024106797946 3.0106480568585135E-91 38.714625551457196 1.1311503262223916 680.9524963858809 0.0 0.0 284.0 275.8507290050785 2.3977110838823315 680.9499478225827 1.119325961262735 673.8342286801739 2.4427494939401386 2.4543723198372764 690.7745031393742 
156.00037751241996 3.0701535573883466E-91 38.73613965233243 1.129002976953194 679.6597921258233 0.0 0.0 284.0 273.6480704475868 2.3931596627605978 679.6573442240103 1.1045234956464276 664.9231443791413 2.4298477357855055 2.3779761525063017 673.9575322062948 
157.00018960554007 3.0701535573883466E-91 38.73613965233243 1.1311712497188235 680.965092330732 0.0 0.0 284.0 281.8186022110743 2.3977560770399906 680.9627258793578 1.1246530650219537 677.0411451432223 2.4024004797104817 2.3888882228436925 662.005820231284 
158.00048514048962 2.729524939064404E-91 38.16112967826083 1.1348942033124234 683.2063103940784 0.0 0.0 284.0 277.2507800162045 2.405647777936197 683.2039689338799 1.1058611907538083 665.7284368337881 2.4011778679031246 2.440510000546798 685.1273451385059 
159.00003969427948 3.325469650361319E-91 38.16112967826083 1.1317304350713422 681.3017219129488 0.0 0.0 284.0 280.2753154035955 2.398941654315876 681.2994298257091 1.1205028126203729 674.5426931974688 2.4067145985586693 2.449858453911799 668.2550655688688 
160.00016145389273 5.269926775810656E-91 38.234341983149136 1.135555060744985 683.6041465684808 0.0 0.0 284.0 278.7474494861528 2.407049112824497 683.6019480421573 1.137376154276622 684.7004448745242 2.456346941063358 2.4610244093069915 682.8492390798533 
161.00021397610482 4.871462722825552E-91 38.27514703954953 1.1321355083094382 681.545576002282 0.0 0.0 284.0 274.83420340359174 2.3998009123573096 681.543459109476 1.1099680847583389 668.2007870245095 2.4312868585838356 2.4427494939401386 673.8342286801739 
162.00017702968907 4.5615175167282514E-91 39.21510069055196 1.135415420778324 683.5200833085506 0.0 0.0 284.0 280.48194213931595 2.4067534476828545 683.5179791419303 1.129190190023817 679.772494394331 2.4235873768183147 2.4298477357855055 664.9231443791413 
163.00052180046333 4.7445125146930145E-91 39.09502525850366 1.137486032573193 684.7665916090622 0.0 0.0 285.0 280.44919454915345 2.4026831870133973 684.7647082988184 1.1324690092268452 681.7463435545588 2.430908545308984 2.4024004797104817 677.0411451432223 
164.00004258767078 5.778661164749685E-91 39.21510069055196 1.137678297644835 684.8823351821902 0.0 0.0 285.0 274.7664015491191 2.4030895994309565 684.8805358378224 1.1077540568707087 666.8679422361652 2.4270359784762525 2.4011778679031246 665.7284368337881 
165.00036980550203 4.7445125146930145E-91 39.72557662181523 1.1397171927213117 686.1097500182286 0.0 0.0 286.0 279.75437860082144 2.398979742844448 686.1082064535118 1.1333513019124468 682.2774837512889 2.438844700710917 2.4067145985586693 674.5426931974688 
166.00003880505838 4.7445125146930145E-91 40.10343110311457 1.1429505906929853 688.0562555971769 0.0 0.0 286.0 277.7514164903337 2.405785873606214 688.054759851377 1.122535347155891 675.7662789878518 2.4329894966039527 2.456346941063358 684.7004448745242 
167.00052554552903 4.4726095198792323E-91 40.04532326652544 1.1472572184806817 690.6488455253709 0.0 0.0 285.0 279.5876652993145 2.423324185829795 690.647392961492 1.1229511220754635 676.0165754894314 2.4179055780794805 2.4312868585838356 668.2007870245095 
168.00018360495199 4.299815107832451E-91 39.977970343692235 1.142024815234518 687.4989387711793 0.0 0.0 285.0 281.67780863617475 2.4122721150761395 687.4975527966997 1.1315382952633033 681.1860537485097 2.4183163631053177 2.4312868585838356 668.2007870245095 
169.00069372130645 4.0527217412171543E-91 39.977970343692235 1.1435775901266578 688.4337092562475 0.0 0.0 285.0 279.64050595406707 2.4155522963525895 688.4324044604881 1.1297884637454567 680.1326551747695 2.432167875159281 2.4312868585838356 668.2007870245095 
170.00050292025028 5.099338943722166E-91 39.977970343692235 1.1449075153780781 689.2343242576032 0.0 0.0 285.0 281.36720125458714 2.4183615492839303 689.2330415459201 1.125037241637711 677.272419465905 2.407076647334933 2.4312868585838356 668.2007870245095 
171.00029581605997 5.099338943722166E-91 39.977970343692235 1.1414983702223045 687.182018873827 0.0 0.0 286.0 279.264157155914 2.4027299186955906 687.1807567469386 1.1138391062354205 670.53114195373 2.40106409924769 2.4312868585838356 668.2007870245095 
172.00047071037724 4.61804762382495E-91 40.09362924013799 1.1415634845514933 687.2212176999992 0.0 0.0 286.0 282.64207619491185 2.4028671881332033 687.2200158060962 1.1439577699925512 688.6625775355125 2.436518252365958 2.4183163631053177 681.1860537485097 
173.00046957393985 4.0985722863126256E-91 40.31139230800663 1.1415755863826664 687.2285030023648 0.0 0.0 286.0 277.61927803656454 2.402892699745379 687.2273121271783 1.1041883200686802 664.7213686813529 2.3943631486348154 2.432167875159281 680.1326551747695 
174.0002105297248 4.0985722863126256E-91 40.31139230800663 1.1449407717009752 689.2543445639866 0.0 0.0 286.0 279.8692100104605 2.409976162574886 689.2531824964171 1.12618714076601 677.9646587411384 2.4224338887289476 2.407076647334933 677.272419465905 
175.00057386610214 4.181020505589223E-91 40.42801581611506 1.149730479689535 692.1377487731004 0.0 0.0 286.0 273.43186774378376 2.420058122583315 692.1366230588281 1.1063472716421519 666.0210575285744 2.43578432544908 2.40106409924769 670.53114195373 
176.000126585857 6.199624279314101E-91 40.919711647531855 1.1480526395503543 691.1276890093135 0.0 0.0 286.0 274.27080744137646 2.4165271624661786 691.1267684653266 1.0989059296228816 661.5413696329799 2.4120006638853826 2.436518252365958 688.6625775355125 
177.0000277244337 5.805820288345772E-91 41.37989884011833 1.1490380527498918 691.7209077554352 0.0 0.0 286.0 280.98763964677215 2.418601421521002 691.7200065550063 1.1319397583766053 681.4277345427098 2.4251164051177785 2.3943631486348154 664.7213686813529 
178.00039994908465 8.05979957948736E-91 41.78904051625455 1.1478512014841318 691.0064232934469 0.0 0.0 286.0 280.3209015441836 2.4161034751696153 691.0055938985099 1.127317524409036 678.6451496942359 2.4209580732504503 2.4224338887289476 677.9646587411384 
179.00004102064844 7.592078163907682E-91 42.06973341960318 1.1488135007655185 691.5857274608423 0.0 0.0 285.0 282.51984842752967 2.4266124125162802 691.58453756714 1.1249772945360137 677.2363313106887 2.3971283259569263 2.43578432544908 666.0210575285744 
180.00017207610603 8.10659217128227E-91 42.25172695561314 1.1488188780157358 691.5889645654731 0.0 0.0 286.0 283.98124395306917 2.418139175440511 691.5878041759861 1.1386614801079322 685.4742110249824 2.4138010013726965 2.4120006638853826 661.5413696329799 
181.00001412586062 7.110140635181252E-91 42.25172695561314 1.1491041879243535 691.7607211304601 0.0 0.0 286.0 280.69400450043133 2.4187399926388977 691.7596378947244 1.129559026568004 679.9945339939419 2.4225474113854717 2.4251164051177785 681.4277345427098 
182.0014338124862 7.110140635181252E-91 42.25172695561314 1.1478631426026256 691.0136118467807 0.0 0.0 286.0 284.17611767160014 2.416127793109127 691.0125488292105 1.1439099086982754 688.6337650363571 2.4232640331590307 2.4209580732504503 678.6451496942359 
183.00039782070635 7.253331730719951E-91 42.25172695561314 1.1496687749693526 692.1006025315502 0.0 0.0 286.0 285.85481756680895 2.4199287564794507 692.099624353123 1.1471807647707586 690.6028203919892 2.415921572602442 2.3971283259569263 677.2363313106887 
184.0001073914175 6.564362235786923E-91 42.25172695561314 1.1511299059522804 692.9802033832731 0.0 0.0 286.0 277.98728128443935 2.4230043914675754 692.9792559597271 1.1477301371920055 690.9335425895941 2.485486168277692 2.4138010013726965 685.4742110249824 
185.00002056438072 5.939185623535692E-91 42.25172695561314 1.1472607132319015 690.6509493656047 0.0 0.0 286.0 282.6414284485362 2.4148602313581633 690.6500261684347 1.173679275607986 706.5549239160011 2.49982788367011 2.4225474113854717 679.9945339939419 
186.0000486925405 5.939185623535692E-91 42.88908865472049 1.14621754506781 690.0229621308212 0.0 0.0 286.0 279.51446556953897 2.4126645572428913 690.0220633714669 1.1522298885226403 693.6423928906346 2.481597478245958 2.4232640331590307 688.6337650363571 
187.00015448984453 5.05744245794936E-91 42.776771258586685 1.1452852448900241 689.4617174237944 0.0 0.0 285.0 280.10449233786306 2.4191606763462423 689.4607927586791 1.1611080594218077 698.9870517719307 2.495451058060183 2.4138010013726965 685.4742110249824 
188.00054087371666 4.5724783060830585E-91 42.776771258586685 1.1472781630136597 690.6614541342227 0.0 0.0 285.0 285.23729892486085 2.4233706307572236 690.6606297658087 1.1646319796654168 701.1084517585745 2.457983070240983 2.4138010013726965 685.4742110249824 
189.00073651404898 4.217366632179232E-91 42.776771258586685 1.1485368767744755 691.4191998182333 0.0 0.0 286.0 282.0280136225297 2.4175469137643026 691.4184173365901 1.14694421939402 690.4604200751941 2.4481980041859104 2.4138010013726965 685.4742110249824 
190.00043193883695 6.249767391695906E-91 43.10598688554009 1.1514492776265728 693.1724651311966 0.0 0.0 286.0 278.8281309419165 2.4236773407664356 693.1717194592001 1.1187203282158134 673.4696375859178 2.415357572820406 2.481597478245958 693.6423928906346 
191.00004438330578 5.972969728762549E-91 43.36901420268698 1.14721760537839 690.62499843779 0.0 0.0 286.0 280.118597822686 2.414770178881524 690.6242711601157 1.1576171180676407 696.8855050767121 2.487823052426665 2.495451058060183 698.9870517719307 
192.00009062376867 5.853363586127503E-91 43.265053371577714 1.1483870001077279 691.3289740648527 0.0 0.0 286.0 283.68020105597975 2.4172316784469836 691.328260035837 1.162580291039696 699.873335205901 2.4671208374806253 2.457983070240983 701.1084517585745 
193.0013158337756 5.972969728762549E-91 43.265053371577714 1.1470718301320573 690.5372417394975 0.0 0.0 286.0 283.46925825938973 2.414463434361126 690.5365422272819 1.1579426526842322 697.0814769159124 2.459107845401864 2.4481980041859104 690.4604200751941 
194.0000894978689 5.508357409970585E-91 43.265053371577714 1.1496255659559196 692.0745907054638 0.0 0.0 286.0 282.47539659086146 2.4198387921038518 692.0738945417019 1.1480385720551176 691.1192203771895 2.4466528013347992 2.415357572820406 673.4696375859178 
195.00014822671022 5.508357409970585E-91 43.471292739140246 1.1513287135765868 693.0998855731058 0.0 0.0 286.0 279.0017404231739 2.4234238286439913 693.0992149921814 1.1207119146044613 674.6685725918867 2.41815184223793 2.487823052426665 696.8855050767121 
196.00007356736603 4.587872770878388E-91 43.602871375977756 1.1496225418050894 692.0727701666636 0.0 0.0 286.0 276.2920741886191 2.4198325906045404 692.072120912899 1.1096324179554045 667.9987156091455 2.417726666864559 2.4671208374806253 699.873335205901 
197.00025277024383 5.447582996316051E-91 43.86649352475143 1.1490756897342538 691.7435652200213 0.0 0.0 286.0 273.8333716551199 2.418681629273053 691.7429459720935 1.1204464213418055 674.5087456477708 2.4632087081675436 2.459107845401864 697.0814769159124 
198.00000301667507 8.614764891009037E-91 43.86649352475143 1.1467317865116713 690.332535480026 0.0 0.0 285.0 276.0393424353635 2.422217380029938 690.3319533085322 1.1630648325691697 700.1650292066361 2.5364682549574775 2.4466528013347992 691.1192203771895 
199.0002125218388 1.0790263997471408E-90 44.38619781026548 1.145462954234374 689.5686984490933 0.0 0.0 285.0 275.66306808165723 2.4195373881554607 689.5681556243063 1.1588994774325168 697.6574854143768 2.530834073165419 2.459107845401864 697.0814769159124 
200.0003951295174 1.5969983234925808E-90 44.64215361548851 1.1449161002619141 689.2394923576725 0.0 0.0 285.0 277.63232155836454 2.4183823279759737 689.2389634731528 1.122861780028064 675.9627915768975 2.434740983264065 2.459107845401864 697.0814769159124 
201.00024342704947 1.663466365443409E-90 44.84100475131374 1.1436359797522098 688.4688598108297 0.0 0.0 285.0 274.6274358966782 2.41567839671867 688.4683430648207 1.1272052472356224 678.5775588358403 2.470902284836313 2.459107845401864 697.0814769159124 
202.00003630340356 1.5582866719707606E-90 45.08204791236336 1.1447091408838812 689.1149028120964 0.0 0.0 285.0 280.88929510135813 2.4179452428643438 689.1143942163379 1.1252613063599908 677.4073064287124 2.411652270992641 2.5364682549574775 700.1650292066361 
203.00003079482886 1.2192715584822051E-90 45.03473660487467 1.1457557093840176 689.744937049179 0.0 0.0 286.0 280.4988024078385 2.4116938513706776 689.7444414920137 1.1266193107954539 678.2248250988644 2.4179241382740084 2.530834073165419 697.6574854143768 
204.00006170382585 1.244531498552962E-90 45.125397598257976 1.1440051822611819 688.6911197212311 0.0 0.0 286.0 273.61431567609685 2.4080092550036416 688.6906469310408 1.126688782108146 678.2666468290993 2.4789150565938503 2.434740983264065 675.9627915768975 
205.0006263312023 1.556737812837645E-90 45.13617884194071 1.142520926662019 687.7975978505344 0.0 0.0 286.0 275.0338189763713 2.404885159472641 687.7971556091748 1.0827162598318845 651.7951884187922 2.3698728790686983 2.434740983264065 675.9627915768975 
206.00003287437738 1.6220347423770825E-90 45.4181540617014 1.148474604403082 691.3817118506553 0.0 0.0 286.0 279.6583952275439 2.417417109988406 691.381293456684 1.1383674234723817 685.2971889303727 2.450479587329324 2.411652270992641 677.4073064287124 
207.00018771450604 1.525056372486957E-90 45.60019050806884 1.1514925784328613 693.1985322165832 0.0 0.0 286.0 282.6604498851875 2.4237697584009483 693.1981509026715 1.1255714652033697 677.5940220524332 2.3972013853641774 2.4179241382740084 678.2248250988644 
208.00051510616103 1.320212206429253E-90 45.60019050806884 1.1532697650777646 694.2683985768148 0.0 0.0 286.0 281.3022491254293 2.4275106084973768 694.2680340302501 1.1288412293712904 679.5624200815214 2.4157731486125185 2.4789150565938503 678.2666468290993 
209.00153230363568 2.0349253855094734E-90 45.787026335385974 1.150726991583813 692.7376489334547 0.0 0.0 285.0 282.4376264643125 2.4306571496439635 692.7372876485294 1.1520386127034286 693.5272448474697 2.4555058528474802 2.3698728790686983 651.7951884187922 
210.00028182579135 1.8736368373010328E-90 46.13018232013592 1.1515893588429338 693.2567940234461 0.0 0.0 285.0 282.57302048726416 2.432478732412757 693.2564387376353 1.1596475701055746 698.1078372035524 2.4705396007012523 2.450479587329324 685.2971889303727 
211.00016146557186 1.5875508551263E-90 46.29037779725921 1.1527128307832772 693.9331241315326 0.0 0.0 285.0 278.4145116765361 2.434851423410062 693.9326556718678 1.130827488685267 680.7581481885361 2.445124516280407 2.3972013853641774 677.5940220524332 
212.0001798962247 1.4873364911652837E-90 47.022871760194946 1.151438608448138 693.1660422857784 0.0 0.0 285.0 276.92099081803275 2.4321599447869153 693.1655842642707 1.100618888042974 662.5725706018665 2.392641195759872 2.4157731486125185 679.5624200815214 
213.00002016303964 1.2593389374489465E-90 46.87888917298301 1.1462533414564495 690.0445115567832 0.0 0.0 283.0 279.6464989031702 2.438317457989445 690.043840611013 1.0990975412837911 661.6567198528417 2.3660468571857414 2.4555058528474802 693.5272448474697 
214.0007662329256 1.2593389374489465E-90 47.03985530821379 1.147887238351617 691.0281174876733 0.0 0.0 282.0 277.8150652175741 2.4504512478135996 691.027251883435 1.1313521910746345 681.074019026922 2.451537386907117 2.4705396007012523 698.1078372035524 
215.000053219259 1.7445621323047135E-90 47.03985530821379 1.150227232836692 692.4367941676892 0.0 0.0 282.0 276.9490080482602 2.455446551388461 692.4359274915461 1.1254045504209769 677.4935393534253 2.44627537801243 2.445124516280407 680.7581481885361 
216.00014621345267 1.634509053318594E-90 47.20950397156572 1.1497364402362178 692.1413370222036 0.0 0.0 282.0 272.8201071016785 2.454398876727788 692.1404832372363 1.1064212568260992 666.0655966093202 2.4414094829201183 2.392641195759872 662.5725706018665 
217.00039065879167 1.634509053318594E-90 47.167820656005084 1.147451909089554 690.7660492719117 0.0 0.0 282.0 276.21391269377705 2.4495220412693826 690.7652156379663 1.1276963247811924 678.8731875182744 2.457780569043614 2.3660468571857414 661.6567198528417 
218.0000835046479 2.263782146101001E-90 47.167820656005084 1.1470426193702947 690.5196568609176 0.0 0.0 282.0 275.73642619421526 2.4486482980641684 690.5188200540952 1.1279872714566135 679.0483374168826 2.462671859461159 2.451537386907117 681.074019026922 
219.00055382737906 2.126449307939075E-90 47.167820656005084 1.1458081122524688 689.7764835759859 0.0 0.0 282.0 269.29458247080476 2.446012937679187 689.7756484255306 1.1380481732771421 685.105000312849 2.5440727177908373 2.44627537801243 677.4935393534253 
220.0000441410373 2.427965337995272E-90 47.449305776558695 1.142023831616933 687.4983466333928 0.0 0.0 283.0 270.5732808469658 2.4293198910197753 687.4975291585962 1.1211555651137688 674.9356501984925 2.4944652631101105 2.4414094829201183 666.0655966093202 
221.00060207761956 2.274977731177245E-90 47.56252815838666 1.1438000900846774 688.5676542309764 0.0 0.0 284.0 275.1951964368536 2.4245315077227687 688.5669481932661 1.1214109413507876 675.089386693172 2.4531292531048163 2.457780569043614 678.8731875182744 
222.00008524599627 2.274977731177245E-90 47.84238175818806 1.145826943729392 689.7878201250936 0.0 0.0 283.0 275.93634362935467 2.4374100106877963 689.7870330246463 1.1393279456837244 685.8754233015982 2.485629164612274 2.462671859461159 679.0483374168826 
223.0004996953364 2.427965337995272E-90 48.253455889552974 1.1472055741549585 690.6177556412858 0.0 0.0 282.0 276.96656478463245 2.4489963624830637 690.616974220224 1.128387894231575 679.2895123274066 2.452604749802988 2.5440727177908373 685.105000312849 
224.00003426514098 2.092243490308917E-90 48.22745964356329 1.1443810366460867 688.9173840609437 0.0 0.0 283.0 280.7934518618213 2.4343346221921696 688.916698080384 1.1337587275341632 682.5227539755675 2.430693270979259 2.4944652631101105 674.9356501984925 
225.00009023116166 2.092243490308917E-90 48.295025371986846 1.1440131276445498 688.6959028420179 0.0 0.0 283.0 280.5481824337636 2.4335520565433044 688.6952320017549 1.1257574315609777 677.7059737997076 2.4156491334949624 2.4531292531048163 675.089386693172 
226.00023460958755 3.2234723646587037E-90 48.46623887467034 1.144711411719686 689.1162698552504 0.0 0.0 283.0 278.8239571831321 2.4350374252208593 689.1155913375029 1.119730188030103 674.0775731941163 2.4175740851112764 2.485629164612274 685.8754233015982 
227.00021232798275 3.2234723646587037E-90 48.59565465603748 1.1428311039209282 687.9843245603985 0.0 0.0 283.0 279.9909024151953 2.431037639593046 687.9836520048323 1.1417262838100875 687.3192228536698 2.454791269733657 2.452604749802988 679.2895123274066 
228.00062847840016 3.020527167467205E-90 48.5727121254765 1.1422741360969086 687.6490299303384 0.0 0.0 282.0 276.2344580728587 2.43846907496727 687.64827914077 1.1435840346640973 688.4375888677852 2.4922219829873837 2.430693270979259 682.5227539755675 
229.00007928616537 3.020527167467205E-90 48.70241221437849 1.1426533869817288 687.8773389630014 0.0 0.0 281.0 275.43885057262986 2.447959405272723 687.8765928816355 1.1513496855541658 693.1125107036052 2.516393418222023 2.4156491334949624 677.7059737997076 
230.0001892125642 5.0801586224028575E-90 48.682123769727795 1.1439560995213653 688.6615719118618 0.0 0.0 283.0 276.0958266362022 2.4334308298066087 688.6609248352704 1.1462774822772972 690.0590443309283 2.4993461608537273 2.4175740851112764 674.0775731941163 
231.00000964712842 4.760689382599843E-90 48.83245863182057 1.144732619992792 689.129037235661 0.0 0.0 284.0 276.8891632800177 2.426508474333342 689.128406710669 1.1443096124695604 688.874386706674 2.4879066358043636 2.454791269733657 687.3192228536698 
232.00024009501377 5.198616258508632E-90 48.8034390742125 1.1467351027033372 690.3345318274085 0.0 0.0 284.0 275.2992995209991 2.430753160203241 690.3338974977202 1.1188540095393602 673.550113742705 2.4466103434139987 2.4922219829873837 688.4375888677852 
233.00017790373505 4.565388421349614E-90 48.8034390742125 1.1455709564654244 689.6337157921847 0.0 0.0 284.0 277.0536010430661 2.4282855569901916 689.6330981852145 1.1375587596612824 684.8103733160862 2.471761315275729 2.4922219829873837 688.4375888677852 
234.00016666953783 5.68724426816661E-90 48.88158707840003 1.1439859168286313 688.6795219308351 0.0 0.0 282.0 276.9888486871572 2.4421235769322798 688.6788486949025 1.1300261998189418 680.2757722910129 2.4559680850522065 2.4993461608537273 690.0590443309283 
235.0000695073224 6.909351745385349E-90 48.93919264202727 1.144658172042401 689.0842195695247 0.0 0.0 284.0 275.9102817946752 2.426350743291856 689.083611094887 1.1230198177413606 676.0579302802964 2.4502817578338747 2.4879066358043636 688.874386706674 
236.00000641364448 9.14547437141447E-90 49.073960642852846 1.1438703726056516 688.6099643086011 0.0 0.0 283.0 275.91072998874756 2.43324843571355 688.6093073069343 1.1365380331274408 684.1958959427121 2.4797727002882985 2.4466103434139987 673.550113742705 
237.00043566873677 7.567094323472914E-90 49.073960642852846 1.1457128646334163 689.7191445093162 0.0 0.0 283.0 277.93046427077456 2.4371678864641897 689.7185118693657 1.1400833608755407 686.330183247082 2.469431284000673 2.471761315275729 684.8103733160862 
238.00007494762616 8.061173590921389E-90 49.17548503390077 1.1435515046442015 688.4180057958098 0.0 0.0 281.0 278.8346811348728 2.449883858624678 688.4173642735343 1.140293114058351 686.4564546631325 2.461876162137422 2.4559680850522065 680.2757722910129 
239.00006749017197 8.061173590921389E-90 49.27393442050698 1.1429517882451605 688.0569765235866 0.0 0.0 281.0 279.19557945874 2.448599147253738 688.0563603783003 1.1254918151220226 677.5460727034563 2.4267793709949665 2.4502817578338747 676.0579302802964 
240.00000411334267 8.061173590921389E-90 49.326521325320286 1.1421568990245912 687.5784532128034 0.0 0.0 283.0 279.5356262184575 2.4296036897888977 687.5778442102581 1.1313690259069367 681.0841535959693 2.4364842607349844 2.4797727002882985 684.1958959427121 
241.0001129293304 8.061173590921389E-90 49.326521325320286 1.1403622305624248 686.4980627985802 0.0 0.0 282.0 277.1127182212124 2.43438812152349 686.4974502696243 1.1304169756138696 680.5110193195519 2.455719187801104 2.469431284000673 686.330183247082 
242.0001272395428 8.061173590921389E-90 49.326521325320286 1.141167287781602 686.982707244524 0.0 0.0 283.0 275.22819659050464 2.42749851038363 686.9820784385673 1.1286046063559876 679.4199730263047 2.4685696503587984 2.469431284000673 686.330183247082 
243.00126966742906 7.102587489179496E-90 49.326521325320286 1.1401152402120194 686.3493746076366 0.0 0.0 285.0 279.16997158647627 2.408241430049978 686.3488075642439 1.1389227011942737 685.6314661189471 2.4559642364922634 2.4267793709949665 677.5460727034563 
244.0006519697793 1.1925528744251957E-89 49.40989872685189 1.1397667367343423 686.1395755140745 0.0 0.0 287.0 274.4256103746419 2.3907283946464153 686.1390492635211 1.0970067179652665 660.3980442150838 2.406473810201307 2.4364842607349844 681.0841535959693 
245.00000900632153 1.0957883513320548E-89 49.42060536474406 1.138511219716516 685.3837542693426 0.0 0.0 285.0 275.8494476087078 2.4048533620557473 685.3832081858876 1.1221856970407327 675.5557896185239 2.449001785121568 2.455719187801104 680.5110193195519 
246.00016988065633 1.3305921380708731E-89 49.48241974734567 1.1397304048247594 686.1177037045056 0.0 0.0 286.0 276.7481816189102 2.3990110034111285 686.1171469755832 1.1102729919894754 668.3843411776664 2.415135439256652 2.4685696503587984 679.4199730263047 
247.00078858338853 1.685407531569992E-89 49.58148361768191 1.1393665094924001 685.8986387144256 0.0 0.0 286.0 279.2040259987329 2.3982450352187112 685.8980800725512 1.1240419766185286 676.6732699243505 2.4235799161700533 2.4559642364922634 685.6314661189471 
248.00003464314443 1.685407531569992E-89 49.55064251284714 1.136832033473756 684.372884151201 0.0 0.0 287.0 281.7409971221479 2.3845725503440587 684.3723219487449 1.1189081336086493 673.5826964324124 2.3907869401781903 2.4559642364922634 685.6314661189471 
249.00012924596027 2.961731488859935E-89 49.60793412851221 1.1393859894477019 685.9103656475164 0.0 0.0 286.0 280.99837632020547 2.398285935654734 685.9097775972535 1.1212776473056 675.009143677973 2.4021816514298338 2.449001785121568 675.5557896185239 
250.0003105929992 2.776653101363302E-89 49.690682956953715 1.1387440674956308 685.5239286323699 0.0 0.0 286.0 279.938232458778 2.3969347017169467 685.5233246910462 1.097488635579218 660.6881586186912 2.360121205366188 2.415135439256652 668.3843411776664 
251.00018302169963 2.776653101363302E-89 49.7636160965001 1.1396887353862901 686.092618702546 0.0 0.0 286.0 282.8014987408644 2.3989231272981346 686.0920144072667 1.1297990624889689 680.1390356183501 2.4050050606046205 2.415135439256652 668.3843411776664 
252.00008026174905 0.0 0.0 0.0 0.0 0.0 0.0 284.0 279.27990891038036 0.0 0.0 1.1024280878490358 663.6617088851191 2.37633172924761 2.415135439256652 668.3843411776664 
253.00002725864906 0.0 0.0 0.0 0.0 0.0 0.0 282.0 278.1344349553163 0.0 0.0 0.8957114994815639 539.2183226879059 1.938696741288198 2.4021816514298338 675.009143677973 
254.00002083481945 0.0 0.0 0.0 0.0 0.0 0.0 282.0 278.8912955916482 0.0 0.0 0.3422545579759957 206.0372439015482 0.738772586876384 2.360121205366188 660.6881586186912 
255.0002884946355 0.0 0.0 0.0 0.0 0.0 0.0 284.0 280.99946385279185 0.0 0.0 0.0589220728027692 35.47108782726691 0.12623187012858242 2.360121205366188 660.6881586186912 
256.00002488109044 0.0 0.0 0.0 0.0 0.0 0.0 284.0 276.40490659541007 0.0 0.0 0.005351888614548469 3.221836945958153 0.01165622197392517 2.360121205366188 660.6881586186912 
257.00041778560757 0.0 0.0 0.0 0.0 0.0 0.0 284.0 281.9683357270537 0.0 0.0 6.641792161867898E-4 0.3998358881444448 0.0014180169809261394 2.360121205366188 660.6881586186912 
258.0002116013747 0.0 0.0 0.0 0.0 0.0 0.0 283.0 280.14615944225693 0.0 0.0 3.4318744661235973E-4 0.206598842860639 7.374680533617048E-4 2.360121205366188 660.6881586186912 
259.0001143941257 0.0 0.0 0.0 0.0 0.0 0.0 283.0 281.3272618456296 0.0 0.0 2.1919037529944237E-4 0.1319526059302633 4.690359727834289E-4 2.360121205366188 660.6881586186912 
260.00082571855495 0.0 0.0 0.0 0.0 0.0 0.0 283.0 282.9298537465016 0.0 0.0 1.7896065863398972E-4 0.10773431649766106 3.807810136366467E-4 2.360121205366188 660.6881586186912 
261.00074959218034 0.0 0.0 0.0 0.0 0.0 0.0 283.0 278.28893275923065 0.0 0.0 9.035481007809808E-5 0.05439359566701582 1.9545727215130018E-4 2.360121205366188 660.6881586186912 
262.00031106158184 0.0 0.0 0.0 0.0 0.0 0.0 284.0 277.18726209909926 0.0 0.0 4.997113393090463E-5 0.030082622626404387 1.0852815673632696E-4 2.360121205366188 660.6881586186912 
263.0011138330332 0.0 0.0 0.0 0.0 0.0 0.0 283.0 278.0875815471352 0.0 0.0 3.633425040661318E-5 0.021873218744781247 7.86558631028757E-5 4.690359727834289E-4 0.1319526059302633 
264.00001466717345 0.0 0.0 0.0 0.0 0.0 0.0 284.0 275.8311970813572 0.0 0.0 2.7775260402117033E-6 0.0016720706762074298 6.061934595868965E-6 4.690359727834289E-4 0.1319526059302633 
265.00004865973773 0.0 0.0 0.0 0.0 0.0 0.0 283.0 277.7973967437944 0.0 0.0 -2.8470058708052666E-9 -1.7138975342247767E-6 -6.169595375313979E-9 4.690359727834289E-4 0.1319526059302633 
266.00009368765734 0.0 0.0 0.0 0.0 0.0 0.0 283.0 280.1202510398786 0.0 0.0 6.211721916203714E-9 3.7394565935546773E-6 1.3349468950112853E-8 1.0852815673632696E-4 0.030082622626404387 
267.0002419837672 0.0 0.0 0.0 0.0 0.0 0.0 283.0 281.07199926112924 0.0 0.0 2.2276214626235295E-10 1.3410281204993672E-7 4.771119585104913E-10 1.0852815673632696E-4 0.030082622626404387 
268.00144350511937 0.0 0.0 0.0 0.0 0.0 0.0 283.0 279.6015278693072 0.0 0.0 5.1787234650876645E-11 3.1175915259827466E-8 1.1150123354976757E-10 6.061934595868965E-6 0.0016720706762074298 
269.00011238662916 0.0 0.0 0.0 0.0 0.0 0.0 283.0 281.02691059663397 0.0 0.0 2.37947760037245E-11 1.4324455154242257E-8 5.097182730234173E-11 -6.169595375313979E-9 -1.7138975342247767E-6 
270.0003681991442 0.0 0.0 0.0 0.0 0.0 0.0 282.0 280.64463553601087 0.0 0.0 8.8522994785187E-12 5.329084286068233E-9 1.8988726707318205E-11 1.3349468950112853E-8 3.7394565935546773E-6 
271.0010786359001 0.0 0.0 0.0 0.0 0.0 0.0 281.0 279.42386280355123 0.0 0.0 2.179121304800055E-12 1.3118310254896468E-9 4.694770920162709E-12 1.3349468950112853E-8 3.7394565935546773E-6 
272.0004831715367 0.0 0.0 0.0 0.0 0.0 0.0 282.0 278.19954185892374 0.0 0.0 3.7642215440096477E-13 2.2660613694937881E-10 8.145453275559017E-13 1.3349468950112853E-8 3.7394565935546773E-6 
273.0001605058712 0.0 0.0 0.0 0.0 0.0 0.0 282.0 278.37005635390216 0.0 0.0 6.381468292672953E-14 3.841643912189099E-11 1.3800492633823642E-13 1.3349468950112853E-8 3.7394565935546773E-6 
274.0006402362891 0.0 0.0 0.0 0.0 0.0 0.0 282.0 276.330723418682 0.0 0.0 8.45997917077585E-15 5.092907460807056E-12 1.8430478514292985E-14 1.3349468950112853E-8 3.7394565935546773E-6 
275.00012172909186 0.0 0.0 0.0 0.0 0.0 0.0 282.0 278.5577588260339 0.0 0.0 1.9660643151076707E-15 1.1835707176948237E-12 4.2489238952916495E-15 1.3349468950112853E-8 3.7394565935546773E-6 
276.0001441799333 0.0 0.0 0.0 0.0 0.0 0.0 282.0 274.0708657806035 0.0 0.0 1.5173094703136076E-15 9.134203011287957E-13 3.3327887607725434E-15 1.3349468950112853E-8 3.7394565935546773E-6 
277.0004369874411 0.0 0.0 0.0 0.0 0.0 0.0 283.0 275.7437262721958 0.0 0.0 1.5473551163662507E-15 9.315077800524833E-13 3.3781649093004606E-15 1.3349468950112853E-8 3.7394565935546773E-6 
278.0009147730744 0.0 0.0 0.0 0.0 0.0 0.0 283.0 276.0853608991315 0.0 0.0 9.124668631080818E-16 5.493050515910649E-13 1.9896203471351563E-15 1.3349468950112853E-8 3.7394565935546773E-6 
279.0005678366812 0.0 0.0 0.0 0.0 0.0 0.0 283.0 275.64464613527315 0.0 0.0 1.460235743650961E-16 8.79061917677868E-14 3.1891129757204376E-16 1.3349468950112853E-8 3.7394565935546773E-6 
280.0001687981548 0.0 0.0 0.0 0.0 0.0 0.0 285.0 276.95879529794394 0.0 0.0 2.3227380250806936E-17 1.3982882910985692E-14 5.048723184957288E-17 3.3327887607725434E-15 9.134203011287957E-13 
281.00019579088377 0.0 0.0 0.0 0.0 0.0 0.0 284.0 278.27834110022155 0.0 0.0 1.2642459519005765E-17 7.610760630441348E-15 2.7349453789148264E-17 3.3781649093004606E-15 9.315077800524833E-13 
282.000060512556 0.0 0.0 0.0 0.0 0.0 0.0 285.0 278.85579557142637 0.0 0.0 6.297291015910371E-18 3.790969191578028E-15 1.3594729791466736E-17 3.3781649093004606E-15 9.315077800524833E-13 
283.00015574793565 0.0 0.0 0.0 0.0 0.0 0.0 285.0 280.6132101673172 0.0 0.0 7.100196104387356E-18 4.2743180548412236E-15 1.5232062853679046E-17 3.3781649093004606E-15 9.315077800524833E-13 
284.0010193622242 0.0 0.0 0.0 0.0 0.0 0.0 288.0 276.4633590402561 0.0 0.0 4.377482562201639E-22 2.635244502445399E-19 9.53198467816373E-22 3.3781649093004606E-15 9.315077800524833E-13 
285.0002256313329 0.0 0.0 0.0 0.0 0.0 0.0 287.0 275.9475856072251 0.0 0.0 1.966955316964857E-26 1.1841071008128549E-23 4.2910580217877854E-26 3.3781649093004606E-15 9.315077800524833E-13 
286.0015323036357 0.0 0.0 0.0 0.0 0.0 0.0 289.0 279.8425434686153 0.0 0.0 5.084743839685595E-28 3.0610157914907034E-25 1.0938350379287487E-27 3.3781649093004606E-15 9.315077800524833E-13 
287.0001381746454 0.0 0.0 0.0 0.0 0.0 0.0 289.0 279.7485204050971 0.0 0.0 -5.443074520359238E-29 -3.276730861256269E-26 -1.171313026610941E-28 3.3781649093004606E-15 9.315077800524833E-13 
288.00001018904743 0.0 0.0 0.0 0.0 0.0 0.0 289.0 277.51909795434204 0.0 0.0 -3.3180679992624196E-30 -1.997476935556E-27 -7.197619732407131E-30 3.3781649093004606E-15 9.315077800524833E-13 
289.0000877759639 0.0 0.0 0.0 0.0 0.0 0.0 289.0 278.41964580924986 0.0 0.0 -1.3703809145055753E-31 -8.249693105323545E-29 -2.9630427412351327E-31 3.3781649093004606E-15 9.315077800524833E-13 
290.00049672441185 0.0 0.0 0.0 0.0 0.0 0.0 287.0 281.14896456242803 0.0 0.0 -1.048380506030787E-31 -6.311250646305341E-29 -2.244806647653135E-31 3.3781649093004606E-15 9.315077800524833E-13 
291.00033799032155 0.0 0.0 0.0 0.0 0.0 0.0 289.0 278.8696198410475 0.0 0.0 -1.0470992425550233E-31 -6.303537440181175E-29 -2.260388723509617E-31 3.3781649093004606E-15 9.315077800524833E-13 
292.0003721273301 0.0 0.0 0.0 0.0 0.0 0.0 289.0 284.12457331220173 0.0 0.0 -6.168938848149343E-32 -3.7137011865859213E-29 -1.3070679326653075E-31 3.3781649093004606E-15 9.315077800524833E-13 
293.0000801932478 0.0 0.0 0.0 0.0 0.0 0.0 288.0 286.04719629119654 0.0 0.0 -2.7312160013792158E-33 -1.6441920328303084E-30 -5.74797464945791E-33 3.3781649093004606E-15 9.315077800524833E-13 
294.000060157077 0.0 0.0 0.0 0.0 0.0 0.0 288.0 283.30058929305903 0.0 0.0 -1.3699379057046669E-33 -8.247026192342058E-31 -2.911051548788329E-33 3.3781649093004606E-15 9.315077800524833E-13 
295.0003626173759 0.0 0.0 0.0 0.0 0.0 0.0 289.0 287.14662342733067 0.0 0.0 -9.510910412673029E-34 -5.725568068429201E-31 -1.993952775794417E-33 -2.260388723509617E-31 -6.303537440181175E-29 
296.0004723066556 0.0 0.0 0.0 0.0 0.0 0.0 289.0 277.81342536536783 0.0 0.0 -6.396845454794885E-35 -3.850900963786478E-32 -1.3861464609645645E-34 -2.260388723509617E-31 -6.303537440181175E-29 
297.000080172668 0.0 0.0 0.0 0.0 0.0 0.0 289.0 278.46271764730847 0.0 0.0 -9.499682054117635E-37 -5.718808596578819E-34 -2.0537070976309547E-36 -2.260388723509617E-31 -6.303537440181175E-29 
298.00045971799176 0.0 0.0 0.0 0.0 0.0 0.0 290.0 279.0984311580593 0.0 0.0 7.529940401985104E-39 4.533024121994991E-36 1.6241668228610874E-38 -2.260388723509617E-31 -6.303537440181175E-29 
299.0003831739075 0.0 0.0 0.0 0.0 0.0 0.0 290.0 282.2504818130722 0.0 0.0 4.6915144847615504E-39 2.8242917198264325E-36 1.0006330907512476E-38 -2.260388723509617E-31 -6.303537440181175E-29 
300.0006659555911 0.0 0.0 0.0 0.0 0.0 0.0 291.0 282.2553707456521 0.0 0.0 4.515225180457235E-40 2.7181655586352398E-37 9.630164171737415E-40 -2.260388723509617E-31 -6.303537440181175E-29 
#####################################################################
# End of data export. Simulation finished at: 2021-12-09T08:54+0000 #
#####################################################################
