#####################################################################
# Alchemist log file - simulation started at: 2021-12-09T08:43+0000 #
#####################################################################
# random = 23.0
#
# The columns have the following meaning: 
# time localWarningInSystem[Min] localWarningInSystem[Max] localWarningInSystem[Mean] localWarningInSystem[Sum] meanWarningAtDetector[Sum] dataAtCollector[Sum] inSurveillanceArea[Sum] numDevicesAtDetector[Sum] localWarningInSurveillanceArea[Mean] localWarningInSurveillanceArea[Sum] sumWarningAtDetector[Mean] sumWarningAtDetector[Sum] meanWarningOverallAtDetector[Sum] meanWarningAtCollector[Sum] sumWarningAtCollector[Sum] 
0.0 0.0 0.0 0.0 0.0 0.0 0.0 0.0 0.0 0.0 0.0 0.0 0.0 0.0 0.0 0.0 
1.0047487018510166 0.0 0.0 0.0 0.0 0.0 0.0 40.0 1.0 0.0 0.0 0.0 0.0 0.0 0.0 0.0 
2.0 0.0 0.0 0.0 0.0 0.0 0.0 227.0 8.951550565790868 0.0 0.0 0.0 0.0 0.0 0.0 0.0 
3.0006051632416675 0.0 0.0 0.0 0.0 0.0 0.0 251.0 37.794010559953556 0.0 0.0 0.0 0.0 0.0 0.0 0.0 
4.000126715425275 0.0 0.0 0.0 0.0 0.0 0.0 254.0 95.85546035295087 0.0 0.0 0.0 0.0 0.0 0.0 0.0 
5.001515163437136 0.0 0.0 0.0 0.0 0.0 0.0 255.0 166.13625957290324 0.0 0.0 0.0 0.0 0.0 0.0 0.0 
6.000083887777544 0.0 0.0 0.0 0.0 0.0 0.0 256.0 218.16268999783034 0.0 0.0 0.0 0.0 0.0 0.0 0.0 
7.001408263506026 0.0 0.0 0.0 0.0 0.0 0.0 257.0 240.25179157899046 0.0 0.0 0.0 0.0 0.0 0.0 0.0 
8.000256897834028 0.0 0.0 0.0 0.0 0.0 0.0 257.0 244.02561702777834 0.0 0.0 0.0 0.0 0.0 0.0 0.0 
9.000727977703011 0.0 0.0 0.0 0.0 0.0 0.0 257.0 252.31641985797967 0.0 0.0 0.0 0.0 0.0 0.0 0.0 
10.000138326284157 0.0 0.0 0.0 0.0 0.0 0.0 257.0 251.92472407723758 0.0 0.0 0.0 0.0 0.0 0.0 0.0 
11.00020099601069 0.0 0.0 0.0 0.0 0.0 0.0 257.0 252.52012755332507 0.0 0.0 0.0 0.0 0.0 0.0 0.0 
12.000219856841454 0.0 0.0 0.0 0.0 0.0 0.0 256.0 251.24151156580797 0.0 0.0 0.0 0.0 0.0 0.0 0.0 
13.000285938294809 0.0 0.0 0.0 0.0 0.0 0.0 257.0 256.2883944478347 0.0 0.0 0.0 0.0 0.0 0.0 0.0 
14.000139811947134 0.0 0.0 0.0 0.0 0.0 0.0 257.0 254.65946787677106 0.0 0.0 0.0 0.0 0.0 0.0 0.0 
15.000190485420925 0.0 0.0 0.0 0.0 0.0 0.0 257.0 253.5528523475386 0.0 0.0 0.0 0.0 0.0 0.0 0.0 
16.000259198853225 0.0 0.0 0.0 0.0 0.0 0.0 257.0 248.93002567077576 0.0 0.0 0.0 0.0 0.0 0.0 0.0 
17.00021504407935 0.0 0.0 0.0 0.0 0.0 0.0 257.0 252.71840904740586 0.0 0.0 0.0 0.0 0.0 0.0 0.0 
18.00030629130153 0.0 0.0 0.0 0.0 0.0 0.0 257.0 254.76458286648185 0.0 0.0 0.0 0.0 0.0 0.0 0.0 
19.000697470217155 0.0 0.0 0.0 0.0 0.0 0.0 257.0 251.75284735990266 0.0 0.0 0.0 0.0 0.0 0.0 0.0 
20.00012678404654 0.0 0.0 0.0 0.0 0.0 0.0 257.0 253.58955879684845 0.0 0.0 0.0 0.0 0.0 0.0 0.0 
21.000170629638102 0.0 0.0 0.0 0.0 0.0 0.0 257.0 253.3291984090581 0.0 0.0 0.0 0.0 0.0 0.0 0.0 
22.00002428312039 0.0 0.0 0.0 0.0 0.0 0.0 257.0 251.42654167144318 0.0 0.0 0.0 0.0 0.0 0.0 0.0 
23.000069855701593 0.0 0.0 0.0 0.0 0.0 0.0 257.0 249.3413972697716 0.0 0.0 0.0 0.0 0.0 0.0 0.0 
24.000324870420386 0.0 0.0 0.0 0.0 0.0 0.0 257.0 254.5457163428015 0.0 0.0 0.0 0.0 0.0 0.0 0.0 
25.000201550534868 0.0 0.0 0.0 0.0 0.0 0.0 257.0 254.29035341724253 0.0 0.0 0.0 0.0 0.0 0.0 0.0 
26.000070456060836 0.0 0.0 0.0 0.0 0.0 0.0 257.0 253.93172068939637 0.0 0.0 0.0 0.0 0.0 0.0 0.0 
27.000097807277477 0.0 0.0 0.0 0.0 0.0 0.0 257.0 254.29015199396088 0.0 0.0 0.0 0.0 0.0 0.0 0.0 
28.001215420470768 0.0 0.0 0.0 0.0 0.0 0.0 258.0 252.36790525315251 0.0 0.0 0.0 0.0 0.0 0.0 0.0 
29.00007708866095 0.0 0.0 0.0 0.0 0.0 0.0 258.0 248.96359390040536 0.0 0.0 0.0 0.0 0.0 0.0 0.0 
30.000039971719637 0.0 0.0 0.0 0.0 0.0 0.0 258.0 251.11752695180826 0.0 0.0 0.0 0.0 0.0 0.0 0.0 
31.00007035688669 1.8382136280925303E-91 48.26927489240993 1.078031675319615 648.9750685424082 0.0 0.0 258.0 248.98130183278784 2.5153035058782334 648.9483045165842 0.009475278289769663 5.704117530441368 0.02290982290016368 0.0 0.0 
32.00040910420254 1.92641528856048E-91 48.282953124612746 1.0791003706019524 649.6184231023751 0.0 0.0 258.0 249.6207282603669 2.51780091377423 649.5926357537513 0.14412877700846866 86.76552375909745 0.3475894184099835 0.0 0.0 
33.0003642489623 3.0910502269768873E-91 48.282953124612746 1.081001701462288 650.7630242802968 0.0 0.0 258.0 250.83876298053013 2.522241517032332 650.7383113943412 0.5075578346692148 305.5498164708699 1.2181124354156794 0.0 0.0 
34.000255184792685 3.0910502269768873E-91 48.282953124612746 1.0815123861969098 651.0704564905383 0.0 0.0 259.0 251.54232600637374 2.5136923963138518 651.0463306452866 0.8624135700942711 519.1729691967475 2.0639586881437695 0.0 0.0 
35.00033384480383 3.292691636562174E-91 48.282953124612746 1.0815460865440103 651.0907440994945 0.0 0.0 258.0 252.73868567141548 2.52351452521954 651.0667475066415 1.0177539020709498 612.6878490467142 2.4241949641348817 0.0 0.0 
36.00089287542452 3.292691636562174E-91 48.282953124612746 1.0820202081476449 651.3761653048821 0.0 0.0 260.0 255.72213915524574 2.5052014435244914 651.3523753163677 1.0545625863510435 634.846676983327 2.4825643922754748 0.0 0.0 
37.00010172493122 3.4039195591061917E-91 48.29583029564749 1.0795821605825906 649.9084606707195 0.0 0.0 258.0 256.79123818395124 2.5189376515253192 649.8859140935325 1.0747657887408648 647.0090048219997 2.519591436988663 0.0 0.0 
38.00018398095032 3.292691636562174E-91 47.940825575414344 1.0746896072517935 646.9631435655799 0.0 0.0 258.0 256.6790724302166 2.507522012661634 646.9406792667019 1.0551561675687 635.2040128763624 2.4747012168241938 0.3475894184099835 86.76552375909745 
39.00054492754285 3.5079935849223755E-91 47.70304477651791 1.0719376340923787 645.3064557236121 0.0 0.0 258.0 253.878800867229 2.5011005140975238 645.2839326371611 1.0510021063578072 632.7032680274035 2.4921469057918246 0.3475894184099835 86.76552375909745 
40.00006397736231 3.5079935849223755E-91 47.28509963815358 1.0675848726967945 642.6860933634706 0.0 0.0 258.0 254.87386906564126 2.4909446853657062 642.6637288243523 1.0639891976634952 640.5214969934262 2.5130920613460916 0.3475894184099835 86.76552375909745 
41.000121788591066 3.5079935849223755E-91 47.12538871439689 1.066706346713486 642.1572207215187 0.0 0.0 259.0 256.4538323341671 2.4792884969526323 642.1357207107317 1.055800506972107 635.5919051972078 2.478387238015661 0.3475894184099835 86.76552375909745 
42.00097501146073 3.761912904044296E-91 46.849989436270086 1.0635038573843254 640.2293221453642 0.0 0.0 259.0 253.13832315999065 2.4718476454526543 640.2085401722377 1.0632089307364148 640.0517763033257 2.528466524994695 0.3475894184099835 86.76552375909745 
43.00010202384451 5.135929873230718E-91 46.563263546335 1.0588769759444645 637.4439395185678 0.0 0.0 259.0 253.5442641594517 2.461096216379931 637.4239200424023 1.0523791643807339 633.5322569572065 2.4987047490799625 0.3475894184099835 86.76552375909745 
44.000137280066795 3.9142215347271703E-91 46.265439147078155 1.059739077448939 637.9629246242616 0.0 0.0 259.0 255.109735836516 2.463106056004306 637.9444685051155 1.0550322337507494 635.1294047179481 2.4896321680367506 0.3475894184099835 86.76552375909745 
45.00025058526276 3.8373968988166154E-91 46.265439147078155 1.0540939464458294 634.5645557603895 0.0 0.0 259.0 254.85457836120386 2.4499867209050143 634.5465607143988 1.0453940081680035 629.3271929171395 2.469358003940576 0.3475894184099835 86.76552375909745 
46.00058723033344 5.03512670226237E-91 46.265439147078155 1.0507018478930483 632.5225124316154 0.0 0.0 258.0 255.50116768710745 2.4515718112308713 632.505527297565 1.0128498452069798 609.735606814603 2.3864298247016196 0.3475894184099835 86.76552375909745 
47.000026807400396 4.1071198791122973E-91 46.31275688754975 1.0502031850903044 632.2223174243632 0.0 0.0 258.0 261.98952368321517 2.4504087410850413 632.2054551999406 1.0651551391401088 641.2233937623456 2.4475153996527026 0.3475894184099835 86.76552375909745 
48.000301593239755 6.05973741308649E-91 46.13018232002666 1.0470377201410386 630.316707524905 0.0 0.0 258.0 260.2836709228635 2.4430236064238513 630.3000904573535 1.0629441957579375 639.8924058462816 2.458442373958669 0.3475894184099835 86.76552375909745 
49.000024208164476 9.74214103629306E-91 45.880731121380535 1.0455679741869017 629.4319204605146 0.0 0.0 258.0 259.722100604632 2.4395996856393314 629.4167188949472 1.0305692590315436 620.4026939369946 2.3887173732720464 0.3475894184099835 86.76552375909745 
50.00076824245766 1.3670858738449706E-90 45.880731121380535 1.0443645743097119 628.7074737344466 0.0 0.0 257.0 260.4648512779817 2.446275506515459 628.692805174473 1.0326788093553296 621.6726432319123 2.386781326469385 0.3475894184099835 86.76552375909745 
51.00009065596435 1.315862686803998E-90 45.84888056308197 1.042801508505005 627.7665081200133 0.0 0.0 257.0 259.09043046033133 2.4426165534984547 627.752454249103 1.0841532816441937 652.6602755498036 2.519044313563448 0.3475894184099835 86.76552375909745 
52.00032554008247 1.3551911115494438E-90 45.84888056308197 1.0445407911911926 628.813556297098 0.0 0.0 257.0 256.8100460805986 2.4466938362642336 628.8003159199079 1.070325214464717 644.3357791077501 2.508997560420702 0.3475894184099835 86.76552375909745 
53.00033025177525 1.436978271307288E-90 45.63237532839802 1.0408409721490803 626.5862652337462 0.0 0.0 258.0 248.86972451226526 2.4285795664825147 626.5735281524888 1.0485884231550888 631.250230739358 2.5364685558939795 0.3475894184099835 86.76552375909745 
54.00046500681539 1.5084313411092675E-90 45.359400818742266 1.0361596892467708 623.7681329265555 0.0 0.0 258.0 250.96546929559796 2.417656712029262 623.755431703549 1.0942356348600426 658.7298521857512 2.6247828198622445 0.3475894184099835 86.76552375909745 
55.000192362089955 1.5084313411092675E-90 45.279839728230634 1.0335815466948155 622.216091110279 0.0 0.0 258.0 253.99013712972902 2.411642181273287 622.2036827685079 1.0569924627757168 636.3094625909837 2.5052526439874305 2.386781326469385 621.6726432319123 
56.00010263598538 1.5829975985143116E-90 45.47521489100076 1.0291291889948702 619.5357717749116 0.0 0.0 258.0 252.72517255033034 2.4012563129128073 619.524128731504 1.0153572569812714 611.2450687027288 2.418615694410097 2.386781326469385 621.6726432319123 
57.00041101599024 1.5829975985143116E-90 45.39847712506563 1.0279414522813715 618.8207542733855 0.0 0.0 258.0 254.2595625101754 2.398486676282117 618.8095624807863 1.0249988529360148 617.0493094674804 2.426847994921671 2.519044313563448 652.6602755498036 
58.00032461479856 2.3310533893272525E-90 45.58676576148809 1.0270909430159285 618.3087476955887 0.0 0.0 258.0 249.09301219621216 2.3965029523407053 618.2977617039016 1.005067536306528 605.0506568565287 2.42901497525722 2.4896321680367506 635.1294047179481 
59.00044393141058 2.7207845162298216E-90 45.694020636382724 1.0280293586307983 618.8736738957407 0.0 0.0 258.0 249.85721404533027 2.3986941304091594 618.8630856455635 1.0070801763862056 606.2622661844948 2.4264349080371317 2.4896321680367506 635.1294047179481 
60.00004181815727 2.668865824109873E-90 45.694020636382724 1.027320968915033 618.4472232868503 0.0 0.0 258.0 251.77694846179105 2.397042023865468 618.4368421572909 1.028370891052398 619.0792764135489 2.458840176575969 2.4896321680367506 635.1294047179481 
61.00200284127029 2.4942609829949813E-90 45.796947932579016 1.0273028659014147 618.4363252726517 0.0 0.0 258.0 239.13244549525982 2.39700092714628 618.4262392037402 1.049427935562232 631.7556172084606 2.6418649125594444 2.4896321680367506 635.1294047179481 
62.00097371742561 4.2828805950514655E-90 45.98969960903302 1.0254383951331463 617.3139138701546 0.0 0.0 258.0 247.14989614051584 2.392650479827561 617.3038237955109 1.0435056857105132 628.1904227977307 2.5417385667869192 2.4896321680367506 635.1294047179481 
63.000005725042655 4.2420795004607805E-90 45.98969960903302 1.0250976477341165 617.1087839359376 0.0 0.0 257.0 245.5990131739056 2.401162989902125 617.0988884048458 1.0207823301120464 614.5109627274483 2.5020905205849533 2.4896321680367506 635.1294047179481 
64.00040054599131 4.492099844868898E-90 46.13684604992561 1.024151583848153 616.5392534765884 0.0 0.0 257.0 247.9051503783656 2.3989472136784458 616.5294339153611 1.009318201096054 607.6095570598268 2.4509759322565983 2.4896321680367506 635.1294047179481 
65.00077088491231 4.492099844868898E-90 46.13684604992561 1.0228236591151414 615.7398427873159 0.0 0.0 257.0 247.31879503863456 2.395836935779191 615.7300924952527 1.0285479366354162 619.1858578545157 2.503594026316481 2.4896321680367506 635.1294047179481 
66.00035468541682 4.665877033020572E-90 46.16479293413656 1.0235146631508487 616.155827216811 0.0 0.0 256.0 247.67260166085546 2.406822020163717 616.1464371619116 1.0135240767996196 610.1414942333729 2.463500161672527 2.4896321680367506 635.1294047179481 
67.00023576740958 4.984186815851213E-90 45.91387917384333 1.0239756404822073 616.4333355702886 0.0 0.0 255.0 250.53394629302954 2.4173489576211096 616.4239841933827 1.040078414163308 626.1272053263102 2.4991711286660503 2.4896321680367506 635.1294047179481 
68.00016285655181 6.104260259059589E-90 46.08151503985231 1.0220369364209654 615.266235725421 0.0 0.0 254.0 250.96048420316006 2.4222730776498325 615.2573617230572 1.0233933857418327 616.082818216585 2.454899703324797 2.4896321680367506 635.1294047179481 
69.00002310366342 5.705472599862365E-90 45.857032199843324 1.0199436236646782 614.0060614461365 0.0 0.0 254.0 251.59930005017466 2.4173114920111294 613.9971189708268 1.0251871290465844 617.1626516860406 2.4529585398805334 2.6247828198622445 658.7298521857512 
70.00000740814504 5.705472599862365E-90 45.857032199843324 1.0174684335665543 612.5159970070655 0.0 0.0 254.0 251.78516030577458 2.411445909971378 612.50726113273 1.0097022908281013 607.84077907852 2.414124717836198 2.6247828198622445 658.7298521857512 
71.00001637551607 9.792370844128633E-90 45.857032199843324 1.0135020257808194 610.1282195200531 0.0 0.0 255.0 246.23609272902172 2.3926263871256315 610.119728717036 0.9910902569010519 596.6363346544408 2.4230255119871 2.463500161672527 610.1414942333729 
72.00009874357906 9.153353033634266E-90 45.79694793242807 1.0110948066173981 608.6790735836736 0.0 0.0 255.0 244.8842065475227 2.3869434715069158 608.6705852342633 0.9883121077603162 594.9638888717146 2.429572316074433 2.463500161672527 610.1414942333729 
73.00043671076163 9.591965485827937E-90 45.74202455566604 1.013998403943642 610.4270391740729 0.0 0.0 256.0 248.74392950352848 2.3844498948381627 610.4191730785699 1.005553672681582 605.3433109543095 2.433600338157087 2.454899703324797 616.082818216585 
74.00009597281029 1.6452564718616922E-89 45.64758865563352 1.010836123348226 608.5233462556325 0.0 0.0 255.0 250.7778884600109 2.3863365243381987 608.5158137062408 1.0218516189499438 615.1546746078681 2.4529861001120947 2.4529585398805334 617.1626516860406 
75.00076582891026 1.6452564718616922E-89 45.796947932542864 1.007523994143961 606.529444474665 0.0 0.0 255.0 249.75167134250535 2.378517797889801 606.5220384618991 1.019859493420344 613.9554150390406 2.4582634892443713 2.4529585398805334 617.1626516860406 
76.00018254460286 1.6452564718616922E-89 45.56245930225453 1.0108554622541361 608.5349882769904 0.0 0.0 255.0 244.9148895819184 2.386383199845503 608.5277159606035 0.9801514324238682 590.0511623191654 2.4092090249245826 2.4529585398805334 617.1626516860406 
77.00017023287081 1.739671464689388E-89 45.763375815218446 1.009731785539801 607.8585348949598 0.0 0.0 255.0 246.37646364434687 2.3837318905013998 607.8516320778568 0.9903210183648783 596.1732530556601 2.4197654444633043 2.4529585398805334 617.1626516860406 
78.00081962237637 1.739671464689388E-89 45.72576361566742 1.009681914888954 607.8285127631507 0.0 0.0 255.0 250.1366817703107 2.3836149319948063 607.8218076586757 0.9959153077527066 599.5410152671357 2.3968536362758153 2.4529585398805334 617.1626516860406 
79.0001388211574 2.189331578548277E-89 45.28512268439143 1.0078759356102338 606.7413132373607 0.0 0.0 255.0 252.37901879338668 2.37935149448771 606.7346310943658 0.9942679401909535 598.549299994951 2.371628603901345 2.4529585398805334 617.1626516860406 
80.00023532694588 3.0657453668509434E-89 45.28512268439143 1.007514494371725 606.5237256117779 0.0 0.0 255.0 249.59548806845802 2.3784992466563692 606.5173078973738 0.9979135202020163 600.7439391616145 2.4068701874804925 2.4529585398805334 617.1626516860406 
81.00055329896078 2.866162593867903E-89 45.28512268439143 1.0067620497302119 606.0707539375875 0.0 0.0 255.0 248.94849103608888 2.37672385631617 606.0645833606233 1.0039941968516084 604.4045065046655 2.427829564217153 2.4529585398805334 617.1626516860406 
82.0002776536874 2.866162593867903E-89 44.82431703876845 1.0013784305494862 602.8298151907904 0.0 0.0 255.0 245.84948764437394 2.3640143358147108 602.8236556327511 1.001086395089238 602.6540098437251 2.4513128565696904 2.4529585398805334 617.1626516860406 
83.00040042160968 3.0288228926648343E-89 44.62082968094907 0.9999789027298146 601.9872994433488 0.0 0.0 255.0 248.6354769816126 2.360712851681748 601.981777178846 1.0104952870297483 608.3181627919072 2.4466265642247595 2.4529585398805334 617.1626516860406 
84.00003110736212 3.0288228926648343E-89 44.62082968094907 0.9999803835257515 601.9881908825024 0.0 0.0 255.0 244.8329237655611 2.3607168882910363 601.9828065142144 0.9795997057212018 589.7190228441655 2.408658989870369 2.4529585398805334 617.1626516860406 
85.00004594077312 3.0011688743686404E-89 44.62082968094907 1.0009795488232143 602.5896883915744 0.0 0.0 255.0 247.69236282846398 2.363075624473068 602.584284240632 0.9788589997851647 589.2731178706651 2.379052430771789 2.4529585398805334 617.1626516860406 
86.00009748985045 3.1131157070958486E-89 44.708918709737624 0.9997458003150921 601.8469717896854 0.0 0.0 256.0 249.17554596537417 2.3509455767113114 601.8420676380957 0.9934817913613724 598.0760383995445 2.400219636651881 2.4529585398805334 617.1626516860406 
87.00106734040033 4.98586741408216E-89 44.57103089718099 1.0003929106580063 602.2365322161196 0.0 0.0 258.0 251.89739380280957 2.3342333611429327 602.2322071748763 1.0081053322113378 606.8794099912286 2.409232588036644 2.4529585398805334 617.1626516860406 
88.00007141321029 6.044518555940759E-89 44.63248219654313 0.9963790903956191 599.8202124181626 0.0 0.0 258.0 250.79916265542926 2.324868177716093 599.8159898507516 0.9906666102575103 596.3812993750225 2.3779238058876038 2.4529585398805334 617.1626516860406 
89.00074602147814 6.044518555940759E-89 44.63248219654313 0.9926617032601451 597.5823453626069 0.0 0.0 258.0 248.84332063178093 2.3161946680088352 597.5782243462795 1.0076127086219056 606.5828505903897 2.4376095329798466 2.4529585398805334 617.1626516860406 
90.00015300598866 5.969133876613244E-89 44.66026216048815 0.994679690771095 598.7971738441992 0.0 0.0 258.0 246.32605968192686 2.320903861330073 598.793196223159 0.9831678017596596 591.8670166593133 2.402778729232192 2.400219636651881 598.0760383995445 
91.00090863216836 6.35901861594163E-89 44.28053666835153 0.9941653856831827 598.4875621812768 0.0 0.0 258.0 245.52535454955057 2.319703881649321 598.4836014655251 0.958857758428594 577.2323705740188 2.3510092130119498 2.409232588036644 606.8794099912286 
92.00004985511825 6.5327243387818E-89 44.28053666835153 0.9925542988621275 597.5176879150013 0.0 0.0 259.0 247.53489634353684 2.307003169655681 597.5138209408213 0.9816500845974498 590.9533509276617 2.387353701061679 2.3779238058876038 596.3812993750225 
93.00023198231317 6.416472451197464E-89 44.064827167019374 0.9888198451635094 595.2695467884321 0.0 0.0 259.0 244.62896972713733 2.2983229222700428 595.2656368679407 0.971673320264107 584.9473387989883 2.3911613553024686 2.4376095329798466 606.5828505903897 
94.00050378194373 6.416472451197464E-89 44.064827167019374 0.9865142732302766 593.8815924846264 0.0 0.0 259.0 248.11261645380566 2.2929647516134173 593.8778706678752 0.9847555083061054 592.8228160002789 2.3893295894151048 2.402778729232192 591.8670166593133 
95.0001778684937 6.416472451197464E-89 43.697932213143766 0.9848413633169849 592.8745007168254 0.0 0.0 259.0 247.43940810074093 2.289076670228007 592.8708575890538 0.9825448900975238 591.4920238387108 2.3904519832907716 2.3510092130119498 577.2323705740188 
96.0002648051186 1.0269227865321106E-88 43.77203869849156 0.9841471090382251 592.4565596410114 0.0 0.0 259.0 250.7322148858332 2.2874633391059525 592.4530048284419 0.9883046291470631 594.9593867465339 2.37288769222351 2.387353701061679 590.9533509276617 
97.00010439333599 1.0269227865321106E-88 43.77203869849156 0.9839981600374529 592.3668923425469 0.0 0.0 259.0 250.10901251837058 2.2871177632134634 592.3635006722872 0.9637650152622286 580.1865391878553 2.319734636292806 2.3911613553024686 584.9473387989883 
98.00033171581947 1.0269227865321106E-88 43.26529373340415 0.9822424987848428 591.3099842684755 0.0 0.0 259.0 253.9215320733509 2.2830377085775173 591.3067665215773 0.9870435543870492 594.2002197409967 2.340093866357693 2.3893295894151048 592.8228160002789 
99.00001627503465 1.0269227865321106E-88 43.26529373340415 0.9795169840582845 589.6692244030869 0.0 0.0 259.0 251.0367380161415 2.276703129325848 589.6661104953946 0.9655360337476686 581.2526923160908 2.3154088796306644 2.3904519832907716 591.4920238387108 
100.00016575516503 1.436414499895946E-88 43.33072182154541 0.9783969390626485 588.9949573157146 0.0 0.0 261.0 253.7188945263344 2.2566744654793647 588.9920354901144 0.9786383266248736 589.1402726281651 2.322019705028378 2.37288769222351 594.9593867465339 
101.00111470081671 1.436414499895946E-88 43.17597112477019 0.9773477719738919 588.3633587282831 0.0 0.0 261.0 250.72221094920855 2.2542544599755976 588.3604140536307 0.9754620818502259 587.2281732738385 2.3421465974261033 2.319734636292806 580.1865391878553 
102.0001857225406 1.804499758421401E-88 43.210525721678934 0.9781077367043308 588.8208574960069 0.0 0.0 261.0 245.9045130219092 2.256007605609958 588.8179850641988 0.9808733609211715 590.4857632745448 2.4012807085892507 2.340093866357693 594.2002197409967 
103.00058782150192 2.3594221670686775E-88 42.82337577820378 0.9754620229229425 587.2281377996107 0.0 0.0 261.0 249.48511884698283 2.249905073592956 587.2252242077615 0.9757983532915884 587.4306086815322 2.3545717331614564 2.340093866357693 594.2002197409967 
104.00047722681043 3.084446732385585E-88 42.17738245317233 0.9733841673315213 585.9772687335756 0.0 0.0 260.0 248.35754433589008 2.2537476081679513 585.974378123667 0.9853299763737516 593.168645776995 2.3883657223424897 2.340093866357693 594.2002197409967 
105.00179181230696 2.884639910824008E-88 42.17644518841887 0.9709427705016617 584.5075478420005 0.0 0.0 261.0 252.60394574367334 2.2394818951685798 584.5047746389992 0.9855332904893948 593.2910408746142 2.348700607696163 2.340093866357693 594.2002197409967 
106.00054667307504 2.884639910824008E-88 42.25829995731464 0.9648827906962836 580.8594399991619 0.0 0.0 261.0 237.0874294044589 2.2255044745893255 580.8566678678135 0.9677509985382745 582.5861011200333 2.457262717738491 2.340093866357693 594.2002197409967 
107.00007002241901 2.884639910824008E-88 42.25829995731464 0.9610841977364043 578.572687037316 0.0 0.0 259.0 249.42641180324475 2.2338611124429004 578.5700281227112 0.959998299034193 577.9189760185798 2.3169919008996533 2.340093866357693 594.2002197409967 
108.00053232203415 4.3105553378373235E-88 42.25829995731464 0.9607868882383562 578.3937067194906 0.0 0.0 260.0 247.45212945514064 2.2245812344092935 578.3911209464158 0.9412836155861453 566.6527365828591 2.2899489199408354 2.340093866357693 594.2002197409967 
109.00006718663445 4.6088220332958715E-88 42.03702523712414 0.9608067428295488 578.4056591833878 0.0 0.0 260.0 250.649536673314 2.224627815843611 578.4032321193382 0.9723811860598961 585.3734740080617 2.335426116390603 2.3883657223424897 593.168645776995 
110.00007405825842 4.6088220332958715E-88 42.05360977877443 0.958143676044334 576.8024929786886 0.0 0.0 261.0 250.3990016555125 2.2099619715837813 576.8000745833666 0.9642443602585018 580.4751048756133 2.3182005560637355 2.348700607696163 593.2910408746142 
111.00092084595242 5.363619176742126E-88 41.90807633536409 0.9542865863044517 574.4805249552794 0.0 0.0 260.0 254.2576446663424 2.209531329897992 574.4781457734775 0.969259639657148 583.4943030736006 2.294893842186375 2.457262717738491 582.5861011200333 
112.00046628083643 5.913473617022382E-88 42.31092079918776 0.95496931012362 574.8915246944185 0.0 0.0 260.0 252.60686732197414 2.211112147226628 574.8891582789231 0.9725228043754657 585.4587282340267 2.3176675061956953 2.3169919008996533 577.9189760185798 
113.00059465581379 5.913473617022382E-88 42.62044708054768 0.955572600331357 575.2547053994759 0.0 0.0 261.0 255.6445096727613 2.2040320975015493 575.2523774479037 0.9593005120645307 577.4989082628468 2.2589920237366976 2.3169919008996533 577.9189760185798 
114.0000890671016 7.226947475927052E-88 42.6894058633166 0.9555450028173139 575.2380916960229 0.0 0.0 261.0 253.91673947746585 2.2039690326112167 575.2359175115271 0.9527730122463578 573.5693533723098 2.2588875178243693 2.3169919008996533 577.9189760185798 
115.00021133319277 1.060196081674354E-87 43.06936236415288 0.9559304972809739 575.4701593631462 0.0 0.0 261.0 258.02333859665316 2.2048582864090003 575.4680127527491 0.9775902358282501 588.509321968608 2.280837559770423 2.3182005560637355 580.4751048756133 
116.00067735705092 9.276285423677546E-88 43.44063214463911 0.9582211672517152 576.8491426855331 0.0 0.0 261.0 261.080516723105 2.210142177500674 576.8471083276759 0.9716823908999219 584.9527993217494 2.2405072835907345 2.294893842186375 583.4943030736006 
117.00026379226013 1.0127342728165566E-87 43.44063214463911 0.9565552807143501 575.846278990039 0.0 0.0 261.0 258.9267620254797 2.206299994411531 575.8442985414098 0.9571054644541782 576.1774896014159 2.2252527513734446 2.3176675061956953 585.4587282340267 
118.00017608827203 1.0305329504401836E-87 43.44063214463911 0.9532635763090637 573.8646729380566 0.0 0.0 260.0 258.13407249116926 2.2071641982292287 573.8626915395997 0.970204042527803 584.0628336017329 2.262633630520487 2.3169919008996533 577.9189760185798 
119.00051649087298 1.003933813249263E-87 43.44063214463911 0.9515014961046275 572.8039006549856 0.0 0.0 260.0 254.64606541378396 2.2030848446136626 572.8020595995522 0.9518707484351645 573.0261905579723 2.250284879237543 2.3169919008996533 577.9189760185798 
120.00036982017144 1.003933813249263E-87 43.44063214463911 0.9518337069494617 573.0038915835759 0.0 0.0 259.0 252.54258379444943 2.2123631444982417 573.0020544250447 0.9572857814412927 576.2860404276653 2.2819361066516946 2.3169919008996533 577.9189760185798 
121.00052257680355 1.6020016423320814E-87 43.370459860560054 0.9494244309116209 571.5535074087951 0.0 0.0 259.0 248.54313451720174 2.206763269494528 571.5516867990824 0.9445083937349393 568.5940530284398 2.287707741889315 2.3169919008996533 577.9189760185798 
122.00013105185232 2.9191832659899723E-87 43.27034164567925 0.9468139120528254 569.9819750558 0.0 0.0 259.0 248.91151940357585 2.2006956869529404 569.9801829208116 0.9354289969316821 563.1282561528766 2.262363178298074 2.3169919008996533 577.9189760185798 
123.00027693607638 2.9191832659899723E-87 43.321334515618695 0.9462827980796864 569.6622444439704 0.0 0.0 259.0 250.9509637932275 2.1994617851999916 569.6606023667975 0.9377907114215268 564.5500082757611 2.249642718012932 2.3169919008996533 577.9189760185798 
124.00150987282716 4.253762450301508E-87 43.321334515618695 0.9440942467883063 568.3447365665608 0.0 0.0 259.0 248.53201656483975 2.194375036286018 568.3431343980784 0.9427939774275839 567.5619744114073 2.283657382481888 2.3169919008996533 577.9189760185798 
125.00062240331023 3.7234412887036966E-87 43.321334515618695 0.9428319820281644 567.5848531809553 0.0 0.0 259.0 246.54283002580277 2.191441706824628 567.5834020675782 0.9141685981224205 550.3294960696909 2.2321861723258967 2.3169919008996533 577.9189760185798 
126.00089091619414 3.7234412887036966E-87 43.13473379136211 0.9422711623245849 567.2472397194008 0.0 0.0 260.0 248.2679852779154 2.1817150311835656 567.2459081077274 0.9386523456375105 565.0687120737755 2.2760434110794754 2.3169919008996533 577.9189760185798 
127.00002297547623 5.551019760683742E-87 43.207645116257495 0.9412328943101999 566.6222023747409 0.0 0.0 260.0 238.45023304735014 2.1793114463746437 566.6209760574075 0.9338018698228636 562.1487256333713 2.3575096507527546 2.3169919008996533 577.9189760185798 
128.0001695810194 6.776754622997996E-87 43.279717901942014 0.9379189211513408 564.6271905331063 0.0 0.0 258.0 247.48714563969398 2.1884727177687404 564.6259611843348 0.9314293255185528 560.7204539621682 2.2656548586103025 2.2252527513734446 576.1774896014159 
129.00070918720235 6.540581631474281E-87 43.721243993151454 0.9348607223043532 562.7861548272202 0.0 0.0 258.0 254.10955580382924 2.1813372815506797 562.7850186400756 0.9371879118601065 564.1871229397841 2.22025150197552 0.0 0.0 
130.0000251286377 6.288207764423413E-87 44.32582436022533 0.9365271805785097 563.7893627082625 0.0 0.0 258.0 257.37504249728687 2.1852259271146313 563.7882891955751 0.9461292925287085 569.5698341022845 2.2129955903097662 0.0 0.0 
131.00043116603538 6.371302187565386E-87 44.57672644862408 0.9352225160395413 563.0039546558045 0.0 0.0 258.0 252.84786688342376 2.1821818625755753 563.0029205444987 0.9360200044168145 563.4840426589269 2.22854971886602 0.0 0.0 
132.0000082811217 1.0778804413333415E-86 44.81136966185251 0.9350478536129933 562.8988078750214 0.0 0.0 258.0 255.05341757402545 2.1817744724533026 562.8978138929521 0.9278744961527321 558.5804466839503 2.1900527818719806 0.0 0.0 
133.00005778721848 1.0226719701343043E-86 44.74668885322377 0.9291475443705546 559.3468217110739 0.0 0.0 259.0 252.46896582055052 2.1596366335065897 559.3458880782069 0.9185869946918628 552.9893708044983 2.190326121894725 0.0 0.0 
134.00071580425745 9.5738138882669E-87 44.84299772918139 0.9299992917394321 559.8595736271386 0.0 0.0 259.0 249.5653190324991 2.1616164340895287 559.8586564291879 0.9432049590622297 567.8093853554651 2.2751934746250675 0.0 0.0 
135.00015109703673 9.084457487212536E-87 44.84299772918139 0.9301504857621568 559.9505924288179 0.0 0.0 259.0 247.94077564854567 2.161967971213501 559.9497045442965 0.9326918155684267 561.4804729721945 2.264574963531167 0.0 0.0 
136.00031211375548 9.084457487212536E-87 44.84299772918139 0.9287827494470615 559.1272151671315 0.0 0.0 258.0 249.0449903258127 2.1671565155201407 559.1263810041966 0.9273189188442649 558.2459891442459 2.2415467519098518 0.0 0.0 
137.00075849148095 9.084457487212536E-87 45.14922006614929 0.9262146618701512 557.5812264458306 0.0 0.0 258.0 250.6941158126107 2.161164362773217 557.5804055954903 0.9033198795486526 543.798567488287 2.169171644598019 2.1900527818719806 558.5804466839503 
138.00004453621912 8.50258759807749E-87 45.08881072682748 0.9208636356399523 554.359908655251 0.0 0.0 258.0 250.09888530760225 2.14867888312225 554.3591518455406 0.927064159250987 558.0926238690996 2.2314878500265563 2.190326121894725 552.9893708044983 
139.00009652882594 1.4761717984733212E-86 45.08881072682748 0.9183860672272836 552.8684124708258 0.0 0.0 258.0 247.5397935001941 2.1428979068857816 552.8676599765317 0.9191580942146158 553.3331727171933 2.2353301862827943 2.190326121894725 552.9893708044983 
140.00021617477805 1.3824351679574558E-86 45.211217356493236 0.9173864989716013 552.2666723809049 0.0 0.0 258.0 251.93813624112965 2.1405657148697945 552.2659544364072 0.9020276417894577 543.020640357254 2.1553729358286975 2.2751934746250675 567.8093853554651 
141.00011085266456 1.3824351679574558E-86 45.18133759643692 0.9150902979408542 550.8843593603937 0.0 0.0 257.0 248.0739277076272 2.143516124591724 550.8836440200735 0.9002908916396319 541.9751167670627 2.184732276282653 2.264574963531167 561.4804729721945 
142.0005446437685 1.7042675813313732E-86 45.24187090192623 0.9100451041235613 547.8471526823834 0.0 0.0 258.0 252.73191494379407 2.1234359350007184 547.8464712301853 0.8982395384858426 540.7402021684759 2.1395802041413448 2.2415467519098518 558.2459891442459 
143.000611720519 2.559005690080544E-86 45.18133759643692 0.9091470004685134 547.3064942820447 0.0 0.0 258.0 249.5971691063749 2.1213404990790194 547.3058487623871 0.9056816036233686 545.2203253812754 2.184401078479019 2.2415467519098518 558.2459891442459 
144.0008023687562 2.917119213347525E-86 45.18133759643692 0.906325923101633 545.6082057071831 0.0 0.0 258.0 251.6928651003112 2.1147580527348313 545.6075776055864 0.8896123933588057 535.5466608020082 2.1277784755184386 2.2415467519098518 558.2459891442459 
145.00020546961963 2.7293644525294418E-86 45.42092970027276 0.9024054434882505 543.2480769799265 0.0 0.0 259.0 254.7512341994862 2.0974806197330116 543.24748051085 0.8911855965399659 536.4937291170597 2.1059514424057766 2.2415467519098518 558.2459891442459 
146.00058700152303 2.8030643380469385E-86 45.42092970027276 0.9018576916133337 542.9183303512269 0.0 0.0 259.0 248.79805927144577 2.0962075068320183 542.9177442694926 0.8900327291845065 535.7997029690712 2.1535525821143904 2.2415467519098518 558.2459891442459 
147.0000569855265 2.8030643380469385E-86 45.710778182693126 0.9004779232784281 542.087709813614 0.0 0.0 259.0 250.2279096151976 2.0930005933855504 542.0871536868575 0.8991708671938482 541.3008620506968 2.1632313632924216 2.2415467519098518 558.2459891442459 
148.0001453329067 2.6574842162851853E-86 45.93480026160909 0.897038180152705 540.0169844519287 0.0 0.0 260.0 246.53192941612 2.0769862832261428 540.0164336387975 0.8897048982102391 535.6023487225556 2.172547588424196 2.2415467519098518 558.2459891442459 
149.00053417940157 2.6574842162851853E-86 45.93480026160909 0.896411149124917 539.6395117731997 0.0 0.0 258.0 249.52737648862959 2.091623978567217 539.6389864703417 0.8968379871682555 539.8964682752948 2.1636762902442355 2.2415467519098518 558.2459891442459 
150.00010520461092 2.69319949956094E-86 46.21637241282176 0.8937568714955373 538.0416366403141 0.0 0.0 258.0 248.15735941071492 2.0854306958809232 538.0411195372785 0.8953047579052759 538.9734642589696 2.1719019961319663 2.2415467519098518 558.2459891442459 
151.00042674339548 2.69319949956094E-86 46.160689579462684 0.892145503301483 537.0715929874923 0.0 0.0 258.0 249.52958159826989 2.081670868741342 537.0710841352659 0.8994663338891324 541.4787330012537 2.169998160270261 2.2415467519098518 558.2459891442459 
152.00028714665225 3.3170818891966406E-86 46.160689579462684 0.8910795137700992 536.4298672895987 0.0 0.0 258.0 237.0889757377524 2.0791836510541497 536.4293819719705 0.8736453065593838 525.9344745487443 2.218299998606802 2.1535525821143904 535.7997029690712 
153.00029437459597 2.7954130905230013E-86 46.210980817317505 0.891351494663925 536.5935997876825 0.0 0.0 258.0 245.69948423249917 2.0798183536600825 536.5931352443013 0.9018055388846228 542.8869344085422 2.209556670842752 2.1059514424057766 536.4937291170597 
154.00000751853196 2.7954130905230013E-86 46.25927083328229 0.8916935045075643 536.7994897135545 0.0 0.0 258.0 243.999223109557 2.0806164606556234 536.799046849151 0.8768303298363951 527.8518585615045 2.1633341771932453 2.1059514424057766 536.4937291170597 
155.00012447720266 3.2729476565215106E-86 46.37119926353536 0.892395847026734 537.222299910094 0.0 0.0 258.0 244.68132124785654 2.0822553151575076 537.2218713106371 0.8739000941199279 526.0878566601925 2.1500940651177767 2.1059514424057766 536.4937291170597 
156.000124756099 3.2729476565215106E-86 46.45164570897135 0.8915235824281854 536.697196621767 0.0 0.0 258.0 247.4919216220967 2.0802200285620973 536.696767369021 0.8682024554231829 522.6578781647526 2.1118179322346347 2.1059514424057766 536.4937291170597 
157.0000752557931 2.7954130905230013E-86 46.52396005437441 0.8923245644332607 537.1793877888218 0.0 0.0 258.0 246.99113658340923 2.0820889767133037 537.1789559920321 0.8695396986434321 523.4628985833386 2.119359041884341 2.1059514424057766 536.4937291170597 
158.00030858908997 3.1018605660006544E-86 47.015035268127434 0.893219478083972 537.7181258065502 0.0 0.0 258.0 251.7726346208981 2.084177174497285 537.7177110202997 0.8695546387292343 523.4718925150044 2.079145310224887 2.1059514424057766 536.4937291170597 
159.00040237613544 2.7581277941387625E-86 47.076456094055445 0.8924087689154353 537.2300788870913 0.0 0.0 258.0 250.07920976658542 2.0822855148303505 537.2296628262304 0.8635843692758125 519.8777903040427 2.0788524995311572 2.1059514424057766 536.4937291170597 
160.0001341994255 2.4100879130049952E-86 47.076456094055445 0.887983846926075 534.5662758494973 0.0 0.0 258.0 253.0761345809246 2.07196072892469 534.5658680625701 0.8795782631277318 529.5061144028901 2.092279919162323 2.1059514424057766 536.4937291170597 
161.00006480589428 2.4100879130049952E-86 47.33740485079455 0.885366481199972 532.9906216823824 0.0 0.0 258.0 249.43976634550376 2.0658536583081197 532.9902438434945 0.8743771612866392 526.375051094558 2.110229089797438 2.1500940651177767 526.0878566601925 
162.00044932563662 3.809812182283611E-86 47.33740485079455 0.8860716761588491 533.4151490476272 0.0 0.0 258.0 251.34337716284557 2.0674991401211886 533.4147781512665 0.8742336355113798 526.2886485778455 2.0939029884875886 2.1118179322346347 522.6578781647526 
163.00025058230716 8.34208533481579E-86 47.730349330295454 0.8875158486781421 534.2845409042408 0.0 0.0 259.0 251.10356167956323 2.0628733348005053 534.2841937133308 0.8707947675449851 524.2184500620784 2.0876583611786477 2.1118179322346347 522.6578781647526 
164.00079319135048 9.765410081000279E-86 47.68290774253007 0.8852273030138818 532.9068364143565 0.0 0.0 258.0 247.42738270268669 2.0655291378947425 532.9065175768434 0.8640943876200693 520.1848213472822 2.1023736971438844 2.1118179322346347 522.6578781647526 
165.0003162173509 9.002598204912176E-86 48.070173648993325 0.8847291359547528 532.6069398447618 0.0 0.0 259.0 254.65320717953844 2.0563962339738517 532.6066245992275 0.892061546338294 537.0210508956544 2.1088328587868044 2.1118179322346347 522.6578781647526 
166.00029516174737 8.183490578726256E-86 48.27785685976997 0.8837091738573291 531.9929226621117 0.0 0.0 259.0 247.40178852210516 2.054025627131738 531.99263742712 0.8680638680353927 522.5744485573063 2.1122500838776865 2.1118179322346347 522.6578781647526 
167.00035848957592 7.182533055883529E-86 48.27785685976997 0.8838783065822966 532.0947405625417 0.0 0.0 258.0 253.20086325830286 2.0623815969547934 532.0944520143366 0.8845924789406252 532.5246723222497 2.10317084021548 2.1118179322346347 522.6578781647526 
168.00003550781415 7.182533055883529E-86 48.29958678421638 0.8806233319499146 530.1352458338488 0.0 0.0 260.0 252.03987564933087 2.0389806457596293 530.1349678975035 0.890216656970721 535.9104274963736 2.1262922230686967 2.1118179322346347 522.6578781647526 
169.00036495597917 6.525471591802401E-86 48.31139479302605 0.881511697364679 530.6700418135363 0.0 0.0 260.0 246.60837958803967 2.0410375780761756 530.6697702998056 0.8614753711734019 518.6081734463907 2.1029624958921826 2.1118179322346347 522.6578781647526 
170.00053818272127 6.525471591802401E-86 48.331528735111085 0.8767418176263019 527.7985742110351 0.0 0.0 260.0 245.50687949015895 2.029993536201632 527.7983194124247 0.874948369767447 526.7189185999976 2.1454344566385597 2.1118179322346347 522.6578781647526 
171.00038752673328 6.525471591802401E-86 48.32508496089151 0.8747126328682543 526.5770049866892 0.0 0.0 259.0 247.87322786565136 2.0331148813395843 526.5767542669525 0.8854343967155228 533.031506822748 2.150419839256114 2.1118179322346347 522.6578781647526 
172.0001233418566 6.525471591802401E-86 48.40784533662964 0.8724519122871703 525.2160511968775 0.0 0.0 259.0 248.12680396637631 2.027860292100463 525.21581565402 0.8781194469887806 528.6279070872414 2.1304748162511125 2.119359041884341 523.4628985833386 
173.0004215973375 9.041242037757759E-86 48.52820754040836 0.8726435104743976 525.3313933055881 0.0 0.0 259.0 249.78212908877026 2.028305685298606 525.3311724923392 0.8654658006175642 521.0104119717789 2.085859440274915 2.10317084021548 532.5246723222497 
174.00043006740128 9.041242037757759E-86 48.52820754040836 0.8700418782381921 523.7652106993921 0.0 0.0 260.0 252.27292705320593 2.0144807798038333 523.7650027489968 0.8573846607752317 516.1455657866841 2.0459808026797335 2.1262922230686967 535.9104274963736 
175.00007976006893 9.650212075144094E-86 48.68158286016663 0.8691240181260528 523.2126589118839 0.0 0.0 260.0 249.6596893643137 2.012355608204221 523.2124581330974 0.8553232336766741 514.9045866733525 2.0624258084451212 2.1029624958921826 518.6081734463907 
176.00010063189603 1.3366210151354334E-85 48.68158286016663 0.8670586291472366 521.9692947466369 0.0 0.0 259.0 250.55651570046362 2.01532472144641 521.9691028546206 0.8451951304916576 508.8074685559702 2.0307093875947793 2.1454344566385597 526.7189185999976 
177.0002483098015 1.8507982287131234E-85 48.96366835676521 0.866483749243012 521.6232170442936 0.0 0.0 258.0 250.12546306281234 2.0217946967557134 521.6230317629744 0.8576768784111298 516.3214808034946 2.0642499747170255 2.1454344566385597 526.7189185999976 
178.0000906739625 1.5808305200105512E-85 48.96366835676521 0.8682978876459769 522.7153283628788 0.0 0.0 259.0 251.36887112519196 2.018205191588411 522.7151446213986 0.8570157115682754 515.9234583641042 2.052455644387062 2.1454344566385597 526.7189185999976 
179.00003562581003 1.6249246826248268E-85 48.96366835676521 0.8683283003801855 522.733636828871 0.0 0.0 258.0 252.85681773630265 2.0260986950494577 522.73346332276 0.8712209228819799 524.4749955749578 2.074197564733723 2.085859440274915 521.0104119717789 
180.000148798209 1.6249246826248268E-85 49.1664703546616 0.8671998764900326 522.0543256470004 0.0 0.0 258.0 252.05227854045546 2.023465734729416 522.0541595601894 0.8519083732281774 512.8488406833646 2.034692341021826 2.085859440274915 521.0104119717789 
181.0002501925676 1.6249246826248268E-85 49.1664703546616 0.8664657234436909 521.6123655131024 0.0 0.0 257.0 249.85429330821808 2.0296194750998713 521.6122051006671 0.8473488282311998 510.1039945951797 2.0416058809360536 2.085859440274915 521.0104119717789 
182.00039271601733 2.2496328409410682E-85 49.09877652866938 0.8671280424060818 522.0110815284611 0.0 0.0 258.0 249.62118747399836 2.0232981894277327 522.0109328723554 0.8523655594815798 513.1240668079035 2.055611032061743 2.085859440274915 521.0104119717789 
183.00006281489948 3.1136472830296144E-85 49.09223046153682 0.8646945394610015 520.5461127555222 0.0 0.0 257.0 253.9815974597475 2.025470697210668 520.5459691831417 0.8563420540954009 515.5179165654342 2.0297451536705786 2.085859440274915 521.0104119717789 
184.00089709979517 2.987722721280715E-85 49.19269946599453 0.8641999466419248 520.2483678784383 0.0 0.0 258.0 254.05559535908998 2.016465984582163 520.2482240221988 0.8474863843217441 510.1868033616844 2.0081699150950434 2.085859440274915 521.0104119717789 
185.000796492536 5.718655285079595E-85 49.09795822251573 0.8655504029725607 521.0613425894812 0.0 0.0 258.0 255.26416628304545 2.0196170634382873 521.0612023670783 0.8596540263922959 517.5117238881563 2.027357507415757 2.085859440274915 521.0104119717789 
186.00019535682745 5.486828239445022E-85 49.183954874513326 0.862764291647588 519.3841035718466 0.0 0.0 257.0 250.22450657296176 2.0209492909451408 519.383967772901 0.8537424602224913 513.9529610539348 2.0539673275530017 2.085859440274915 521.0104119717789 
187.0007516957617 5.1421852355993254E-85 49.13397659698304 0.8591790472558292 517.2257864480094 0.0 0.0 257.0 248.682463807738 2.01255119471744 517.2256570423823 0.8498873422302413 511.63218002261016 2.0573713650278314 2.0416058809360536 510.1039945951797 
188.00034567986967 7.731480373321094E-85 49.13397659698304 0.8598374735116112 517.6221590539892 0.0 0.0 257.0 250.36687453252037 2.0140935248328264 517.6220358820364 0.8597557732351033 517.5729754875344 2.067258204400784 2.055611032061743 513.1240668079035 
189.00016039333786 6.538451439114517E-85 49.189693337272715 0.8619038048058099 518.8660904930977 0.0 0.0 257.0 251.4722231418029 2.018933717876293 518.8659654942072 0.8326337276143333 501.24550402382954 1.9932440162235403 2.0297451536705786 515.5179165654342 
190.00064449997888 6.538451439114517E-85 49.36791815712429 0.8619564166183606 518.8977628042529 0.0 0.0 257.0 252.81649839559333 2.019056968494136 518.8976409029929 0.8579943599666496 516.512604699924 2.043033615202255 2.0081699150950434 510.1868033616844 
191.00112156755992 6.180988018540529E-85 49.31967089524641 0.8592465721472708 517.2664364326569 0.0 0.0 257.0 254.14990955948397 2.012709411709273 517.2663188092829 0.8568366560987927 515.8156669714817 2.029572498630989 2.027357507415757 517.5117238881563 
192.00005463868652 5.76007418774261E-85 49.19406594883664 0.8600962693742987 517.7779541633284 0.0 0.0 258.0 249.39624501006472 2.006890858522467 517.7778414987966 0.834562102913098 502.4063859536931 2.0144905787712153 2.0539673275530017 513.9529610539348 
193.00037036608165 5.842028790719788E-85 49.0660549194098 0.8621500977605924 519.0143588518769 0.0 0.0 258.0 250.88709337764345 2.011683163782086 519.0142562557784 0.8561459136221015 515.3998400005098 2.0543099011662314 2.0573713650278314 511.63218002261016 
194.00047573578883 6.233023109772537E-85 49.10532346857314 0.8620618186739717 518.9612148417301 0.0 0.0 258.0 248.7746896794996 2.0114772050410252 518.9611189005846 0.8406910133279245 506.0959900234163 2.034354823938994 2.067258204400784 517.5729754875344 
195.00014475604172 5.366332953778878E-85 49.10532346857314 0.8593768126702883 517.3448412275144 0.0 0.0 258.0 248.40808318774236 2.005212197775836 517.3447470261658 0.8622888926769675 519.0979133915271 2.089698156074906 1.9932440162235403 501.24550402382954 
196.00024357714776 4.6538756914337864E-85 49.221403578511996 0.8614369499362012 518.5850438615938 0.0 0.0 258.0 244.20362070636546 2.0100191965794174 518.5849527174892 0.8846624855251168 532.5668162861184 2.180830958794365 1.9932440162235403 501.24550402382954 
197.0003124811783 4.090022022002637E-85 49.324055060792176 0.8599071421288259 517.6640995615543 0.0 0.0 259.0 249.6349702463613 1.9987027508378383 517.664012467 0.8687353609070371 522.9786872660419 2.0949736599400377 2.043033615202255 516.512604699924 
198.00002436330635 3.8607500016453037E-85 49.396450084897936 0.8610472433369621 518.3504404888523 0.0 0.0 259.0 253.4713098441895 2.001352713302586 518.3503527453701 0.8649688974778356 520.7112762816621 2.0543203749637255 2.029572498630989 515.8156669714817 
199.00001212127265 5.337017738822165E-85 49.396450084897936 0.8619146056346134 518.8725925920364 0.0 0.0 259.0 249.85101490823237 2.0033687496458255 518.8725061582688 0.8502307379705563 511.83890425827275 2.04857644643255 2.0144905787712153 502.4063859536931 
200.00032443700115 5.075205522247218E-85 49.396450084897936 0.8615145288989442 518.6317463971649 0.0 0.0 259.0 250.81049221797647 2.0024388596876532 518.6316646591025 0.8798265431268536 529.6555789623652 2.111776003780766 2.0144905787712153 502.4063859536931 
201.00090025459548 4.930686028790272E-85 49.396450084897936 0.8636546705163008 519.9201116508124 0.0 0.0 259.0 248.65269814406992 2.00741324548547 519.9200305807367 0.8473852142460321 510.1258989761061 2.0515598776271395 2.0144905787712153 502.4063859536931 
202.0002285529995 5.776706367596214E-85 49.50221667430515 0.8637858399705952 519.9990756622984 0.0 0.0 259.0 252.16115215881965 2.0077181315572545 519.9989960733292 0.8669676912867134 521.9145501546061 2.0697658845795828 2.089698156074906 519.0979133915271 
203.00075578898299 5.075205522247218E-85 49.53935726280538 0.8634453150503473 519.7940796603084 0.0 0.0 258.0 252.04018024486697 2.0147054391205583 519.7940032931039 0.8648763393184492 520.6555562697001 2.065764100644043 2.180830958794365 532.5668162861184 
204.00005664054748 7.21383243522682E-85 49.391236290424025 0.86158497716573 518.6741562537701 0.0 0.0 258.0 255.87715377602677 2.010364654289058 518.6740808065771 0.8691287119413008 523.2154845886633 2.0447917169136636 2.0949736599400377 522.9786872660419 
205.00012961553585 6.806425014072959E-85 49.41319282986837 0.8602170125019288 517.8506415261606 0.0 0.0 258.0 254.37421313937188 2.0071727506229613 517.8505696607235 0.8701210256351528 523.8128574323666 2.059221534163013 2.0543203749637255 520.7112762816621 
206.00031340527352 8.814911700124423E-85 49.238634085067595 0.8603523889314649 517.9321381367414 0.0 0.0 258.0 253.63804162101584 2.007488629003306 517.9320662828528 0.8730369044198689 525.5682164607679 2.07211904453224 2.111776003780766 529.6555789623652 
207.00003241787573 8.195032124588212E-85 49.328439616109485 0.8585810195851484 516.8657737902594 0.0 0.0 259.0 254.52445677321052 1.9956204848472814 516.8657055754456 0.8750788172332343 526.7974479744107 2.0697321375438755 2.111776003780766 529.6555789623652 
208.0008374846381 7.505690495311312E-85 49.31994489413786 0.8572699237848107 516.0764941184558 0.0 0.0 258.0 252.42109337437537 2.0002962423660726 516.0764305304468 0.8662160972441298 521.4620905409588 2.0658419768729805 2.0515598776271395 510.1258989761061 
209.00000068944158 1.0367062237717333E-84 49.36270737410135 0.8525935936524417 513.2613433787706 0.0 0.0 259.0 254.0420619354981 1.981703802628628 513.2612848808152 0.8712661120517449 524.5021994551466 2.0646273906732775 2.0697658845795828 521.9145501546061 
210.00033579426704 9.718793308934515E-85 49.336387616071356 0.8498734076469042 511.62379140343535 0.0 0.0 258.0 252.35410809906475 1.9830377272128055 511.6237336209037 0.8519541148688677 512.8763771510602 2.0323678541017616 2.065764100644043 520.6555562697001 
211.00037161582958 1.0008100337598645E-84 49.36270737410135 0.8502130623563944 511.8282635385506 0.0 0.0 258.0 257.5025355873342 1.9838302544478035 511.82820564753314 0.8804267613397432 530.01691032652 2.058297830417908 2.0447917169136636 523.2154845886633 
212.00014825717338 1.0008100337598645E-84 49.36270737410135 0.8492069329540831 511.2225736383569 0.0 0.0 259.0 256.7599227167846 1.9738321112401238 511.22251681119184 0.8730915031204423 525.6010848785094 2.04705266817776 2.059221534163013 523.8128574323666 
213.00103734689202 1.907954885932814E-84 49.36270737410135 0.8506830108871758 512.1111725540786 0.0 0.0 259.0 256.6558447927447 1.9772630029562142 512.1111177656597 0.8581127390037094 516.5838688802262 2.0127492880490574 2.07211904453224 525.5682164607679 
214.00054792896972 1.907954885932814E-84 49.37669545607978 0.8489499792172036 511.0678874887565 0.0 0.0 259.0 251.14700698433728 1.973234885731625 511.0678354044909 0.8432526434387649 507.6380913501339 2.021278682336806 2.0697321375438755 526.7974479744107 
215.0003333639179 1.7888262989603846E-84 49.37669545607978 0.8496708654314272 511.5018609897182 0.0 0.0 260.0 245.86248189161236 1.9673146609943686 511.5018118585358 0.8472882451161141 510.0675235598967 2.074604956541349 2.0658419768729805 521.4620905409588 
216.00016314602414 1.6868258958272855E-84 49.37669545607978 0.8503688656734316 511.9220571354058 0.0 0.0 260.0 251.47951953643164 1.9689308124009044 511.92201122423506 0.842752322830934 507.3368983442168 2.017408412738435 2.0646273906732775 524.5021994551466 
217.00063213233966 1.7117958758646695E-84 49.26928099092507 0.8468032277318251 509.77554309455815 0.0 0.0 260.0 250.88067121410887 1.9606749947422242 509.77549863297827 0.8417027298011268 506.70504334027515 2.019705387777117 2.0323678541017616 512.8763771510602 
218.00007032543303 1.7117958758646695E-84 49.350642409257595 0.8438600743726627 508.00376477234147 0.0 0.0 260.0 249.5589361907273 1.9538604684458767 508.0037217959274 0.8344498277200274 502.33879628746223 2.0129064659241296 2.04705266817776 525.6010848785094 
219.00009740396675 1.521469086758837E-84 49.383279454391435 0.8402400869683457 505.82453235494455 0.0 0.0 260.0 252.27296222767978 1.9454788071123224 505.82448984920387 0.8431543800680525 507.57893680096157 2.0120227404428093 2.0127492880490574 516.5838688802262 
220.00048378040603 1.521469086758837E-84 49.383279454391435 0.8407830861596606 506.15141786811563 0.0 0.0 260.0 253.1903785173962 1.9467360561720473 506.15137460473215 0.8393750293485395 505.30376766782354 1.9957463258545787 2.021278682336806 507.6380913501339 
221.00078585019963 1.4129060261082068E-84 49.39013871953085 0.839254812115224 505.23139689336574 0.0 0.0 259.0 255.88489942293867 1.9507002127513673 505.23135510260414 0.8304427657588095 499.9265449867983 1.9537164800041447 2.074604956541349 510.0675235598967 
222.0002990406821 1.4554178466357378E-84 49.39013871953085 0.838882494143846 505.0072614745945 0.0 0.0 258.0 253.5439335333965 1.9573923309075967 505.00722137416005 0.8193080818152018 493.22346525275435 1.9453175565243312 2.017408412738435 507.3368983442168 
223.00009744828316 1.4554178466357378E-84 49.282695009791425 0.8390229800661756 505.0918339998378 0.0 0.0 258.0 255.54124171556197 1.95772013029986 505.0917936173638 0.8265887406525628 497.60642187284867 1.9472646314629902 2.019705387777117 506.70504334027515 
224.0002141086978 1.86516327230017E-84 49.27585066634835 0.8372304260419675 504.01271647726514 0.0 0.0 258.0 255.0681083347461 1.9535375113654758 504.01267793229323 0.8203468522564615 493.8488050583938 1.936144852771154 2.0129064659241296 502.33879628746223 
225.00005513486332 1.8104818752279483E-84 49.26517538856694 0.8343537371631209 502.2809497721999 0.0 0.0 258.0 253.9232642743737 1.9468252469619485 502.2809137161829 0.8217967133081295 494.7216214114912 1.94831152169234 2.0120227404428093 507.57893680096157 
226.00001734766508 1.8104818752279483E-84 49.1492651010195 0.837581151989423 504.223853497632 0.0 0.0 258.0 255.56881333049762 1.954355881599813 504.22381745275186 0.8347035933141779 502.4915631751414 1.9661693327398562 2.0120227404428093 507.57893680096157 
227.0002618037857 1.86516327230017E-84 49.15336104377091 0.8376692014394124 504.27685926652583 0.0 0.0 258.0 255.71159162433636 1.9545613405747022 504.2768258682733 0.8462849816761865 509.46355896905726 1.9923365840900387 2.0120227404428093 507.57893680096157 
228.00090372426354 3.32908867297074E-84 48.861766898438916 0.8374668389479938 504.1550370466914 0.0 0.0 258.0 253.51306591510107 1.9540891681284385 504.15500537713706 0.8365295504710523 503.590789383579 1.9864490517117033 2.0120227404428093 507.57893680096157 
229.0000475306657 3.32908867297074E-84 48.68158286001385 0.8391117346614735 505.1452642662059 0.0 0.0 258.0 255.11525959245327 1.9579272642254943 505.14523417017733 0.835960356081593 503.248134361122 1.9726304697142034 2.0120227404428093 507.57893680096157 
230.0004415642479 4.037457900579209E-84 48.68158286001385 0.8360572392104546 503.3064580046924 0.0 0.0 258.0 251.61295915658388 1.9508001135825257 503.3064293042912 0.8206828682119545 494.0510866635994 1.9635359336008655 2.0120227404428093 507.57893680096157 
231.00029121645963 4.896065522723872E-84 48.44847117792391 0.8352506225001809 502.82087474510905 0.0 0.0 258.0 251.6337497198866 1.948918012500557 502.8208472251436 0.8211163896848974 494.3120665903099 1.9644108436986998 1.94831152169234 494.7216214114912 
232.00027935325417 4.612990626130438E-84 48.44847117792391 0.8369435635975521 503.84002528572614 0.0 0.0 258.0 252.44026256741762 1.9528682104898838 503.8399983063898 0.8285037200134476 498.75923944809114 1.9757515476157084 1.94831152169234 494.7216214114912 
233.0003931540456 4.325878587862452E-84 48.44847117792391 0.8391882327229503 505.19131609921635 0.0 0.0 257.0 253.62432799986377 1.9657248602786117 505.19128909160304 0.822632506354632 495.2247688254899 1.9525917435876101 1.9923365840900387 509.46355896905726 
234.00013647778738 4.390841160178281E-84 48.434746055573825 0.8430018856745599 507.48713517608485 0.0 0.0 257.0 251.39904822701564 1.9746580172219723 507.4871104260468 0.8174678293409866 492.1156332632688 1.9575079409961962 1.9923365840900387 509.46355896905726 
235.00017318095104 6.0539760916285455E-84 48.341196007588266 0.8412815309864639 506.4514816538511 0.0 0.0 256.0 255.66603453411022 1.978326006475609 506.4514576577558 0.8426910266221534 507.2999980265389 1.9842291485882002 1.9923365840900387 509.46355896905726 
236.00037196987296 7.372684803845956E-84 48.08406259388613 0.8399363807864743 505.6417012334567 0.0 0.0 255.0 253.5426647489937 1.9829085471021246 505.6416795110415 0.8345051799782073 502.37211834687605 1.981410579731118 1.9923365840900387 509.46355896905726 
237.0001081374421 6.107757630825082E-84 48.08406259388613 0.8403020873708568 505.8618565972552 0.0 0.0 255.0 251.2746568005753 1.983771901578805 505.8618349025952 0.8319187501093144 500.8150875658059 1.9930982851298011 1.9644108436986998 494.3120665903099 
238.00037611668046 5.838903598886375E-84 47.761649484245645 0.8393803801533608 505.30698885232243 0.0 0.0 255.0 253.29618868303538 1.9815959529030867 505.30696799028703 0.8320387610349572 500.88733414305096 1.9774767901061516 1.9757515476157084 498.75923944809114 
239.000225479482 5.4978948336971435E-84 47.61619837903191 0.8373550600543245 504.0877461527039 0.0 0.0 255.0 253.2022540301466 1.9768146130486124 504.08772632739635 0.8383233277406548 504.6706432998687 1.993152253849138 1.9525917435876101 495.2247688254899 
240.0005397971403 6.250871017998341E-84 47.46644334217397 0.8374654256184833 504.15418622232625 0.0 0.0 255.0 250.91984614483195 1.9770751672719555 504.1541676543482 0.8320414502994832 500.888953080286 1.9962109844080282 1.9575079409961962 492.1156332632688 
241.0010569775714 5.581325943965428E-84 47.398983494461014 0.8376300024191089 504.2532614563028 0.0 0.0 255.0 248.5931799213822 1.9774636991244445 504.25324327673303 0.8149534883154954 490.6019999659283 1.9735135136091893 1.9842291485882002 507.2999980265389 
242.00041453444095 5.581325943965428E-84 46.81018386517577 0.8373965117368332 504.1127000655745 0.0 0.0 255.0 250.9960053914337 1.976912482622178 504.11268306865526 0.8123054512911205 489.0078816772589 1.948269578691663 1.981410579731118 502.37211834687605 
243.00041620427868 5.254659787266053E-84 46.864567256106845 0.8358163824140721 503.1614622132705 0.0 0.0 254.0 252.90563055934044 1.9809505734619635 503.16144565933854 0.8346007225097073 502.42963495084666 1.9866289012215537 1.9930982851298011 500.8150875658059 
244.0001875879919 5.334577597388269E-84 46.91849250939368 0.836704080742877 503.6958566072126 0.0 0.0 254.0 253.69737368699955 1.9830544917716113 503.6958409099892 0.8532181804833765 513.6373446509951 2.024606471822203 1.9774767901061516 500.88733414305096 
245.00068062620957 5.334577597388269E-84 46.91849250939368 0.8378606036990538 504.3920834268307 0.0 0.0 254.0 249.1938904597883 1.9857955439953876 504.39206817482847 0.8247414136644463 496.4943310260025 1.9924017001777994 1.993152253849138 504.6706432998687 
246.0000888335751 5.334577597388269E-84 46.91849250939368 0.8363092722675909 503.458181905089 0.0 0.0 254.0 250.16864658923134 1.9821187676367813 503.45816697974294 0.8341437480858332 502.1545363476674 2.00726407243266 1.9962109844080282 500.888953080286 
247.00019614274802 5.334577597388269E-84 46.64430232642553 0.8363398108496529 503.4765661314916 0.0 0.0 254.0 254.78152320215244 1.9821911472736613 503.47655140751004 0.8439701304212205 508.07001851357245 1.9941399679538465 1.9735135136091893 490.6019999659283 
248.00076954993793 5.334577597388269E-84 46.562746179796136 0.8380375444295852 504.49860174661035 0.0 0.0 255.0 252.35074077677177 1.978425834467143 504.4985877891216 0.8457700227355986 509.1535536868339 2.0176423977182956 1.948269578691663 489.0078816772589 
249.00016238710236 7.895544356131275E-84 46.673593775904024 0.8378243632947361 504.3702667034307 0.0 0.0 255.0 246.3034599745578 1.9779225634043889 504.3702536681189 0.8273354659908952 498.05595052651256 2.022123240079371 1.9866289012215537 502.42963495084666 
250.00011962558455 8.138711931060075E-84 46.598975736199364 0.8386478533598536 504.86600772263125 0.0 0.0 255.0 248.32738905860919 1.979866648086679 504.8659952621027 0.8374181266215561 504.12571222618055 2.0300850185607153 2.024606471822203 513.6373446509951 
251.0009861207602 1.2631982961429202E-83 46.432294888039316 0.8374655170122602 504.1542412413795 0.0 0.0 255.0 250.1570250090206 1.9770754068656222 504.1542287507338 0.8359297060123057 503.22968301940375 2.01165521136677 1.9924017001777994 496.4943310260025 
252.0006423453299 0.0 0.0 0.0 0.0 0.0 0.0 255.0 251.01979989486588 0.0 0.0 0.7441917505488047 448.0034338303774 1.7847334513771973 2.00726407243266 502.1545363476674 
253.0002760130301 0.0 0.0 0.0 0.0 0.0 0.0 255.0 247.17431544374327 0.0 0.0 0.4145641182660742 249.56759919617576 1.0096825746159583 1.9941399679538465 508.07001851357245 
254.00006235130996 0.0 0.0 0.0 0.0 0.0 0.0 255.0 246.60663973161954 0.0 0.0 0.14897737987636578 89.68438268557252 0.3636738361269407 2.0176423977182956 509.1535536868339 
255.00054838743537 0.0 0.0 0.0 0.0 0.0 0.0 255.0 247.79571478424378 0.0 0.0 0.03405694741657151 20.502282344775924 0.08273864769060797 2.022123240079371 498.05595052651256 
256.0001572310202 0.0 0.0 0.0 0.0 0.0 0.0 255.0 247.59824950534178 0.0 0.0 0.005316471064609224 3.2005155808947445 0.012926244782783472 2.0300850185607153 504.12571222618055 
257.0003109474647 0.0 0.0 0.0 0.0 0.0 0.0 255.0 250.31371090408464 0.0 0.0 7.613087353882458E-4 0.45830785870372903 0.001830933899099693 2.01165521136677 503.22968301940375 
258.00102137522725 0.0 0.0 0.0 0.0 0.0 0.0 255.0 248.7363260599638 0.0 0.0 2.746626694899661E-4 0.16534692703295908 6.64747806048636E-4 1.7847334513771973 448.0034338303774 
259.0000416362476 0.0 0.0 0.0 0.0 0.0 0.0 254.0 245.2761174783991 0.0 0.0 2.4194251522903054E-4 0.14564939416787642 5.938180841463435E-4 1.0096825746159583 249.56759919617576 
260.00001981468176 0.0 0.0 0.0 0.0 0.0 0.0 254.0 246.9462284975791 0.0 0.0 2.3564118908736233E-4 0.1418559958305929 5.744408274369882E-4 0.3636738361269407 89.68438268557252 
261.00065053871367 0.0 0.0 0.0 0.0 0.0 0.0 254.0 246.68098420944528 0.0 0.0 2.2834563852564544E-4 0.13746407439243977 5.572544427491235E-4 0.3636738361269407 89.68438268557252 
262.00002285593655 0.0 0.0 0.0 0.0 0.0 0.0 254.0 248.99827909427296 0.0 0.0 2.2309081111123862E-4 0.134300668288964 5.393638412983432E-4 0.012926244782783472 3.2005155808947445 
263.00056197474584 0.0 0.0 0.0 0.0 0.0 0.0 255.0 245.17724790876292 0.0 0.0 4.664289553529701E-6 0.0028079023112248893 1.1452540295540741E-5 0.001830933899099693 0.45830785870372903 
264.00072872923823 0.0 0.0 0.0 0.0 0.0 0.0 255.0 245.01058169839382 0.0 0.0 4.213587951166958E-6 0.0025365799466024715 1.035294038738695E-5 6.64747806048636E-4 0.16534692703295908 
265.0001095677813 0.0 0.0 0.0 0.0 0.0 0.0 255.0 249.01165838683968 0.0 0.0 4.0146219023870897E-7 2.4168023852369898E-4 9.70557925236772E-7 6.64747806048636E-4 0.16534692703295908 
266.00006154588493 0.0 0.0 0.0 0.0 0.0 0.0 255.0 248.30214606897798 0.0 0.0 4.958143468871359E-9 2.98480236826058E-6 1.2020848049502584E-8 5.744408274369882E-4 0.1418559958305929 
267.0004570392681 0.0 0.0 0.0 0.0 0.0 0.0 255.0 243.92771206738817 0.0 0.0 1.6679007420033562E-9 1.0040762466860167E-6 4.116286084004378E-9 5.572544427491235E-4 0.13746407439243977 
268.0001585932917 0.0 0.0 0.0 0.0 0.0 0.0 254.0 248.02584905553005 0.0 0.0 1.8433875226356713E-10 1.1097192886266575E-7 4.4742082039126674E-10 5.393638412983432E-4 0.134300668288964 
269.0000288120126 0.0 0.0 0.0 0.0 0.0 0.0 254.0 247.5550715149178 0.0 0.0 -2.7914978745915957E-12 -1.6804817205041221E-9 -6.788314657503816E-12 1.1452540295540741E-5 0.0028079023112248893 
270.00060963056063 0.0 0.0 0.0 0.0 0.0 0.0 255.0 244.85446898936567 0.0 0.0 2.0907483125524767E-12 1.2586304841565752E-9 5.140320653944197E-12 1.1452540295540741E-5 0.0028079023112248893 
271.00008042201966 0.0 0.0 0.0 0.0 0.0 0.0 255.0 248.71642965911565 0.0 0.0 4.199350826618134E-12 2.5280091976240788E-9 1.0164222770039371E-11 1.1452540295540741E-5 0.0028079023112248893 
272.0005780716869 0.0 0.0 0.0 0.0 0.0 0.0 256.0 249.10006174389457 0.0 0.0 4.678318797488313E-12 2.8163479160879456E-9 1.1306090798899507E-11 1.1452540295540741E-5 0.0028079023112248893 
273.00023040375396 0.0 0.0 0.0 0.0 0.0 0.0 256.0 245.84311078204092 0.0 0.0 3.2866461594547456E-12 1.9785609879917352E-9 8.048063586967395E-12 1.1452540295540741E-5 0.0028079023112248893 
274.0000957497688 0.0 0.0 0.0 0.0 0.0 0.0 255.0 247.83916792549806 0.0 0.0 1.246301851697517E-12 7.502737147218994E-10 3.0272604649295636E-12 1.1452540295540741E-5 0.0028079023112248893 
275.0002041828937 0.0 0.0 0.0 0.0 0.0 0.0 255.0 246.8607282223868 0.0 0.0 2.609487790720013E-13 1.5709116500134587E-10 6.363554305803911E-13 1.1452540295540741E-5 0.0028079023112248893 
276.00123679610573 0.0 0.0 0.0 0.0 0.0 0.0 255.0 250.59722393069993 0.0 0.0 4.0250697271306973E-14 2.4230919757327078E-11 9.669269027508416E-14 1.1452540295540741E-5 0.0028079023112248893 
277.00001310730136 0.0 0.0 0.0 0.0 0.0 0.0 254.0 252.05430989040636 0.0 0.0 1.2039452088138482E-14 7.247750157059446E-12 2.8754716236396755E-14 1.1452540295540741E-5 0.0028079023112248893 
278.0005123250449 0.0 0.0 0.0 0.0 0.0 0.0 254.0 250.2459156864198 0.0 0.0 9.690236626037559E-15 5.833522448874545E-12 2.3311159476362695E-14 1.1452540295540741E-5 0.0028079023112248893 
279.00177360740554 0.0 0.0 0.0 0.0 0.0 0.0 254.0 251.3231841628959 0.0 0.0 9.429732762768016E-15 5.67669912318626E-12 2.2587248136673653E-14 3.0272604649295636E-12 7.502737147218994E-10 
280.00037955012687 0.0 0.0 0.0 0.0 0.0 0.0 254.0 250.4053653668846 0.0 0.0 5.053116632431812E-15 3.0419762127239205E-12 1.2148207001343323E-14 6.363554305803911E-13 1.5709116500134587E-10 
281.00021296695024 0.0 0.0 0.0 0.0 0.0 0.0 253.0 246.69557727477573 0.0 0.0 8.536687435834534E-16 5.139085836372426E-13 2.0831690187329072E-15 9.669269027508416E-14 2.4230919757327078E-11 
282.00246114165765 0.0 0.0 0.0 0.0 0.0 0.0 254.0 243.98006843641787 0.0 0.0 1.3997061294415225E-16 8.426230899237902E-14 3.453655437199703E-16 2.3311159476362695E-14 5.833522448874545E-12 
283.00038787695473 0.0 0.0 0.0 0.0 0.0 0.0 254.0 250.56765110066033 0.0 0.0 5.4601737644111696E-17 3.287024606175544E-14 1.3118311927883502E-16 2.8754716236396755E-14 7.247750157059446E-12 
284.00108116371933 0.0 0.0 0.0 0.0 0.0 0.0 254.0 253.4974414617999 0.0 0.0 4.29414751680355E-18 2.58507680511572E-15 1.0197644560863432E-17 2.8754716236396755E-14 7.247750157059446E-12 
285.00055302145523 0.0 0.0 0.0 0.0 0.0 0.0 254.0 251.91543094809484 0.0 0.0 1.0591519406907006E-19 6.376094682958031E-17 2.531045700122981E-19 2.8754716236396755E-14 7.247750157059446E-12 
286.0001129000646 0.0 0.0 0.0 0.0 0.0 0.0 254.0 252.87902592870645 0.0 0.0 1.1750887880843265E-20 7.074034504267604E-18 2.7973986685087786E-20 2.8754716236396755E-14 7.247750157059446E-12 
287.0003598231514 0.0 0.0 0.0 0.0 0.0 0.0 254.0 251.7015408973968 0.0 0.0 3.4420869587019866E-22 2.0721363491386189E-19 8.232513562494641E-22 2.8754716236396755E-14 7.247750157059446E-12 
288.00030771433893 0.0 0.0 0.0 0.0 0.0 0.0 255.0 253.84011378714024 0.0 0.0 7.080020338449164E-24 4.262172243746352E-21 1.6790775028254328E-23 2.8754716236396755E-14 7.247750157059446E-12 
289.0004226026931 0.0 0.0 0.0 0.0 0.0 0.0 255.0 252.27623444162305 0.0 0.0 5.389286457448258E-26 3.2443504473838597E-23 1.2860309472133831E-25 2.8754716236396755E-14 7.247750157059446E-12 
290.00002707562726 0.0 0.0 0.0 0.0 0.0 0.0 255.0 248.07133183881388 0.0 0.0 -3.6951418020905794E-33 -2.2244753648585102E-30 -8.967079542685242E-33 2.8754716236396755E-14 7.247750157059446E-12 
291.0001592410035 0.0 0.0 0.0 0.0 0.0 0.0 255.0 248.17673615576882 0.0 0.0 -4.229471173088365E-34 -2.5461416461992214E-31 -1.025938887600298E-33 2.8754716236396755E-14 7.247750157059446E-12 
292.0014445238615 0.0 0.0 0.0 0.0 0.0 0.0 254.0 244.25619009376666 0.0 0.0 -5.433895280363743E-36 -3.271204958778936E-33 -1.3392516101733859E-35 8.232513562494641E-22 2.0721363491386189E-19 
293.0003095035598 0.0 0.0 0.0 0.0 0.0 0.0 254.0 248.2937966467503 0.0 0.0 -7.56359095559697E-39 -4.5532817552693536E-36 -1.833828237661268E-38 1.6790775028254328E-23 4.262172243746352E-21 
294.00051270375434 0.0 0.0 0.0 0.0 0.0 0.0 254.0 249.07571387524973 0.0 0.0 1.170491062564642E-39 7.046356196639184E-37 2.8290017067534617E-39 1.2860309472133831E-25 3.2443504473838597E-23 
295.0004226906419 0.0 0.0 0.0 0.0 0.0 0.0 254.0 251.4693652247508 0.0 0.0 1.1966834367990331E-39 7.204034289530135E-37 2.864776106263094E-39 -8.967079542685242E-33 -2.2244753648585102E-30 
296.0000736656418 0.0 0.0 0.0 0.0 0.0 0.0 254.0 252.03649183461846 0.0 0.0 1.2196288494255161E-39 7.342165673541684E-37 2.9131359590417856E-39 -1.025938887600298E-33 -2.5461416461992214E-31 
297.0005761099429 0.0 0.0 0.0 0.0 0.0 0.0 254.0 252.67847884893823 0.0 0.0 8.678711485934374E-40 5.224584314532454E-37 2.067680768988612E-39 -1.3392516101733859E-35 -3.271204958778936E-33 
298.00000759024556 0.0 0.0 0.0 0.0 0.0 0.0 255.0 250.54489272850202 0.0 0.0 1.3381202269011928E-40 8.055483765945103E-38 3.2151857809667134E-40 -1.833828237661268E-38 -4.5532817552693536E-36 
299.0007926414892 0.0 0.0 0.0 0.0 0.0 0.0 255.0 250.18381689746624 0.0 0.0 1.4313185511090573E-41 8.616537677676444E-39 3.444082748648683E-41 2.8290017067534617E-39 7.046356196639184E-37 
300.00043776049273 0.0 0.0 0.0 0.0 0.0 0.0 255.0 250.4710207177001 0.0 0.0 9.642953115004257E-43 5.805057775232551E-40 2.317656453269016E-42 2.864776106263094E-39 7.204034289530135E-37 
#####################################################################
# End of data export. Simulation finished at: 2021-12-09T08:55+0000 #
#####################################################################
