#####################################################################
# Alchemist log file - simulation started at: 2021-12-09T08:43+0000 #
#####################################################################
# random = 16.0
#
# The columns have the following meaning: 
# time localWarningInSystem[Min] localWarningInSystem[Max] localWarningInSystem[Mean] localWarningInSystem[Sum] meanWarningAtDetector[Sum] dataAtCollector[Sum] inSurveillanceArea[Sum] numDevicesAtDetector[Sum] localWarningInSurveillanceArea[Mean] localWarningInSurveillanceArea[Sum] sumWarningAtDetector[Mean] sumWarningAtDetector[Sum] meanWarningOverallAtDetector[Sum] meanWarningAtCollector[Sum] sumWarningAtCollector[Sum] 
0.0 0.0 0.0 0.0 0.0 0.0 0.0 0.0 0.0 0.0 0.0 0.0 0.0 0.0 0.0 0.0 
1.0036381828704857 0.0 0.0 0.0 0.0 0.0 0.0 40.0 1.0 0.0 0.0 0.0 0.0 0.0 0.0 0.0 
2.0 0.0 0.0 0.0 0.0 0.0 0.0 225.0 15.892211234826986 0.0 0.0 0.0 0.0 0.0 0.0 0.0 
3.0005584566639008 0.0 0.0 0.0 0.0 0.0 0.0 262.0 60.07593222594012 0.0 0.0 0.0 0.0 0.0 0.0 0.0 
4.000205101531185 0.0 0.0 0.0 0.0 0.0 0.0 265.0 119.39050598784279 0.0 0.0 0.0 0.0 0.0 0.0 0.0 
5.000312957214866 0.0 0.0 0.0 0.0 0.0 0.0 266.0 179.87606661274123 0.0 0.0 0.0 0.0 0.0 0.0 0.0 
6.000009129518994 0.0 0.0 0.0 0.0 0.0 0.0 266.0 229.06035450746722 0.0 0.0 0.0 0.0 0.0 0.0 0.0 
7.000668836242285 0.0 0.0 0.0 0.0 0.0 0.0 267.0 250.23025278732223 0.0 0.0 0.0 0.0 0.0 0.0 0.0 
8.000592477542693 0.0 0.0 0.0 0.0 0.0 0.0 267.0 259.9396683416364 0.0 0.0 0.0 0.0 0.0 0.0 0.0 
9.000638663820322 0.0 0.0 0.0 0.0 0.0 0.0 267.0 260.8730103122365 0.0 0.0 0.0 0.0 0.0 0.0 0.0 
10.000174919658129 0.0 0.0 0.0 0.0 0.0 0.0 267.0 261.6297527562464 0.0 0.0 0.0 0.0 0.0 0.0 0.0 
11.00000801611146 0.0 0.0 0.0 0.0 0.0 0.0 267.0 261.4105690338082 0.0 0.0 0.0 0.0 0.0 0.0 0.0 
12.000131723425223 0.0 0.0 0.0 0.0 0.0 0.0 267.0 262.56944240679354 0.0 0.0 0.0 0.0 0.0 0.0 0.0 
13.000109232909292 0.0 0.0 0.0 0.0 0.0 0.0 266.0 260.5140445161179 0.0 0.0 0.0 0.0 0.0 0.0 0.0 
14.000140461453437 0.0 0.0 0.0 0.0 0.0 0.0 266.0 259.0368616941089 0.0 0.0 0.0 0.0 0.0 0.0 0.0 
15.000478329000186 0.0 0.0 0.0 0.0 0.0 0.0 265.0 262.3343840835849 0.0 0.0 0.0 0.0 0.0 0.0 0.0 
16.00029461730019 0.0 0.0 0.0 0.0 0.0 0.0 265.0 263.5322737168447 0.0 0.0 0.0 0.0 0.0 0.0 0.0 
17.000136315142583 0.0 0.0 0.0 0.0 0.0 0.0 265.0 260.80440013593835 0.0 0.0 0.0 0.0 0.0 0.0 0.0 
18.000564191941397 0.0 0.0 0.0 0.0 0.0 0.0 265.0 260.07404855017023 0.0 0.0 0.0 0.0 0.0 0.0 0.0 
19.000291506981185 0.0 0.0 0.0 0.0 0.0 0.0 265.0 260.8616026200342 0.0 0.0 0.0 0.0 0.0 0.0 0.0 
20.000549976493673 0.0 0.0 0.0 0.0 0.0 0.0 265.0 263.6369283319295 0.0 0.0 0.0 0.0 0.0 0.0 0.0 
21.000645262520475 0.0 0.0 0.0 0.0 0.0 0.0 265.0 262.2672790764314 0.0 0.0 0.0 0.0 0.0 0.0 0.0 
22.000150464250936 0.0 0.0 0.0 0.0 0.0 0.0 266.0 261.96528380366226 0.0 0.0 0.0 0.0 0.0 0.0 0.0 
23.000325885753384 0.0 0.0 0.0 0.0 0.0 0.0 266.0 263.8215971530012 0.0 0.0 0.0 0.0 0.0 0.0 0.0 
24.000285776536092 0.0 0.0 0.0 0.0 0.0 0.0 266.0 265.4775413655304 0.0 0.0 0.0 0.0 0.0 0.0 0.0 
25.000106153942458 0.0 0.0 0.0 0.0 0.0 0.0 266.0 263.2257843999528 0.0 0.0 0.0 0.0 0.0 0.0 0.0 
26.00002864782299 0.0 0.0 0.0 0.0 0.0 0.0 266.0 263.68712239398184 0.0 0.0 0.0 0.0 0.0 0.0 0.0 
27.000132408126444 0.0 0.0 0.0 0.0 0.0 0.0 266.0 265.6939844303508 0.0 0.0 0.0 0.0 0.0 0.0 0.0 
28.000858881985888 0.0 0.0 0.0 0.0 0.0 0.0 267.0 264.15576508898585 0.0 0.0 0.0 0.0 0.0 0.0 0.0 
29.00112400095766 0.0 0.0 0.0 0.0 0.0 0.0 266.0 265.8748066553552 0.0 0.0 0.0 0.0 0.0 0.0 0.0 
30.00018301008792 0.0 0.0 0.0 0.0 0.0 0.0 267.0 266.03013586394314 0.0 0.0 0.0 0.0 0.0 0.0 0.0 
31.000086230625985 8.679184555379801E-91 46.134795568869386 1.1915678666657 717.323855732752 0.0 0.0 267.0 266.9572360597724 2.6858221512160814 717.1145143746937 0.002228922532301278 1.341811364445382 0.005026315765963905 0.0 0.0 
32.00032386008104 8.11452249408031E-91 46.06922827405192 1.191055888498523 717.015644876111 0.0 0.0 267.0 266.4677842419133 2.6846733301352197 716.8077791461039 0.1130026732633266 68.02760930452222 0.25529393543034534 0.0 0.0 
33.00010886736762 7.802457047598293E-91 46.14299803937391 1.1923133344519625 717.7726273400818 0.0 0.0 267.0 265.10673863570884 2.687545684694269 717.5746978133697 0.5992558363426728 360.7520134782836 1.3607802477401518 0.0 0.0 
34.00053850545448 7.117412495322009E-91 46.28472042991326 1.191784870086432 717.4544917920321 0.0 0.0 266.0 259.8928140890945 2.6964711950614078 717.2613378863342 1.00894083664543 607.3823836605499 2.3370495478660356 0.0 0.0 
35.00023825429986 6.663014591794231E-91 46.133001472772264 1.188910476932332 715.724107113264 0.0 0.0 266.0 267.85417572632736 2.689982892228661 715.5354493328234 1.2067399029715082 726.4574215888572 2.7121377503970483 0.005026315765963905 1.341811364445382 
36.00030774323547 9.326147586541431E-91 45.730590479014126 1.1868407521805504 714.478132812691 0.0 0.0 264.0 266.38397326847524 2.7054158149293674 714.2297751413529 1.2318850286331589 741.5947872371648 2.783931698810379 0.25529393543034534 68.02760930452222 
37.0002533143973 9.450226317608012E-91 45.83640117756494 1.183755995161169 712.6211090870231 0.0 0.0 264.0 266.03856196413335 2.698407716807843 712.3796372372703 1.2184257348852205 733.4922924009087 2.7570901262794987 1.3607802477401518 360.7520134782836 
38.000684935449804 1.41423242834594E-90 46.011166477314845 1.1839308711125023 712.7263844097255 0.0 0.0 264.0 265.99363295357614 2.6988271916682853 712.4903786004271 1.223003805201254 736.2482907311596 2.7679169706278532 2.3370495478660356 607.3823836605499 
39.00058460529776 1.2213528682145866E-90 45.90495234311084 1.1830405161945177 712.1903907491002 0.0 0.0 265.0 265.80469288163795 2.6866540432037107 711.9633214489833 1.2252987599577454 737.6298534945573 2.7750821307847326 2.7121377503970483 726.4574215888572 
40.00022994883616 1.2213528682145866E-90 46.011166477314845 1.1833579096382891 712.38146160225 0.0 0.0 266.0 260.1645023222528 2.6773013899646663 712.1621697306011 1.2091016229865992 727.8791770379376 2.7977651468237195 2.783931698810379 741.5947872371648 
41.00049130073634 1.597655002016527E-90 45.927400250924194 1.1818539247064823 711.4760626733027 0.0 0.0 265.0 262.5479515523251 2.6840078900194837 711.262090855163 1.197569479561642 720.9368266961161 2.7459244013657265 2.7570901262794987 733.4922924009087 
42.00033988264888 1.5351891483090102E-90 45.534371113560354 1.1803397470834291 710.5645277442253 0.0 0.0 264.0 261.44757615172057 2.690739360947876 710.3551912902395 1.1862843055007024 714.1431519114269 2.73149654865036 2.7679169706278532 736.2482907311596 
43.000040740306154 2.4552704802720165E-90 45.1474642970409 1.179734565820859 710.2002086241575 0.0 0.0 264.0 261.54162835856977 2.6893889138654656 709.998673260483 1.1994996503371143 722.0987895029358 2.760932529306382 2.7750821307847326 737.6298534945573 
44.00037590290821 2.266349220183326E-90 45.1369311178069 1.172296996663718 705.7227919915582 0.0 0.0 264.0 261.56967880367296 2.672450681754785 705.5269799832635 1.1753556853751497 707.5641225958444 2.705069356020132 2.7977651468237195 727.8791770379376 
45.00022777368091 2.09112792436394E-90 45.46536299535149 1.1749434902360691 707.315981122114 0.0 0.0 264.0 261.9586298811332 2.6784910995402345 707.1216502786217 1.1643104064824141 700.9148647024097 2.675670066759999 2.7459244013657265 720.9368266961161 
46.000355350712866 2.8832080982561604E-90 45.46536299535149 1.1748286777763575 707.2468640213674 0.0 0.0 264.0 260.6514767206875 2.6782635347976043 707.0615731865673 1.1551950680810439 695.427430984794 2.6680356456603147 2.73149654865036 714.1431519114269 
47.00070372812833 2.8832080982561604E-90 45.46536299535149 1.1709429483177365 704.9076548872769 0.0 0.0 264.0 260.0339465564303 2.669467435854208 704.7394030655109 1.1632105995979267 700.252780957959 2.6929283281327128 2.760932529306382 722.0987895029358 
48.00037578753673 2.8832080982561604E-90 45.46536299535149 1.1652437335995571 701.4767276269329 0.0 0.0 264.0 260.4620575404174 2.6564837122020974 701.3117000213538 1.171476464829838 705.2288318275532 2.7076067757704743 2.705069356020132 707.5641225958444 
49.000254226654725 2.92241156169215E-90 45.46536299535149 1.1633056163540592 700.3099810451428 0.0 0.0 264.0 260.21882703167836 2.6520783956764937 700.1486964585945 1.1535088450753073 694.4123247353311 2.6685706513110796 2.675670066759999 700.9148647024097 
50.000350410748226 2.7685404386500726E-90 46.15120196836258 1.1660572968227685 701.9664926873069 0.0 0.0 264.0 258.66472945872624 2.658373908022547 701.810711717952 1.1354236492475742 683.5250368470436 2.642513489478704 2.6680356456603147 695.427430984794 
51.000823462302726 2.7685404386500726E-90 46.15120196836258 1.1627574528611104 699.9799866223882 0.0 0.0 263.0 256.81003766531757 2.660834540680543 699.7994841989821 1.1560642362504019 695.950670222739 2.7099823532977414 2.6929283281327128 700.252780957959 
52.00037122193624 2.8444989340648046E-90 46.32793966839473 1.1653792353656287 701.5582996901087 0.0 0.0 264.0 258.0216290381718 2.6568523765408165 701.4090274067748 1.14301149918892 688.092922511725 2.666803264039265 2.6929283281327128 700.252780957959 
53.00008544121302 2.5519393441167757E-90 46.28523470768677 1.1622053438823707 699.6476170171873 0.0 0.0 265.0 257.95681375033763 2.639626613442739 699.5010525623255 1.1565279297819366 696.2298137287193 2.6990169540648856 2.6685706513110796 694.4123247353311 
54.000338466479086 3.6649093356213065E-90 46.2695518134931 1.1607913131542775 698.7963705188755 0.0 0.0 266.0 260.3864289430973 2.6266696807390213 698.6941350765801 1.1625015203995657 699.8259152805442 2.6876435846565503 2.6685706513110796 694.4123247353311 
55.001114250840956 4.965310431265341E-90 46.25336030407941 1.1601460577000156 698.4079267354098 0.0 0.0 266.0 260.87147719633805 2.6252122719279174 698.3064643328263 1.1616464288141695 699.3111501461252 2.6806730948964845 2.6685706513110796 694.4123247353311 
56.00088950253264 5.1832453467536785E-90 46.23666071705574 1.1576680413429798 696.9161608884743 0.0 0.0 267.0 260.52832627431565 2.6097948559005495 696.8152265254463 1.1566613114657338 696.3101095023792 2.6726848456747843 2.6685706513110796 694.4123247353311 
57.00017189343179 4.5559377169227145E-90 46.432294888204275 1.1553439946728354 695.5170847930469 0.0 0.0 266.0 260.32823163125266 2.6143571798431156 695.4190098382687 1.1658907661116062 701.8662411991857 2.6960819301125922 2.6685706513110796 694.4123247353311 
58.000361588036 6.249930001376168E-90 46.432294888204275 1.1528514396406147 694.01656666365 0.0 0.0 265.0 257.1062413792062 2.6184493531969286 693.8890785971863 1.133008344446773 682.0710233569646 2.652876179505022 2.6685706513110796 694.4123247353311 
59.000081105734345 6.249930001376168E-90 46.81486511754378 1.1519100853704285 693.4498713929985 0.0 0.0 266.0 260.34107817084487 2.606488136096337 693.3258442016257 1.1263065709183953 678.0365556928662 2.6044163312864326 2.6685706513110796 694.4123247353311 
60.000078330902916 6.422689341313109E-90 46.96856560260233 1.1512027321542622 693.0240447568654 0.0 0.0 266.0 264.68844319791333 2.6048957725554875 692.9022754997595 1.1386951507642886 685.4944807601064 2.589816436554985 2.6685706513110796 694.4123247353311 
61.00008480795026 7.166958560254879E-90 47.07305625039065 1.156456925113443 696.1870689182927 0.0 0.0 266.0 264.54709380115617 2.616794733832447 696.0673991994305 1.1449568035640607 689.2639957455608 2.6054491313506483 2.6685706513110796 694.4123247353311 
62.00010977880465 7.166958560254879E-90 46.97482849544845 1.1543994373391289 694.9484612781565 0.0 0.0 266.0 265.8015561981973 2.6121561845631427 694.8335450937961 1.1443833659896199 688.9187863257451 2.591853848335059 2.6685706513110796 694.4123247353311 
63.001196057412905 7.3408831293900445E-90 46.84582517789799 1.1513404355769679 693.106942217335 0.0 0.0 266.0 265.10202799416135 2.605240224775663 692.9938997903266 1.1681620963527775 703.2335820043762 2.652690314462115 2.642513489478704 683.5250368470436 
64.00003010981114 6.856582589522179E-90 46.88852637960621 1.1448955309109201 689.2271096083737 0.0 0.0 265.0 260.86935319483655 2.600432814878983 689.1146959429307 1.1742208515184303 706.8809526141032 2.7097125206813857 2.642513489478704 683.5250368470436 
65.00001175206222 7.97347385278229E-90 46.84582517789799 1.142559404641907 687.8207615944289 0.0 0.0 266.0 268.0239546800642 2.5853825146298473 687.7117488915394 1.2043166363844269 724.9986151034228 2.7049769337552 2.642513489478704 683.5250368470436 
66.00100392611233 9.067714646049546E-90 46.84582517789799 1.1406097823265555 686.6470889605855 0.0 0.0 265.0 266.8728762589765 2.5907294385391357 686.543301212871 1.180234246015832 710.5010161015376 2.66232007561555 2.642513489478704 683.5250368470436 
67.00049498921781 7.452654396691343E-90 46.67437167577431 1.1402634475831632 686.4385954450643 0.0 0.0 264.0 267.57630788400326 2.599695532540938 686.3196205908079 1.1874247698345621 714.8297114404063 2.671498523517603 2.652690314462115 703.2335820043762 
68.00022567301428 7.452654396691343E-90 46.4178515321446 1.1400025097727637 686.2815108832032 0.0 0.0 264.0 265.11435930395317 2.5991125280925584 686.1657074164359 1.1778173548429074 709.0460476154248 2.6744913005730657 2.652690314462115 703.2335820043762 
69.000111735139 7.452654396691343E-90 46.51491460807865 1.1361400469458116 683.9563082613782 0.0 0.0 264.0 261.880700899241 2.590314379601939 683.8429962149119 1.1754859431160256 707.6425377558536 2.70215611660563 2.652690314462115 703.2335820043762 
70.00067057144166 7.452654396691343E-90 46.83983970476721 1.1321181283648534 681.5351132756414 0.0 0.0 265.0 260.84687113975656 2.5714172297947435 681.4255658956072 1.1665445908028245 702.2598436632939 2.6922302751603144 2.652690314462115 703.2335820043762 
71.00002273151813 9.648403739281213E-90 47.09973854148884 1.1310172752482723 680.8723996994593 0.0 0.0 266.0 261.99228792182623 2.5593754339291515 680.7938654251541 1.1692648697175212 703.8974515699491 2.6867105789769634 2.652690314462115 703.2335820043762 
72.00011878515004 9.648403739281213E-90 47.09973854148884 1.1298497421115217 680.1695447511361 0.0 0.0 265.0 256.9064938293229 2.5662910599613635 680.0671308897618 1.1291831534892494 679.76825840052 2.6459753829816672 2.6744913005730657 709.0460476154248 
73.00001057907876 1.1940776660890332E-89 47.09973854148884 1.129423357494768 679.9128612118507 0.0 0.0 264.0 259.9536320168407 2.5750490701631903 679.8129545230822 1.1367071960913615 684.2977320470043 2.632383809135135 2.70215611660563 707.6425377558536 
74.00007263061275 1.0468378613696148E-89 46.88357729624928 1.1274157009551484 678.7042519749996 0.0 0.0 265.0 257.10783266968684 2.5608774529062157 678.632525020147 1.1243417727100682 676.8537471714609 2.6325675890280347 2.6922302751603144 702.2598436632939 
75.00001017471897 1.0468378613696148E-89 46.925009419323146 1.1250215036456375 677.2629451946734 0.0 0.0 265.0 256.6732091507 2.5554476172240013 677.1936185643601 1.1398190202200675 686.1710501724814 2.673325558374155 2.6867105789769634 703.8974515699491 
76.00044472037307 9.173869331381276E-90 46.731193387628714 1.122724816201508 675.8803393533077 0.0 0.0 266.0 260.04126980761816 2.540666249351594 675.8172223275238 1.1289046374937202 679.6005917712251 2.6134335994975038 2.6459753829816672 679.76825840052 
77.00046698168194 1.0869483160790467E-89 46.89139187719864 1.1201727538734703 674.3439978318279 0.0 0.0 268.0 261.61197847130364 2.516026532986779 674.2951108404561 1.1260934117756611 677.9082338889478 2.5912736788667647 2.6459753829816672 679.76825840052 
78.00019366963528 1.1681337538154419E-89 46.8520717045324 1.1192711704094687 673.8012445865008 0.0 0.0 268.0 260.9899142851561 2.514013114612908 673.7555147162593 1.1157512192502215 671.6822339886353 2.573594599731387 2.632383809135135 684.2977320470043 
79.00005212473806 1.1681337538154419E-89 46.8520717045324 1.118802929560447 673.519363595389 0.0 0.0 268.0 262.17950245198386 2.5129624326487385 673.4739319498622 1.109350262546456 667.8288580529709 2.5472199459043465 2.6325675890280347 676.8537471714609 
80.00005905259079 1.1681337538154419E-89 47.160222007890056 1.1160207682313688 671.8445024752839 0.0 0.0 266.0 260.89936131905785 2.52552092970466 671.78856730144 1.099895723315687 662.1372254360383 2.5379028223311764 2.673325558374155 686.1710501724814 
81.0001220228022 1.6298544664127994E-89 47.12329429925299 1.1129984311795964 670.0250555701168 0.0 0.0 265.0 264.8005509495375 2.5281965742893617 669.9720921866813 1.13857780628148 685.423839381447 2.5884532223351258 2.673325558374155 686.1710501724814 
82.00038679532894 1.540954204068774E-89 46.57180092742164 1.1118299551368929 669.3216329924103 0.0 0.0 267.0 259.63154259895396 2.5066326391962814 669.2709146654074 1.0922598614551358 657.540436595999 2.5325907245857433 2.673325558374155 686.1710501724814 
83.00028330878148 2.0055503345591147E-89 46.77482952832075 1.1109439369697762 668.7882500558051 0.0 0.0 267.0 262.06563790545124 2.504639490401106 668.7387439370953 1.1256196732909494 677.6230433211449 2.5856997076649155 2.573594599731387 671.6822339886353 
84.00030612768643 2.7755426619466504E-89 46.92709502174154 1.1066482453713538 666.2022437135543 0.0 0.0 266.0 263.2948584723381 2.5042658041939303 666.1347039155855 1.1316076140250837 681.2277836430961 2.5873189761305815 2.5472199459043465 667.8288580529709 
85.00004945470141 3.296432181273411E-89 46.849989436451324 1.1025562459516478 663.7388600628918 0.0 0.0 267.0 263.4997762773711 2.4856721808661124 663.6744722912521 1.1342662508564687 682.8282830155861 2.5913808833629215 2.5472199459043465 667.8288580529709 
86.00008531492388 3.2821056106880814E-89 46.849989436451324 1.101067160686392 662.842430733207 0.0 0.0 267.0 265.70610816509634 2.482319652231819 662.7793471458957 1.1286506457730394 679.4476887553762 2.557139892069029 2.5472199459043465 667.8288580529709 
87.00021171853071 3.3543851980600405E-89 47.04534361129045 1.0978555474309002 660.9090395534013 0.0 0.0 267.0 264.5682424211469 2.475091783523162 660.8495062006841 1.1047088653307422 665.0347369291048 2.5136604863953567 2.5472199459043465 667.8288580529709 
88.00000405785168 3.3543851980600405E-89 46.99205575748736 1.096418539872398 660.0439610031842 0.0 0.0 267.0 257.2300413715413 2.4718593948896466 659.9864584355356 1.0769586978029997 648.3291360774022 2.52042542395334 2.5472199459043465 667.8288580529709 
89.00034743307219 4.4090908166299306E-89 46.99205575748736 1.092278076989712 657.5514023478071 0.0 0.0 267.0 262.4470666861532 2.462532383906334 657.4961465029909 1.1105085532881067 668.526149079444 2.5472799430404747 2.5472199459043465 667.8288580529709 
90.00005010343871 4.1634130010200746E-89 47.08718028597077 1.0908131777403378 656.6695329996824 0.0 0.0 267.0 261.4312212866641 2.459239654611352 656.6169877812308 1.1061409891985299 665.8968754975122 2.547120700504796 2.5472199459043465 667.8288580529709 
91.00024628921592 4.1634130010200746E-89 47.31663354829936 1.0877610774759978 654.832168640551 0.0 0.0 267.0 263.788570439551 2.452362106301346 654.7806823824595 1.0989417930303857 661.5629594042916 2.5079288245958837 2.5472199459043465 667.8288580529709 
92.0008703726154 4.248723156879628E-89 47.31663354829936 1.0835086566691192 652.2722113148086 0.0 0.0 267.0 261.38040236993817 2.4427794920785066 652.222124384961 1.0847282666616982 653.0064165303485 2.4982990714282103 2.5472199459043465 667.8288580529709 
93.00004583566864 4.914039350804175E-89 47.31663354829936 1.0821552337672893 651.4574507279087 0.0 0.0 267.0 262.08960596332105 2.439734578356785 651.4091324212619 1.0951908618925932 659.3048988593306 2.515570567692025 2.5472199459043465 667.8288580529709 
94.00060016561821 5.774115998272641E-89 47.42189854055195 1.0835770880658997 652.3134070156714 0.0 0.0 267.0 260.291709025563 2.4429446472871046 652.2662208256572 1.0807286944218542 650.5986740419551 2.4994982609225573 2.5472199459043465 667.8288580529709 
95.00025483962365 6.586659279038401E-89 47.42189854055195 1.0810192174269646 650.773568891033 0.0 0.0 268.0 259.1968914595425 2.428136016202957 650.7404523423924 1.0761970576995659 647.8706287351408 2.4995308589040914 2.5472199459043465 667.8288580529709 
96.00015287589085 6.1595041677541544E-89 48.074446743270265 1.083739697660154 652.4112979914121 0.0 0.0 268.0 262.01368053320385 2.4342486393972895 652.3786353584737 1.07999571917236 650.1574229417643 2.4813873138939884 2.5472199459043465 667.8288580529709 
97.00162456295388 5.8261557578305085E-89 48.074446743270265 1.0827114864407783 651.792314837349 0.0 0.0 267.0 256.88090137671276 2.4410513638852303 651.7607141573565 1.0660541822124285 641.7646176918794 2.4982963476554425 2.5472199459043465 667.8288580529709 
98.00005944156833 5.910363840714179E-89 48.34253883725874 1.081398017611284 651.0016066019923 0.0 0.0 267.0 261.66857436861187 2.438094814614161 650.971315501981 1.06228193598081 639.4937254604448 2.443907247950958 2.5472199459043465 667.8288580529709 
99.00001368849321 5.910363840714179E-89 48.23067491471304 1.0791130637521458 649.6260643787919 0.0 0.0 266.0 259.5554647839854 2.4420492941023597 649.585112231228 1.0656272232441095 641.5075883929513 2.4715626347025474 2.52042542395334 648.3291360774022 
100.00035913350692 7.905796953063999E-89 48.37880934109788 1.0759587450086325 647.7271644951968 0.0 0.0 267.0 260.06234935672626 2.4258335933305872 647.6975694192664 1.0669806381843299 642.3223441869692 2.4698782648690862 2.4813873138939884 650.1574229417643 
101.00153355203783 7.905796953063999E-89 48.618337920637714 1.0723946275294374 645.5815657727208 0.0 0.0 266.0 264.70568007340614 2.4268478918743086 645.541539238566 1.069218349779363 643.6694465671762 2.4316419896568853 2.4982963476554425 641.7646176918794 
102.00099713279093 8.23232521703708E-89 48.618337920637714 1.0690891014302641 643.5916390610189 0.0 0.0 267.0 262.0102930618732 2.4103552031697437 643.5648392463215 1.0673789685573214 642.5621390715093 2.4524309009484964 2.443907247950958 639.4937254604448 
103.00025222859041 7.33720069416303E-89 48.888919866455026 1.0691491885678446 643.6278115178432 0.0 0.0 267.0 261.2851985395786 2.4104927928593836 643.6015756934556 1.0803608443052144 650.3772282717439 2.48914684760923 2.4715626347025474 641.5075883929513 
104.00003128138908 8.376448849900318E-89 49.02926917460553 1.0684620992858778 643.2141837700988 0.0 0.0 267.0 265.01738721421793 2.408949246553228 643.1894488297116 1.0584062007527697 637.160532853164 2.4042216231576408 2.4698782648690862 642.3223441869692 
105.00052082654749 7.680034656890131E-89 49.28159985099828 1.070205541219015 644.2637358138466 0.0 0.0 267.0 260.4013179914262 2.4128844703858516 644.2401535930226 1.0662418834153435 641.8776138160388 2.4649553188404862 2.4316419896568853 643.6694465671762 
106.00045325080173 7.038703982155177E-89 49.369289507341634 1.06695994740777 642.3098883394771 0.0 0.0 267.0 267.68295162985237 2.4055704540193594 642.2873112231689 1.093539384869973 658.310709691721 2.459292628400266 2.4524309009484964 642.5621390715093 
107.00013692655219 6.737399770666988E-89 49.46730242883281 1.0658054997099746 641.6149108254043 0.0 0.0 267.0 267.048743707809 2.402968839442307 641.5926801310962 1.072911226832016 645.8925585528729 2.4186317059015083 2.48914684760923 650.3772282717439 
108.0000884428978 7.865143065004548E-89 49.52119616166776 1.0624523548514253 639.5963176205585 0.0 0.0 267.0 265.7670980733411 2.3954093176664744 639.5742878169489 1.0696994163455023 643.9590486400012 2.4230202056926333 2.4042216231576408 637.160532853164 
109.00015433825708 7.865143065004548E-89 49.502216674454644 1.0613214526248336 638.9155144801507 0.0 0.0 267.0 265.9025423171727 2.3928607968846163 638.8938327681925 1.0684596965876512 643.2127373457623 2.418979268646962 2.4316419896568853 643.6694465671762 
110.00000175326129 7.097447205115235E-89 49.502216674454644 1.0616338267397158 639.1035636973082 0.0 0.0 267.0 264.14392679595767 2.3935661809871966 639.0821703235816 1.0596026118246569 637.8807723184381 2.4148984989201723 2.4316419896568853 643.6694465671762 
111.00026503587117 7.097447205115235E-89 49.502216674454644 1.0595479850889695 637.8478870235593 0.0 0.0 266.0 261.48104907061804 2.3978135537459724 637.8184052964285 1.0585972875022032 637.2755670763241 2.437176878941676 2.4316419896568853 643.6694465671762 
112.00054615971716 6.593212603445552E-89 49.502216674454644 1.0578690410552651 636.8371627152699 0.0 0.0 267.0 262.6461579147979 2.3850837254430433 636.8173546932924 1.0613598517646394 638.9386307623212 2.4326974201145255 2.4316419896568853 643.6694465671762 
113.00128579557759 6.032977840898682E-89 49.67743387475977 1.0555808010615775 635.4596422390699 0.0 0.0 267.0 259.8835609925889 2.379925373510308 635.4400747272518 1.0485062706433645 631.2007749273038 2.4287830000347874 2.4316419896568853 643.6694465671762 
114.00042574194879 6.214499376287205E-89 49.75034756809033 1.0504059480690464 632.3443807375651 0.0 0.0 267.0 261.9557125091901 2.36826049650678 632.3255525673102 1.0488478122044411 631.4063829470756 2.410355463902793 2.4316419896568853 643.6694465671762 
115.00065815507324 6.214499376287205E-89 49.75034756809033 1.0505759389659655 632.4467152575105 0.0 0.0 267.0 258.7835284972543 2.368645628699551 632.4283828627799 1.03962138054499 625.8520710880829 2.418438587348975 2.4316419896568853 643.6694465671762 
116.00019371150235 7.630996992081388E-89 49.80814679859119 1.0490292078279302 631.5155831124138 0.0 0.0 268.0 262.8911148818057 2.3563609987167213 631.5047476560813 1.034321991434642 622.6618388436569 2.368516102659468 2.4186317059015083 645.8925585528729 
117.00009922374939 6.68527531115252E-89 49.80814679859119 1.047173171123145 630.3982490161336 0.0 0.0 268.0 264.33276021349354 2.352193515158948 630.3878620625978 1.0412868229322614 626.8546674052315 2.371460377816734 2.4186317059015083 645.8925585528729 
118.00035924020104 5.4240389217708405E-89 49.810083819736015 1.0444672093611251 628.769260035398 0.0 0.0 267.0 265.8580832434327 2.3548815144448136 628.7533643567656 1.0433650087241604 628.1057352519388 2.362560233599572 2.4186317059015083 645.8925585528729 
119.00050286138782 5.107486441394146E-89 49.886517866037 1.041910466379271 627.2301007603203 0.0 0.0 267.0 261.38173552132446 2.349118456420465 627.214627864264 1.031626642974212 621.0392390704757 2.3759855975851423 2.4186317059015083 645.8925585528729 
120.00005226305652 4.955876577489603E-89 49.87654156013372 1.0387429971596713 625.3232842901223 0.0 0.0 267.0 259.59347353362716 2.341979603606124 625.3085541628352 1.0148581390740035 610.9445997225549 2.353466716270949 2.4186317059015083 645.8925585528729 
121.00098972910978 4.665402259025123E-89 49.87654156013372 1.0390118454574402 625.4851309653784 0.0 0.0 266.0 262.81934491732426 2.3514035816748766 625.4733527255169 1.0264755974673638 617.938309675351 2.3511903580375235 2.4186317059015083 645.8925585528729 
122.00002888936406 4.665402259025123E-89 49.87654156013372 1.0362029928028058 623.79420166729 0.0 0.0 265.0 259.4057086495904 2.3538884018409663 623.7804264878561 1.0077867688069 606.6876348217563 2.338759767393092 2.4186317059015083 645.8925585528729 
123.00025069300283 6.493933959548346E-89 49.87654156013372 1.0344000161699671 622.7088097343205 0.0 0.0 266.0 261.3400595245647 2.3409603503018532 622.695453180293 1.0159904762355945 611.6262666938273 2.3403463969760727 2.4186317059015083 645.8925585528729 
124.00017666941363 7.96172975310164E-89 49.84994783024468 1.0320333405564701 621.2840710149942 0.0 0.0 266.0 263.95868470744597 2.3356071457920518 621.2715007806856 1.015749361357762 611.4811155373752 2.3165788851202214 2.4186317059015083 645.8925585528729 
125.00012194264471 1.323063760505668E-88 49.89206112039539 1.0313564761160243 620.8765986218457 0.0 0.0 267.0 261.49096991956065 2.325336028107399 620.8647195046755 1.0020627144336511 603.2417540890565 2.3069314947075403 2.4186317059015083 645.8925585528729 
126.0007048133453 2.0988020813714465E-88 49.8374869010065 1.0254677400445074 617.3315795067931 0.0 0.0 267.0 261.54155142674574 2.3120592564806848 617.3198214803429 1.0072912043692046 606.3893050302595 2.3185199511218046 2.4186317059015083 645.8925585528729 
127.00056509918294 1.8854190010291545E-88 49.85742588328143 1.0246589006953055 616.8446582185735 0.0 0.0 266.0 261.3754488280498 2.318923381702768 616.8336195329363 1.0188241608732178 613.332144845682 2.346556065597319 2.4186317059015083 645.8925585528729 
128.00035159023636 1.692808470899038E-88 49.85299430903069 1.0205832252438942 614.3911015968246 0.0 0.0 267.0 263.39452051155274 2.301049379345199 614.3801842851683 1.020078165977799 614.0870559186333 2.3314344380664473 2.4186317059015083 645.8925585528729 
129.0001518743281 2.5129456564303942E-88 49.85299430903069 1.0181566757217297 612.9303187844807 0.0 0.0 267.0 261.09838797094756 2.295580394836823 612.9199654214316 1.0021316810945047 603.2832720188936 2.3105591601202113 0.0 0.0 
130.00014396837113 2.4744465243808238E-88 49.85742588326667 1.0172365055669088 612.3763763512794 0.0 0.0 267.0 257.57144298096586 2.293506811220061 612.3663185957564 0.9926565630007241 597.5792509264362 2.320052425107532 0.0 0.0 
131.00003050823955 2.5129456564303942E-88 49.90980367397041 1.0130137164555033 609.834257306213 0.0 0.0 266.0 263.54094696577124 2.2925727972721264 609.8243640743857 1.0131023934619399 609.8876408640841 2.3142044827792794 4.02136443371114E-11 1.38039780248165E-10 
132.00084838424024 3.2694153894518783E-88 49.8676754074811 1.0112653100115079 608.7817166269282 0.0 0.0 267.0 264.8067959547152 2.280046587019192 608.7724387341243 1.0001246599253237 602.0750452750461 2.273638949122769 0.0 0.0 
133.00045189005715 4.420316009494054E-88 49.87072296964528 1.0096594052529417 607.8149619622714 0.0 0.0 267.0 266.9034486362106 2.276426881135156 607.8059772630866 1.0039915999325133 604.4029431593781 2.264500313681519 0.0 0.0 
134.00009296723266 4.420316009494054E-88 49.87072296964528 1.0079039140342188 606.7581562485996 0.0 0.0 266.0 261.8909678385848 2.2809978381230227 606.7454249407244 0.9785395028350835 589.0807807067159 2.2493359949312683 0.0 0.0 
135.00015549948563 4.420316009494054E-88 49.87072296964528 1.008561349980056 607.1539326879937 0.0 0.0 265.0 264.63986945109934 2.2910991308896094 607.1412696857465 0.9851299031533545 593.0482016983191 2.2409631735701248 0.0 0.0 
136.00024766772972 4.8869419733714213E-88 49.87072296964528 1.010401723458326 608.261837521913 0.0 0.0 264.0 263.38617723965297 2.3039762931857717 608.2497414010439 0.9784345939521788 589.0176255592191 2.2363270226716443 2.3142044827792794 609.8876408640841 
137.00056153137987 4.300389643755121E-88 49.78490841944769 1.0082800412383182 606.984584825468 0.0 0.0 265.0 265.60691831233834 2.2904623284837182 606.9725170481851 1.012690830921471 609.6398802147263 2.2952710873962445 2.273638949122769 602.0750452750461 
138.00093791342385 4.040425781629196E-88 49.67081065839004 1.0064577737192733 605.8875797790032 0.0 0.0 265.0 264.50693487263845 2.28632665063673 605.8765624187341 0.9988174376006083 601.2880974355567 2.2732413338239326 2.264500313681519 604.4029431593781 
139.0001559226719 5.788398370535157E-88 49.65867038854135 1.0026786172087783 603.6125275596843 0.0 0.0 265.0 260.1793910179334 2.2777425762795835 603.6017827140898 0.9982169292204409 600.9265913907008 2.3096625333759837 2.2493359949312683 589.0807807067159 
140.0004763570544 5.788398370535157E-88 49.579280045138205 1.0037573557378785 604.2619281542025 0.0 0.0 265.0 262.6598959257386 2.2801948296812737 604.2516298655377 0.9964713024182166 599.8757240557667 2.2838496982629146 2.2409631735701248 593.0482016983191 
141.0002219096027 5.788398370535157E-88 49.579280045138205 1.000492741545042 602.2966304101158 0.0 0.0 266.0 262.89387864078606 2.2642344170884656 602.2863549455318 0.988254434047855 594.9291692968072 2.263001224572858 2.2493359949312683 589.0807807067159 
142.00030211142794 5.437999144974483E-88 49.59884017410218 0.9992335876130208 601.5386197430381 0.0 0.0 265.0 258.8127615632542 2.269920313868845 601.5288831752437 0.9937429974619484 598.2332844720895 2.3114520352810364 2.2493359949312683 589.0807807067159 
143.00009314586853 7.069965735690149E-88 49.59884017410218 0.9986059314945278 601.1607707597051 0.0 0.0 265.0 259.73608164996824 2.268495805795417 601.1513885357854 0.9873649255738148 594.393685195442 2.288452499242955 2.2493359949312683 589.0807807067159 
144.0011034181237 7.069965735690149E-88 49.550642512702396 0.9978641930837356 600.7142442364084 0.0 0.0 265.0 262.79831755704646 2.266811652516923 600.7050879169846 1.004387102975057 604.6410359909942 2.300779706703194 2.2493359949312683 589.0807807067159 
145.00016255374825 7.069965735690149E-88 49.561379648387245 0.9941674062153185 598.4887785416227 0.0 0.0 266.0 260.5351147279895 2.2499240149405506 598.4797879741867 0.9882500086155189 594.9265051865436 2.2834791609863183 2.2493359949312683 589.0807807067159 
146.00055329509235 6.435667938926209E-88 49.561379648387245 0.9927190628430933 597.6168758315423 0.0 0.0 265.0 262.84683743380344 2.255126056873269 597.6084050714164 0.9994500819230253 601.6689493176614 2.289047702425518 2.2493359949312683 589.0807807067159 
147.0005730809818 6.335381784411123E-88 49.458234254655295 0.988484811777634 595.0678566901356 0.0 0.0 265.0 257.59958317894194 2.245508046566003 595.0596323399907 0.9924288099782046 597.4421436068774 2.31926673263234 2.2493359949312683 589.0807807067159 
148.00013080364474 8.792997212558104E-88 49.291183315862256 0.9853243621562419 593.1652660180579 0.0 0.0 265.0 262.75161000975777 2.238328865799928 593.1571494369808 1.000261474043028 602.1574073739021 2.2917363183865547 2.2493359949312683 589.0807807067159 
149.00043236012567 8.792997212558104E-88 49.291183315862256 0.9845357458994848 592.6905190314894 0.0 0.0 265.0 259.7466925651053 2.2365378421019844 592.6825281570259 0.9854855106586463 593.2622774165065 2.2840032015722618 2.300779706703194 604.6410359909942 
150.0001816655899 8.792997212558104E-88 49.26517538853971 0.9838159015519028 592.2571727342456 0.0 0.0 264.0 262.6519581950408 2.2433687789992214 592.2493576557943 0.9902607811578465 596.1369902570284 2.269684164373705 2.2834791609863183 594.9265051865436 
151.00059162572927 1.142724113041291E-87 49.15035731915724 0.9817988269578242 591.0428938286109 0.0 0.0 265.0 257.40048067393565 2.2303220802353274 591.035351262362 0.9712783624685177 584.7095742060496 2.2715947253678044 2.289047702425518 601.6689493176614 
152.0006370648464 1.0730248808253553E-87 49.231522351457464 0.9806261284070985 590.3369293010732 0.0 0.0 265.0 259.29843694122417 2.227659469712215 590.3297594737372 0.9706723096597369 584.3447304151628 2.253560558668611 2.31926673263234 597.4421436068774 
153.00013221054238 9.892839266375247E-88 49.16455836242024 0.9787745244036102 589.2222636909728 0.0 0.0 267.0 253.0712714919456 2.206799007481441 589.2153349975446 0.9627088619033948 579.5507348658465 2.2900692419538093 2.2840032015722618 593.2622774165065 
154.00008313073357 9.435330326910302E-88 48.9465340714104 0.974309300734701 586.5341990422905 0.0 0.0 268.0 259.2339376087466 2.188535528166602 586.5275215486495 0.9628104692081787 579.6119024633273 2.2358642846297263 2.269684164373705 596.1369902570284 
155.0002472933358 9.738031248771209E-88 48.85280972896191 0.9739838278303877 586.3382643538938 0.0 0.0 269.0 262.06046532318925 2.179679130275636 586.333686044146 0.9681989278150568 582.8557545446658 2.2241269923177915 2.269684164373705 596.1369902570284 
156.00047822015907 8.00037940946012E-88 48.796661289229874 0.9709072188830927 584.4861457676224 0.0 0.0 268.0 261.06613584185965 2.180895560702158 584.4800102681786 0.9626932485174954 579.5413356075303 2.2199023773753117 2.2715947253678044 584.7095742060496 
157.00030830673242 8.00037940946012E-88 48.53171248192538 0.9698442970032733 583.8462667959706 0.0 0.0 267.0 259.8801298171117 2.186667167703442 583.840133776819 0.9558766862285757 575.4377651096052 2.214243026254313 2.253560558668611 584.3447304151628 
158.00131052142015 1.1851909178057158E-87 48.59214509646777 0.9652406115979955 581.0748481819932 0.0 0.0 267.0 263.85942583194753 2.1762880739994617 581.0689157578563 0.9552614951201016 575.0674200623041 2.1794461890043126 2.2900692419538093 579.5507348658465 
159.00015559939223 1.8736685830177673E-87 48.59214509646777 0.9660505931930822 581.5624571022361 0.0 0.0 268.0 264.5483847019055 2.169993867003295 581.5583563568835 0.9507153482088201 572.3306396217092 2.163425190694755 2.2241269923177915 582.8557545446658 
160.00002567705704 2.284540670999722E-87 48.46920079085116 0.9645758371537326 580.6746539665467 0.0 0.0 268.0 259.82155330291926 2.1666816115816623 580.6706719038855 0.940376191804827 566.1064674665068 2.1788279696969477 2.2199023773753117 579.5413356075303 
161.0006093231939 2.9667108280189374E-87 48.42909566480064 0.9615368861703315 578.8452054745397 0.0 0.0 268.0 254.66870590264134 2.159855820893033 578.8413599993328 0.9285345369809888 558.9777912625536 2.194921395156609 2.2199023773753117 579.5413356075303 
162.0000009420749 3.0140073548643928E-87 48.42909566480064 0.9616553399267578 578.9165146359085 0.0 0.0 268.0 262.3921427684368 2.160122245999367 578.9127619278302 0.9536028983235003 574.0689447907463 2.187828258628029 2.2199023773753117 579.5413356075303 
163.00047544614557 3.0140073548643928E-87 48.301465137807185 0.9622978713104717 579.3033185289037 0.0 0.0 267.0 261.1724155451324 2.169657123020589 579.2984518464973 0.9561923991918498 575.6278243134989 2.2040146280839767 2.2199023773753117 579.5413356075303 
164.00149808807745 4.458759286171364E-87 48.05975957285765 0.9608158433702716 578.4111377089033 0.0 0.0 268.0 265.49174564058535 2.1582330109815926 578.406446943067 0.9701925067457576 584.0558890609506 2.1999022517695432 2.2199023773753117 579.5413356075303 
165.00023560320162 4.1771602579340255E-87 47.890248069067646 0.9574902227568202 576.4091140996053 0.0 0.0 270.0 262.8992298167798 2.134837600965831 576.4061522607741 0.9457108911087004 569.3179564474382 2.1655367984311265 2.2199023773753117 579.5413356075303 
166.0001427930366 3.983450160231233E-87 47.96160443479331 0.95574736227588 575.3599120900801 0.0 0.0 270.0 261.7239113468581 2.1309520600629326 575.3570562169914 0.9487990857674978 571.177049632039 2.182364793085597 2.2199023773753117 579.5413356075303 
167.00018292463315 5.890936508755882E-87 47.991189878747534 0.9541988915189472 574.4277326944057 0.0 0.0 270.0 265.26246228559415 2.127499936262157 574.424982790782 0.9463684006648833 569.7137772002608 2.147736141372615 2.2199023773753117 579.5413356075303 
168.00019261024406 5.519192986640174E-87 47.93150465428618 0.9525169572435901 573.4152082606412 0.0 0.0 269.0 260.19045339325305 2.131641054663909 573.4114437045918 0.9294929459602804 559.5547534680844 2.150558355122933 2.2199023773753117 579.5413356075303 
169.00005094748286 5.519192986640174E-87 47.7733259810186 0.9471741171997168 570.1988185542299 0.0 0.0 269.0 260.93560335398877 2.119684474805285 570.1951237226216 0.9324161155733074 561.3145015751281 2.1511610311515876 2.2199023773753117 579.5413356075303 
170.00006967903357 6.722308696074848E-87 47.7733259810186 0.9443790506349966 568.5161884822675 0.0 0.0 269.0 257.92187376308203 2.1134299648153227 568.5126605353217 0.9315286286410239 560.7802344418899 2.174225187883843 2.2199023773753117 579.5413356075303 
171.0003890418491 5.900992401925074E-87 47.66595683315995 0.9407756617389861 566.3469483668689 0.0 0.0 270.0 263.5658398061387 2.097572328245705 566.3445286263403 0.9366432290704501 563.8592239004124 2.139348651233215 2.2199023773753117 579.5413356075303 
172.00073354467247 5.449572728298631E-87 47.39793019534118 0.9378472561293422 564.5840481898643 0.0 0.0 270.0 266.5876390079688 2.0910433147335246 564.5816949780517 0.9389678539492287 565.2586480774362 2.1203483033980417 2.2199023773753117 579.5413356075303 
173.00031025417522 6.732362323391837E-87 47.22839155029306 0.9371920664711396 564.1896240156266 0.0 0.0 270.0 264.01761308287763 2.0895826546865766 564.1873167653761 0.9215481409663475 554.7719808617458 2.101268829695834 2.2199023773753117 579.5413356075303 
174.0001222220738 6.732362323391837E-87 47.26802754587898 0.9367127019015481 563.9010465447325 0.0 0.0 269.0 264.7892854216604 2.096275130056956 563.8980099853211 0.920210872034393 553.9669449647033 2.09210483755997 2.182364793085597 571.177049632039 
175.00033216500654 6.732362323391837E-87 47.26802754587898 0.937340127698208 564.2787568743208 0.0 0.0 269.0 265.6449280737726 2.0976797769546636 564.2758600008044 0.931199350731988 560.582009140651 2.110268068001551 2.182364793085597 571.177049632039 
176.0003696758436 6.521061745836246E-87 47.188264474000704 0.938281732705306 564.8456030885941 0.0 0.0 269.0 262.66866328108813 2.0997875618724224 564.8428541436812 0.9229446318788428 555.6126683910577 2.115260577530267 2.182364793085597 571.177049632039 
177.00017878718734 1.028512131379429E-86 47.188264474000704 0.93584965705205 563.3814935453339 0.0 0.0 268.0 265.5427096437252 2.102159698957062 563.3787993204925 0.9329955653752542 561.6633303558971 2.1151525158023454 2.182364793085597 571.177049632039 
178.0001810019271 1.2501079303830763E-86 47.08064085385874 0.9365090648372326 563.7784570320133 0.0 0.0 267.0 264.77279167991867 2.11151995797916 563.7758287804357 0.9187313422508295 553.0762680349925 2.0888712338071396 2.182364793085597 571.177049632039 
179.0001038870249 1.1176952814319586E-86 46.52008321909455 0.93379204136925 562.1428089042881 0.0 0.0 267.0 265.1324873658607 2.1053944456640754 562.1403169923083 0.9231702855438162 555.7485118973834 2.0961162376547877 2.182364793085597 571.177049632039 
180.00000840456568 1.047326789436454E-86 45.916174925174666 0.9307028123754348 560.2830930500118 0.0 0.0 268.0 265.7190219542467 2.090599648641033 560.2807058357967 0.918217685182258 552.7670464797167 2.080269009024487 2.182364793085597 571.177049632039 
181.00029713914242 9.510781939080557E-87 45.53007084846091 0.9278094069381937 558.5412629767923 0.0 0.0 268.0 263.6806446103444 2.084100648080885 558.5389736856766 0.9104928554364909 548.1166989727742 2.0787141952825428 2.110268068001551 560.582009140651 
182.00019407048657 8.633293758064157E-87 45.34327589867482 0.9232632437098243 555.8044727133143 0.0 0.0 267.0 266.1925904453381 2.081656100607931 555.8021788623173 0.9238713444191541 556.1705493403344 2.0893539839327064 2.115260577530267 555.6126683910577 
183.00014499956816 8.773950903861784E-87 45.24061420040957 0.9237648725106579 556.1064532514166 0.0 0.0 266.0 264.00337956625617 2.0906172327849295 556.1041839207912 0.9252741870804483 557.0150606224281 2.1098785232885082 2.1151525158023454 561.6633303558971 
184.0002931714583 1.2958956970682158E-86 45.24061420040957 0.9232305785796354 555.7848083049402 0.0 0.0 265.0 263.62851811473456 2.0972926680572814 555.7825570351794 0.9283169603274174 558.8468101171085 2.119826846175614 2.0888712338071396 553.0762680349925 
185.000668020156 1.3828730084388689E-86 44.88013313366243 0.9239790680628986 556.2353989738642 0.0 0.0 265.0 263.1249194997787 2.098993316540164 556.2332288831432 0.9182840066604512 552.8069720095967 2.1009297525317123 2.0888712338071396 553.0762680349925 
186.00075197358515 1.3828730084388689E-86 44.92678283300392 0.922275206973108 555.2096745978109 0.0 0.0 265.0 265.2706491594478 2.0951227742070033 555.2075351648556 0.9134062565010063 549.8705664136144 2.0728662147733514 2.0961162376547877 555.7485118973834 
187.00127672116093 1.234668007566105E-86 44.4278910879811 0.9176298459934062 552.4131672880301 0.0 0.0 264.0 263.0875252913779 2.0924661971526346 552.4110760482954 0.9044407054568482 544.4733046850265 2.069551964054566 2.0787141952825428 548.1166989727742 
188.0006640126293 1.3173821642747316E-86 44.533656433268725 0.9153777621672222 551.057412824668 0.0 0.0 264.0 258.0327835905305 2.0873312157516724 551.0554409584412 0.892392392566183 537.2202203248452 2.0819843620233707 2.0787141952825428 548.1166989727742 
189.00002082627492 1.214780285175803E-86 44.533656433268725 0.9133111453333591 549.8133094906827 0.0 0.0 265.0 259.81464070316133 2.0747598660891073 549.8113645136136 0.8969107478028675 539.9402701773329 2.0781749200739443 2.0787141952825428 548.1166989727742 
190.00040912159017 1.214780285175803E-86 44.211218141206196 0.9135767993962471 549.9732332365413 0.0 0.0 265.0 262.380806947276 2.0753635514000277 549.9713411210076 0.9027397196600443 543.4493112353524 2.071223568363198 2.0787141952825428 548.1166989727742 
191.00002244221199 1.214780285175803E-86 44.211218141206196 0.9130428451136314 549.651792758406 0.0 0.0 265.0 262.0985458938968 2.0741508768277632 549.6499823593572 0.8919066646791078 536.9278121368197 2.0485722662276036 2.0787141952825428 548.1166989727742 
192.00001166537 1.214780285175803E-86 43.75769354794324 0.9089294724133585 547.1755423928419 0.0 0.0 265.0 261.619492020024 2.064807007182374 547.173856903329 0.891516617171283 536.6930035371181 2.0514259063542575 2.0787141952825428 548.1166989727742 
193.00011418682138 1.214780285175803E-86 43.75769354794324 0.9107066832174913 548.2454232969302 0.0 0.0 266.0 262.9754566657037 2.0610669389825844 548.2438057693677 0.898044426447992 540.6227447216922 2.0557916376543677 2.0787141952825428 548.1166989727742 
194.00026154518477 1.57506502706044E-86 43.46404812711586 0.9089580084474673 547.1927210853758 0.0 0.0 265.0 262.02651417297056 2.0648723252837202 547.1911662001858 0.9000415231704029 541.8249969485796 2.0678250773923845 2.0787141952825428 548.1166989727742 
195.00054496018976 2.0084275733168373E-86 43.46404812711586 0.906333374725906 545.6126915849952 0.0 0.0 266.0 261.6177567911693 2.051169885837746 545.6111896328407 0.8935020630119437 537.8882419331956 2.0560081568261177 2.0787141952825428 548.1166989727742 
196.0002285078815 2.0749351325583293E-86 43.25976574335438 0.9035486937354468 543.936313628739 0.0 0.0 266.0 256.32538843613145 2.0448677576136047 543.9348235252191 0.8941357364938884 538.269713369318 2.0999469332841314 2.0787141952825428 548.1166989727742 
197.00046339121693 1.6776263238350577E-86 43.01771012697797 0.9024403605664447 543.2690970609998 0.0 0.0 266.0 262.2032865582331 2.0423597511231737 543.2676937987641 0.8978102700704517 540.481782582403 2.061308192116679 2.0787141952825428 548.1166989727742 
198.00034737908888 2.3198877032258887E-86 42.75681342243669 0.8975533502463885 540.3271168483255 0.0 0.0 266.0 262.75028793784475 2.0312998582236776 540.325762287498 0.8939986760104653 538.1872029583046 2.0482839702372324 2.0787141952825428 548.1166989727742 
199.00119368604007 2.1058491463623317E-86 42.64958100576367 0.8966960563814356 539.811025941624 0.0 0.0 266.0 260.33770866486026 2.0293597336543607 539.8096891520601 0.890277854727353 535.9472685458649 2.058661694821184 2.0557916376543677 540.6227447216922 
200.0000996024188 1.9719637859697888E-86 42.76726636515537 0.8980956907732311 540.6536058454852 0.0 0.0 266.0 260.9813429538881 2.032527566512113 540.6523326922221 0.8915491662131375 536.7125980603047 2.0565171133904947 2.0787141952825428 548.1166989727742 
201.00006727743406 4.289184229478229E-86 42.47012056712128 0.8946557498399087 538.5827614036253 0.0 0.0 266.0 264.00441822225395 2.024742472508503 538.5814976872621 0.8951634700873334 538.8884089925721 2.0412098124013407 2.061308192116679 540.481782582403 
202.0003946063142 5.726836163003653E-86 42.16332566867734 0.8919826077160229 536.9735298450455 0.0 0.0 266.0 266.1494915103151 2.0186928558655275 536.9722996602304 0.9032994411607316 543.7862635787632 2.043161008848622 2.0482839702372324 538.1872029583046 
203.00098795204914 7.538843442989244E-86 41.5771518997475 0.8901270010829786 535.8564546519532 0.0 0.0 266.0 263.928992238157 2.014493396252469 535.855243403157 0.8902219269819219 535.913600043112 2.030521904768723 2.0482839702372324 538.1872029583046 
204.00105286412904 7.538843442989244E-86 41.354159355858414 0.8859756366279996 533.3573332500557 0.0 0.0 266.0 260.43144312911744 2.0050983662941158 533.3561654342345 0.8869219210602349 533.9269964782656 2.050163336896128 2.058661694821184 535.9472685458649 
205.00020405678916 6.82688696158451E-86 40.76904145146016 0.8825894408448496 531.3188433886 0.0 0.0 266.0 250.69377411175216 1.9974351413085891 531.3177475880847 0.8597227083368243 517.5530704187715 2.064483141843248 2.0565171133904947 536.7125980603047 
206.00057694046797 6.940889190996998E-86 40.42801581611506 0.8817875390528357 530.8360985098074 0.0 0.0 265.0 260.4858378083845 2.003150989792439 530.8350122949964 0.8786007604016702 528.9176577618099 2.0305044689258156 2.043161008848622 543.7862635787632 
207.00006516495188 7.897634033341252E-86 40.60020051662333 0.8800374447560781 529.7825417431595 0.0 0.0 265.0 262.2843821701714 1.999175529100113 529.7815152115301 0.8792321271290967 529.29774053172 2.018029957225242 2.043161008848622 543.7862635787632 
208.00032794805497 7.897634033341252E-86 40.60020051662333 0.880948112558066 530.3307637599563 0.0 0.0 265.0 254.7208516350448 2.0012443462512772 530.3297517565887 0.8649220129825301 520.6830518154884 2.0441320310969475 2.043161008848622 543.7862635787632 
209.00013001031152 7.897634033341252E-86 40.42801581611506 0.8787074257638737 528.9818703098525 0.0 0.0 265.0 258.92007954686335 1.9961542781061392 528.9808836981271 0.8657701433023134 521.1936262679924 2.0129517462690982 2.043161008848622 543.7862635787632 
210.00005741893824 7.031514483390038E-86 40.25253589288399 0.8796062991150917 529.5229920672851 0.0 0.0 265.0 261.9403952655661 1.9981963865660002 529.5220424399898 0.8784748399856203 528.8418536713376 2.018939664251387 2.043161008848622 543.7862635787632 
211.00025105766846 6.801296291992395E-86 40.383345095856875 0.8807371536626863 530.2037665049367 0.0 0.0 265.0 257.3510212507058 2.000765523735074 530.2028637897945 0.8620776244063859 518.9707298926518 2.016587023321278 2.043161008848622 543.7862635787632 
212.00071186663786 6.469485332086716E-86 40.00818733459871 0.8778975050491961 528.4942980396157 0.0 0.0 266.0 260.36395367031207 1.9868173478114564 528.4934145178472 0.8681706816922587 522.6387503787421 2.007339122836249 2.043161008848622 543.7862635787632 
213.00007492205575 6.469485332086716E-86 39.76532206739442 0.8771652091591657 528.0534559138183 0.0 0.0 265.0 262.1879227636134 1.992651350747543 528.0526079480989 0.8649279590102611 520.6866313241724 1.9859291222716593 2.043161008848622 543.7862635787632 
214.0001900354942 6.469485332086716E-86 39.826563589504744 0.8765091495684141 527.6585080401846 0.0 0.0 265.0 261.70397672432915 1.9911610804452473 527.6576863179905 0.8616150654166043 518.6922693807996 1.9819808467304032 2.043161008848622 543.7862635787632 
215.0002179101577 6.051172858336551E-86 39.826563589504744 0.8769811454170573 527.9426495410684 0.0 0.0 266.0 261.5711861743597 1.9847438224891676 527.9418567821183 0.8626066771562156 519.2892196480353 1.9852692004916948 2.043161008848622 543.7862635787632 
216.00036958906728 9.527952929418448E-86 38.92922397813959 0.8746932184038879 526.5653174791407 0.0 0.0 266.0 264.15623930530296 1.979566041843423 526.5645671303506 0.8755134173044213 527.0590772172648 1.9952550755695286 2.007339122836249 522.6387503787421 
217.00064578139097 8.475125381351729E-86 38.56200440609826 0.8707511771312615 524.1922086330196 0.0 0.0 267.0 259.3948054517988 1.9632640659116796 524.1915055984185 0.8533205119816487 513.6989482129478 1.9803748472072016 1.9859291222716593 520.6866313241724 
218.00026651182498 8.763948614278771E-86 38.838710784031925 0.8699347826889946 523.7007391787748 0.0 0.0 268.0 260.6457284020467 1.954104682073858 523.700054795794 0.8539129444500093 514.0555925589088 1.9722387000564103 1.9819808467304032 518.6922693807996 
219.000042112593 1.1123845005898436E-85 38.846479302993906 0.8698815343409658 523.668683673261 0.0 0.0 268.0 259.0965670821148 1.9539850917332644 523.6680045845147 0.8486215360357803 510.8701646935348 1.9717365245199332 1.9819808467304032 518.6922693807996 
220.00032397035892 9.14231124750526E-86 38.838710784031925 0.8687956613865426 523.0149881546985 0.0 0.0 268.0 260.51398205268396 1.9515460535431894 523.0143423495746 0.8602588745925211 517.875842504702 1.987900374575563 1.9952550755695286 527.0590772172648 
221.0000125951601 8.545856611113414E-86 39.295574104219725 0.868263410868307 522.6945733427207 0.0 0.0 268.0 255.21925479917695 1.9503505018062195 522.6939344840664 0.8470671622701171 509.9344316866067 1.998024922092403 1.9803748472072016 513.6989482129478 
222.00035607952015 1.3643272710870945E-85 40.01463361764807 0.8697136393324385 523.5676108781277 0.0 0.0 267.0 260.6297935501505 1.9609256758307665 523.5671554468145 0.858665925745216 516.9168872986245 1.9833376693334912 1.9722387000564103 514.0555925589088 
223.0008512234836 1.882143836207642E-85 39.92558912864996 0.8667330070692201 521.7732702556705 0.0 0.0 267.0 264.7214622368836 1.9542053478224126 521.7728278685843 0.8554008667039815 514.9513217557949 1.9452571673051402 1.9717365245199332 510.8701646935348 
224.00012516286841 2.749051408864273E-85 39.92558912864996 0.8673118118016105 522.1217107045696 0.0 0.0 267.0 265.67455347770084 1.955509949707531 522.1211565719107 0.8582330747195549 516.6563109811661 1.944696261716052 1.9717365245199332 510.8701646935348 
225.00032332675534 4.04085341047198E-85 40.54362524738628 0.8655994997120209 521.0908988266362 0.0 0.0 268.0 266.2411482084756 1.9443674509508373 521.0904768548244 0.8641833668173415 520.2383868240445 1.9540119561709548 1.987900374575563 517.875842504702 
226.00003282142168 4.308617215888906E-85 40.54362524738628 0.8646819068966197 520.538507951765 0.0 0.0 269.0 261.7326183788862 1.9350858864129317 520.5381034450788 0.8416084521079779 506.64828816899785 1.9357476011475567 1.998024922092403 509.9344316866067 
227.00019590863062 8.179385463111379E-85 40.63088781524862 0.8622421608599349 519.0697808376807 0.0 0.0 267.0 263.86474679532694 1.944079667289871 519.0692711663955 0.8582663599210993 516.6763486725064 1.9581105659153433 1.9833376693334912 516.9168872986245 
228.00019937186786 1.0566682704163323E-84 40.54362524738628 0.860614464143454 518.0899074143592 0.0 0.0 266.0 262.2050178545923 1.947704632996975 518.0894323771955 0.8463128911731904 509.48036048625556 1.943061062121975 1.9452571673051402 514.9513217557949 
229.00047357302063 1.4006281532961442E-84 40.55804332163147 0.8607230110024519 518.1552526234756 0.0 0.0 266.0 265.34284294041856 1.9479504110663866 518.1548093436587 0.8471327642755033 509.973924093852 1.9219433938467456 1.944696261716052 516.6563109811661 
230.0001892859473 1.4006281532961442E-84 41.2561743671427 0.8616066924807718 518.6872288734246 0.0 0.0 267.0 264.93525238037057 1.9426471810973867 518.6867973530022 0.8437822828987744 507.9569343050581 1.9172870719966648 1.9540119561709548 520.2383868240445 
231.00037801337004 1.4006281532961442E-84 41.92903561289223 0.8618326738765585 518.8232696736883 0.0 0.0 266.0 259.28770811217777 1.950461915517305 518.8228695276031 0.8326650711236164 501.26437281641194 1.9332361586517854 1.9357476011475567 506.64828816899785 
232.000815640448 1.4006281532961442E-84 41.92903561289223 0.8596011421783002 517.4798875913366 0.0 0.0 266.0 262.49750071118314 1.945411623507348 517.4794918529542 0.8477278392809136 510.33215924711544 1.9441410217791604 1.9581105659153433 516.6763486725064 
233.00000076714846 1.0844778151425666E-84 41.91506159681775 0.8601721958138929 517.8236618799637 0.0 0.0 266.0 256.70999038327665 1.9467040620026954 517.8232804927171 0.848125954551885 510.57182464022753 1.9889051605585222 1.943061062121975 509.48036048625556 
234.00018738510053 1.048132182045576E-84 42.56838724391979 0.8596219829368134 517.492433727962 0.0 0.0 265.0 263.9322576655524 1.9528002032316503 517.4920538563873 0.8607969580543795 518.1997687487365 1.9633817151876325 1.9172870719966648 507.9569343050581 
235.00008098644426 1.048132182045576E-84 42.487820138306134 0.8588775994297261 517.0443148566956 0.0 0.0 266.0 258.2712719589203 1.9437742793785784 517.043958314702 0.8467741148430455 509.7580171355083 1.9737310048815206 1.9332361586517854 501.26437281641194 
236.0001320835007 1.2698427058705758E-84 42.732116621111 0.8594951701143385 517.4160924088318 0.0 0.0 267.0 264.43780594965483 1.9378866679250333 517.4157403359839 0.8628546072075362 519.4384735389417 1.9643124464503965 1.9441410217791604 510.33215924711544 
237.00005100606325 1.2698427058705758E-84 43.65546875777178 0.8614305851458086 518.5812122577762 0.0 0.0 267.0 263.4112922472146 1.94225047482403 518.5808767780155 0.8535260815525516 513.8227010946381 1.950647964675749 1.9889051605585222 510.57182464022753 
238.00063806636652 1.2698427058705758E-84 43.61280427208769 0.8608501159478479 518.2317698006041 0.0 0.0 267.0 260.1427262030064 1.9409417592878757 518.2314497298627 0.8359329253156748 503.2316210400327 1.9344443274855514 1.9633817151876325 518.1997687487365 
239.00012694805133 1.048132182045576E-84 43.76231265960915 0.8593826815324491 517.3483742825346 0.0 0.0 267.0 265.73370057393475 1.937633186612959 517.34806082566 0.8556937975515515 515.1276661260258 1.9385108663803163 1.9737310048815206 509.7580171355083 
240.0000920027151 1.048132182045576E-84 43.71177208297159 0.8551268287138174 514.7863508857184 0.0 0.0 267.0 264.6632366672816 1.9280377022611983 514.7860665037398 0.8567831359740964 515.7834478564109 1.9488292153882418 1.9643124464503965 519.4384735389417 
241.00050989435957 1.048132182045576E-84 43.650618419631634 0.8548601652739851 514.6258194949392 0.0 0.0 267.0 254.18754524129 1.9274364854678394 514.625541619913 0.8198588487017767 493.5550269184761 1.9416963425566904 1.950647964675749 513.8227010946381 
242.00003406091204 1.1512055594470222E-84 43.594393863982866 0.8552778296547789 514.877253452177 0.0 0.0 267.0 262.31666733700047 1.928378197706044 514.8769787875135 0.847407018722126 510.13902527072406 1.9447449925678726 1.9344443274855514 503.2316210400327 
243.00036412634975 1.1911783640752093E-84 43.81656290064738 0.8570268528487717 515.9301654149604 0.0 0.0 268.0 262.3741443487277 1.9251115788941107 515.9299031436215 0.8400096347320177 505.6858001086688 1.9273461619623227 1.9385108663803163 515.1276661260258 
244.00056762266615 1.048132182045576E-84 44.26602487095602 0.8568879916001959 515.8465709433178 0.0 0.0 268.0 263.51533148229345 1.9247997259400584 515.8463265519358 0.8450067575241595 508.69406802954774 1.9304154531279283 1.9488292153882418 515.7834478564109 
245.00006027454296 1.2698427058705758E-84 44.20311349432364 0.8576554452134983 516.3085780185255 0.0 0.0 268.0 265.466603299755 1.9265236598048106 516.3083408276889 0.847670294578561 510.2975173362944 1.9222663453454651 1.9416963425566904 493.5550269184761 
246.00019556912946 1.3536869284465378E-84 44.48494348231219 0.8559548474087085 515.2848181400425 0.0 0.0 268.0 264.7706770902375 1.922703708827122 515.2845939656683 0.8486445126355966 510.8839966066266 1.9295338978663046 1.9447449925678726 510.13902527072406 
247.00001192179684 1.048132182045576E-84 44.3980357081071 0.85485327945055 514.6216742292313 0.0 0.0 268.0 266.86528614174676 1.9202293429128785 514.6214639006514 0.8500954015690773 511.7574317445882 1.917662050180501 1.9273461619623227 505.6858001086688 
248.00036103570946 9.459896720675239E-85 44.362531483212315 0.8550797377055643 514.7580020987498 0.0 0.0 268.0 254.6137638173941 1.9207380507902774 514.7577976117941 0.8191001356049259 493.0982816341617 1.9366521049027257 1.9304154531279283 508.69406802954774 
249.00024059240727 1.0388798227809331E-84 44.3980357081071 0.8552206289638458 514.8428186362353 0.0 0.0 268.0 259.61426791761147 1.9210545752879844 514.8426261771795 0.8430129065120506 507.4937697202565 1.9547992249844663 1.9222663453454651 510.2975173362944 
250.00002587739135 9.459896720675239E-85 44.3980357081071 0.8515384956697503 512.6261743931896 0.0 0.0 269.0 264.8952480168654 1.9056728373850096 512.6259932565677 0.8543930574475701 514.3446205834363 1.9416906284052662 1.9295338978663046 510.8839966066266 
251.0000205336482 8.389103721778973E-85 44.26528711013841 0.8497468822625726 511.5476231220683 0.0 0.0 268.0 266.9781848630622 1.9087591315567176 511.54744725720013 0.8535424562357469 513.8325586539187 1.924623762490079 1.917662050180501 511.7574317445882 
252.00094697026768 0.0 0.0 0.0 0.0 0.0 0.0 268.0 266.6495997735217 0.0 0.0 0.8103582789395607 487.83568392162033 1.8295009043177362 1.917662050180501 511.7574317445882 
253.0001261271865 0.0 0.0 0.0 0.0 0.0 0.0 268.0 263.3541084636177 0.0 0.0 0.5297294206176498 318.89711121182495 1.2109061562481016 1.917662050180501 511.7574317445882 
254.00000046462924 0.0 0.0 0.0 0.0 0.0 0.0 268.0 265.1430331811045 0.0 0.0 0.22768172235616033 137.06439685840928 0.5169451190700839 1.917662050180501 511.7574317445882 
255.00021492484709 0.0 0.0 0.0 0.0 0.0 0.0 268.0 258.7397764465103 0.0 0.0 0.05776222132069487 34.772857235058126 0.13439316409955535 1.917662050180501 511.7574317445882 
256.0004341022545 0.0 0.0 0.0 0.0 0.0 0.0 268.0 267.14209235464494 0.0 0.0 0.010584689046282519 6.371982805861991 0.023852410339748536 1.917662050180501 511.7574317445882 
257.00094923865674 0.0 0.0 0.0 0.0 0.0 0.0 268.0 260.338747319511 0.0 0.0 0.002704904722602251 1.6283526430065436 0.006254745633419229 1.917662050180501 511.7574317445882 
258.0000803986496 0.0 0.0 0.0 0.0 0.0 0.0 268.0 265.3235579749347 0.0 0.0 0.0012640018045191998 0.7609290863205627 0.002867928849320075 1.917662050180501 511.7574317445882 
259.0002409809178 0.0 0.0 0.0 0.0 0.0 0.0 268.0 265.44631059040046 0.0 0.0 6.829343288721005E-4 0.4111264659809988 0.001548812131035385 0.13439316409955535 34.772857235058126 
260.0000120787399 0.0 0.0 0.0 0.0 0.0 0.0 268.0 250.23096124752317 0.0 0.0 5.482233045215176E-4 0.33003042932195353 0.0013189032551231517 0.13439316409955535 34.772857235058126 
261.00005971189563 0.0 0.0 0.0 0.0 0.0 0.0 268.0 266.50513130712784 0.0 0.0 3.4384868205245944E-4 0.20699690659557834 7.767088970494509E-4 0.023852410339748536 6.371982805861991 
262.00028573764627 0.0 0.0 0.0 0.0 0.0 0.0 268.0 257.09633701061836 0.0 0.0 6.365541635512593E-5 0.03832056064578603 1.4905136763657334E-4 0.006254745633419229 1.6283526430065436 
263.0000938585067 0.0 0.0 0.0 0.0 0.0 0.0 269.0 260.59669134412013 0.0 0.0 5.596193236877679E-6 0.003368908328600346 1.2927671150481624E-5 0.002867928849320075 0.7609290863205627 
264.0015898866714 0.0 0.0 0.0 0.0 0.0 0.0 269.0 263.62827523930133 0.0 0.0 6.657117631230938E-7 4.0075848140010416E-4 1.5201650165799804E-6 0.001548812131035385 0.4111264659809988 
265.0003337360485 0.0 0.0 0.0 0.0 0.0 0.0 269.0 267.2037515159603 0.0 0.0 3.465901053910797E-7 2.0864724344543182E-4 7.808544687778052E-7 0.0013189032551231517 0.33003042932195353 
266.00042124280634 0.0 0.0 0.0 0.0 0.0 0.0 269.0 258.57841069377764 0.0 0.0 2.2005544402513895E-7 1.324733773031339E-4 5.123141446639021E-7 7.767088970494509E-4 0.20699690659557834 
267.00008129524787 0.0 0.0 0.0 0.0 0.0 0.0 269.0 260.4708510088602 0.0 0.0 1.9739305812443914E-7 1.1883062099091369E-4 4.5621466099049804E-7 1.4905136763657334E-4 0.03832056064578603 
268.00015122319286 0.0 0.0 0.0 0.0 0.0 0.0 269.0 265.76399178747215 0.0 0.0 1.250790776522883E-7 7.529760474667775E-5 2.833250819279243E-7 1.2927671150481624E-5 0.003368908328600346 
269.000077386553 0.0 0.0 0.0 0.0 0.0 0.0 269.0 261.0450826818735 0.0 0.0 8.743737529990976E-8 5.263729993054629E-5 2.0164064915443562E-7 1.5201650165799804E-6 4.0075848140010416E-4 
270.0001094613005 0.0 0.0 0.0 0.0 0.0 0.0 269.0 265.876217011184 0.0 0.0 3.034215079746682E-8 1.8265974780075E-5 6.870104812461149E-8 7.808544687778052E-7 2.0864724344543182E-4 
271.0002626147261 0.0 0.0 0.0 0.0 0.0 0.0 269.0 259.5463330731759 0.0 0.0 1.072305498503314E-9 6.455279100989941E-7 2.4871393960977113E-9 5.123141446639021E-7 1.324733773031339E-4 
272.0004165463961 0.0 0.0 0.0 0.0 0.0 0.0 269.0 261.1120452057391 0.0 0.0 3.023798524580829E-12 1.820326711797675E-9 6.971439063117051E-12 4.5621466099049804E-7 1.1883062099091369E-4 
273.0002010639625 0.0 0.0 0.0 0.0 0.0 0.0 269.0 265.00463792721155 0.0 0.0 6.688813637679936E-13 4.02666580988335E-10 1.5194699388579565E-12 2.833250819279243E-7 7.529760474667775E-5 
274.0008673273251 0.0 0.0 0.0 0.0 0.0 0.0 268.0 259.46926940612764 0.0 0.0 -1.9185682748294734E-12 -1.1549781014473393E-9 -4.451309799001821E-12 2.0164064915443562E-7 5.263729993054629E-5 
275.00057481344675 0.0 0.0 0.0 0.0 0.0 0.0 267.0 272.3993089952297 0.0 0.0 -8.445391589158347E-13 -5.084125736673378E-10 -1.86642387435807E-12 6.870104812461149E-8 1.8265974780075E-5 
276.00009211935475 0.0 0.0 0.0 0.0 0.0 0.0 268.0 268.0138175805761 0.0 0.0 -3.7845756585513155E-14 -2.278314546447912E-11 -8.500735398699943E-14 2.4871393960977113E-9 6.455279100989941E-7 
277.0000803399817 0.0 0.0 0.0 0.0 0.0 0.0 268.0 266.4819392651313 0.0 0.0 -1.6454741248344423E-15 -9.905754231503314E-13 -3.717232867195464E-15 6.971439063117051E-12 1.820326711797675E-9 
278.00004099884086 0.0 0.0 0.0 0.0 0.0 0.0 267.0 273.77791314273475 0.0 0.0 -5.548395258519902E-16 -3.3401339456289857E-13 -1.2200158541962438E-15 1.5194699388579565E-12 4.02666580988335E-10 
279.0009393045391 0.0 0.0 0.0 0.0 0.0 0.0 268.0 267.46079190814396 0.0 0.0 -5.730565533674751E-16 -3.4498004512722183E-13 -1.2898340824688086E-15 -4.451309799001821E-12 -1.1549781014473393E-9 
280.00006806903576 0.0 0.0 0.0 0.0 0.0 0.0 267.0 268.4089886062699 0.0 0.0 -5.023546740809408E-16 -3.0241751379672346E-13 -1.1267041218218695E-15 -1.86642387435807E-12 -5.084125736673378E-10 
281.00015433875825 0.0 0.0 0.0 0.0 0.0 0.0 269.0 267.65789027716585 0.0 0.0 -1.933177445052009E-16 -1.163772821921307E-13 -4.347986232411059E-16 -8.500735398699943E-14 -2.278314546447912E-11 
282.00017755549766 0.0 0.0 0.0 0.0 0.0 0.0 269.0 265.864050079038 0.0 0.0 -1.3964578628457558E-16 -8.406676334331505E-14 -3.162020713907092E-16 -3.717232867195464E-15 -9.905754231503314E-13 
283.0000728854755 0.0 0.0 0.0 0.0 0.0 0.0 269.0 260.1429154774993 0.0 0.0 -2.142146374431191E-18 -1.28957211740759E-15 -4.9571679284079134E-18 -1.2200158541962438E-15 -3.3401339456289857E-13 
284.0000133575741 0.0 0.0 0.0 0.0 0.0 0.0 271.0 264.2429536458085 0.0 0.0 -2.0224363712104463E-22 -1.2175066954686843E-19 -4.607527575174744E-22 -1.2898340824688086E-15 -3.4498004512722183E-13 
285.00008359117436 0.0 0.0 0.0 0.0 0.0 0.0 271.0 258.86880347261973 0.0 0.0 -6.350175182599068E-23 -3.8228054599246975E-20 -1.476734704469336E-22 -1.1267041218218695E-15 -3.0241751379672346E-13 
286.0000972062109 0.0 0.0 0.0 0.0 0.0 0.0 270.0 264.5622496362214 0.0 0.0 -4.943666176927447E-27 -2.9760870385103363E-24 -1.124909938059008E-26 -4.347986232411059E-16 -1.163772821921307E-13 
287.0000903495624 0.0 0.0 0.0 0.0 0.0 0.0 270.0 260.32345526905254 0.0 0.0 -1.8929028313624134E-29 -1.1395275044801617E-26 -4.377352410686251E-29 -3.162020713907092E-16 -8.406676334331505E-14 
288.00119069219824 0.0 0.0 0.0 0.0 0.0 0.0 270.0 259.4858612012041 0.0 0.0 2.2965139399345366E-34 1.3825013918406082E-31 5.327848636687851E-34 -4.9571679284079134E-18 -1.28957211740759E-15 
289.000338716126 0.0 0.0 0.0 0.0 0.0 0.0 270.0 265.39356549027013 0.0 0.0 1.7188150874191298E-35 1.0347266826263037E-32 3.8988386199749026E-35 -4.607527575174744E-22 -1.2175066954686843E-19 
290.00057960145836 0.0 0.0 0.0 0.0 0.0 0.0 270.0 267.964047524066 0.0 0.0 1.9146323443504663E-36 1.1526086712989856E-33 4.301355655539832E-36 -4.607527575174744E-22 -1.2175066954686843E-19 
291.00056465579104 0.0 0.0 0.0 0.0 0.0 0.0 270.0 259.53660565884536 0.0 0.0 1.477519739150425E-36 8.894668829685583E-34 3.4271346067372905E-36 -4.607527575174744E-22 -1.2175066954686843E-19 
292.00071856222405 0.0 0.0 0.0 0.0 0.0 0.0 270.0 264.738295898866 0.0 0.0 1.4914846570581385E-36 8.97873763549001E-34 3.391552251631937E-36 -4.377352410686251E-29 -1.1395275044801617E-26 
293.00000178290696 0.0 0.0 0.0 0.0 0.0 0.0 270.0 267.24991973863905 0.0 0.0 1.4994797967281995E-36 9.026868376303725E-34 3.377687965306662E-36 5.327848636687851E-34 1.3825013918406082E-31 
294.0001633399651 0.0 0.0 0.0 0.0 0.0 0.0 270.0 259.8239356431199 0.0 0.0 1.371974477232894E-36 8.259286352941908E-34 3.1788011880038706E-36 3.8988386199749026E-35 1.0347266826263037E-32 
295.0003293509714 0.0 0.0 0.0 0.0 0.0 0.0 270.0 256.7425049945988 0.0 0.0 1.1776842864850145E-36 7.089659404639826E-34 2.761389044166635E-36 4.301355655539832E-36 1.1526086712989856E-33 
296.0014845423605 0.0 0.0 0.0 0.0 0.0 0.0 269.0 261.3486210681593 0.0 0.0 6.879004051132392E-37 4.141160438781743E-34 1.5845350252304317E-36 3.4271346067372905E-36 8.894668829685583E-34 
297.00002144629474 0.0 0.0 0.0 0.0 0.0 0.0 269.0 263.9458835615207 0.0 0.0 1.505133988204858E-37 9.060906608993176E-35 3.432865285387659E-37 3.391552251631937E-36 8.97873763549001E-34 
298.0001188661989 0.0 0.0 0.0 0.0 0.0 0.0 269.0 266.55105593957745 0.0 0.0 6.866527473164185E-43 4.133649538844871E-40 1.5507909073081663E-42 3.377687965306662E-36 9.026868376303725E-34 
299.00042317859504 0.0 0.0 0.0 0.0 0.0 0.0 268.0 266.7800165156137 0.0 0.0 9.27620899399633E-47 5.584277814385836E-44 2.0932144346197715E-46 3.1788011880038706E-36 8.259286352941908E-34 
300.0000110501708 0.0 0.0 0.0 0.0 0.0 0.0 268.0 264.51354664344535 0.0 0.0 1.196704297545137E-51 7.204159871221709E-49 2.723550442931626E-51 2.761389044166635E-36 7.089659404639826E-34 
#####################################################################
# End of data export. Simulation finished at: 2021-12-09T08:54+0000 #
#####################################################################
