#####################################################################
# Alchemist log file - simulation started at: 2021-12-09T08:43+0000 #
#####################################################################
# random = 24.0
#
# The columns have the following meaning: 
# time localWarningInSystem[Min] localWarningInSystem[Max] localWarningInSystem[Mean] localWarningInSystem[Sum] meanWarningAtDetector[Sum] dataAtCollector[Sum] inSurveillanceArea[Sum] numDevicesAtDetector[Sum] localWarningInSurveillanceArea[Mean] localWarningInSurveillanceArea[Sum] sumWarningAtDetector[Mean] sumWarningAtDetector[Sum] meanWarningOverallAtDetector[Sum] meanWarningAtCollector[Sum] sumWarningAtCollector[Sum] 
0.0 0.0 0.0 0.0 0.0 0.0 0.0 0.0 0.0 0.0 0.0 0.0 0.0 0.0 0.0 0.0 
1.005146584556465 0.0 0.0 0.0 0.0 0.0 0.0 48.0 1.0 0.0 0.0 0.0 0.0 0.0 0.0 0.0 
2.0 0.0 0.0 0.0 0.0 0.0 0.0 245.0 11.601303477863883 0.0 0.0 0.0 0.0 0.0 0.0 0.0 
3.0001710295260513 0.0 0.0 0.0 0.0 0.0 0.0 263.0 56.18134827710776 0.0 0.0 0.0 0.0 0.0 0.0 0.0 
4.000047166702877 0.0 0.0 0.0 0.0 0.0 0.0 265.0 136.8526837295558 0.0 0.0 0.0 0.0 0.0 0.0 0.0 
5.000467296093953 0.0 0.0 0.0 0.0 0.0 0.0 265.0 200.11976850710948 0.0 0.0 0.0 0.0 0.0 0.0 0.0 
6.000123259975268 0.0 0.0 0.0 0.0 0.0 0.0 266.0 234.18278150480177 0.0 0.0 0.0 0.0 0.0 0.0 0.0 
7.000780724940837 0.0 0.0 0.0 0.0 0.0 0.0 265.0 248.17276452379602 0.0 0.0 0.0 0.0 0.0 0.0 0.0 
8.000303571040751 0.0 0.0 0.0 0.0 0.0 0.0 266.0 256.1394097997205 0.0 0.0 0.0 0.0 0.0 0.0 0.0 
9.000401977470643 0.0 0.0 0.0 0.0 0.0 0.0 266.0 260.7419334208799 0.0 0.0 0.0 0.0 0.0 0.0 0.0 
10.000826274761582 0.0 0.0 0.0 0.0 0.0 0.0 266.0 259.21610192179406 0.0 0.0 0.0 0.0 0.0 0.0 0.0 
11.000303239006547 0.0 0.0 0.0 0.0 0.0 0.0 266.0 261.17422205368234 0.0 0.0 0.0 0.0 0.0 0.0 0.0 
12.000960660277947 0.0 0.0 0.0 0.0 0.0 0.0 267.0 259.92941578006463 0.0 0.0 0.0 0.0 0.0 0.0 0.0 
13.000296556409891 0.0 0.0 0.0 0.0 0.0 0.0 266.0 263.1797504834013 0.0 0.0 0.0 0.0 0.0 0.0 0.0 
14.000033641379215 0.0 0.0 0.0 0.0 0.0 0.0 266.0 260.7722568752613 0.0 0.0 0.0 0.0 0.0 0.0 0.0 
15.00092449065777 0.0 0.0 0.0 0.0 0.0 0.0 266.0 262.1168507141701 0.0 0.0 0.0 0.0 0.0 0.0 0.0 
16.00107115979007 0.0 0.0 0.0 0.0 0.0 0.0 269.0 259.0632133571574 0.0 0.0 0.0 0.0 0.0 0.0 0.0 
17.000011101867035 0.0 0.0 0.0 0.0 0.0 0.0 267.0 260.42379377349204 0.0 0.0 0.0 0.0 0.0 0.0 0.0 
18.0001965336113 0.0 0.0 0.0 0.0 0.0 0.0 269.0 263.50412415608605 0.0 0.0 0.0 0.0 0.0 0.0 0.0 
19.000634119322566 0.0 0.0 0.0 0.0 0.0 0.0 269.0 263.3539943732234 0.0 0.0 0.0 0.0 0.0 0.0 0.0 
20.00047213999955 0.0 0.0 0.0 0.0 0.0 0.0 268.0 262.6173208627909 0.0 0.0 0.0 0.0 0.0 0.0 0.0 
21.0001558212439 0.0 0.0 0.0 0.0 0.0 0.0 267.0 256.83562196819753 0.0 0.0 0.0 0.0 0.0 0.0 0.0 
22.000153031089365 0.0 0.0 0.0 0.0 0.0 0.0 267.0 259.19741865794816 0.0 0.0 0.0 0.0 0.0 0.0 0.0 
23.000316105181717 0.0 0.0 0.0 0.0 0.0 0.0 267.0 265.9870543002857 0.0 0.0 0.0 0.0 0.0 0.0 0.0 
24.001019602658722 0.0 0.0 0.0 0.0 0.0 0.0 268.0 268.4744798315534 0.0 0.0 0.0 0.0 0.0 0.0 0.0 
25.000182607508318 0.0 0.0 0.0 0.0 0.0 0.0 269.0 267.18490267547224 0.0 0.0 0.0 0.0 0.0 0.0 0.0 
26.000342622954328 0.0 0.0 0.0 0.0 0.0 0.0 269.0 259.47553698523524 0.0 0.0 0.0 0.0 0.0 0.0 0.0 
27.000329925797875 0.0 0.0 0.0 0.0 0.0 0.0 269.0 257.49068376436463 0.0 0.0 0.0 0.0 0.0 0.0 0.0 
28.00017704296132 0.0 0.0 0.0 0.0 0.0 0.0 269.0 262.6380737090876 0.0 0.0 0.0 0.0 0.0 0.0 0.0 
29.000116074172567 0.0 0.0 0.0 0.0 0.0 0.0 269.0 262.87171325885186 0.0 0.0 0.0 0.0 0.0 0.0 0.0 
30.000034691372907 0.0 0.0 0.0 0.0 0.0 0.0 269.0 263.5823848760781 0.0 0.0 0.0 0.0 0.0 0.0 0.0 
31.000365269206103 1.7685221349160302E-91 46.656742465401216 1.3456204838317825 810.0635312667326 0.0 0.0 270.0 266.03888090620586 3.000068786698448 810.018572408581 0.006663179382621545 4.011233988338217 0.015077623145439444 0.0 0.0 
32.00004029391783 2.154863927987024E-91 46.656742465401216 1.3520350313703295 813.9250888849382 0.0 0.0 270.0 258.93129642980546 3.014375683258722 813.8814344798546 0.1992731615991684 119.96244328269869 0.4632983534117503 0.0 0.0 
33.00056844880022 2.154863927987024E-91 46.656742465401216 1.354479272920695 815.3965222982583 0.0 0.0 269.0 261.19761198244225 3.0310558386581707 815.3540205990478 0.6720843987701749 404.59480805964296 1.548998878622366 0.0 0.0 
34.000788527895395 2.3627795234367892E-91 46.64404319188517 1.3559851501804228 816.3030604086149 0.0 0.0 269.0 265.61432549589216 3.0344267603328037 816.260798529524 1.1084999276026535 667.3169564168027 2.5123530335607707 0.0 0.0 
35.000626751927605 2.0565796644332006E-91 46.64404319188517 1.3543450737156766 815.3157343768378 0.0 0.0 269.0 255.16447361961275 3.030756112906433 815.2733943718305 1.273044717344809 766.3729198415696 3.0034467924560784 0.0 0.0 
36.00147903654585 2.0565796644332006E-91 46.656742465401216 1.35397515775142 815.0930449663553 0.0 0.0 271.0 254.506828093698 3.007567696021431 815.0508456218079 1.307990110990675 787.410046816382 3.093866096694635 0.0 0.0 
37.000030024178876 2.471162505928523E-91 46.656742465401216 1.3554695562919254 815.9926728877385 0.0 0.0 268.0 264.7979279190854 3.0445922954924516 815.9507351919766 1.3507638780263016 813.1598545718408 3.0708694020457705 0.0 0.0 
38.00023711594141 3.7306731634399054E-91 46.60285914623101 1.354620896798944 815.4817798729644 0.0 0.0 268.0 266.13798250546097 3.0426870297375013 815.4401239696504 1.3489847757324098 812.0888349908985 3.0513826975983593 0.0 0.0 
39.00022654901311 3.5640976647637194E-91 46.48262379764528 1.355538605181522 816.0342403192763 0.0 0.0 269.0 262.35004206762017 3.0334302647307685 815.9927412125767 1.32532158759061 797.8435957295364 3.0411414819742775 0.0 0.0 
40.00067699324477 3.2244810532766593E-91 46.77093178826198 1.3567091821935922 816.7389276805429 0.0 0.0 268.0 265.98198980971495 3.047159786344051 816.6388227402061 1.345446562160114 809.9588304203858 3.0451641894995785 0.0 0.0 
41.00026137374697 4.193093177819056E-91 46.73119338755585 1.3573795264290651 817.1424749102973 0.0 0.0 268.0 263.4441978569049 3.0486676105834727 817.0429196363705 1.3304905629167056 800.955318875851 3.040322487234683 3.0708694020457705 813.1598545718408 
42.00030689109798 4.364604503827322E-91 46.5632635464122 1.3574676675424318 817.195535860544 0.0 0.0 268.0 256.5184971231794 3.0488713067609967 817.0975102119473 1.3087525614606952 787.8690419993316 3.0713927098247398 3.0513826975983593 812.0888349908985 
43.00003562771136 5.237237924553024E-91 46.5632635464122 1.3579066064773684 817.4597770993762 0.0 0.0 268.0 266.6412775088377 3.0498580396364687 817.361954622574 1.3592002154394267 818.2385296945464 3.068686653991246 3.0411414819742775 797.8435957295364 
44.0001976203227 7.761644608145648E-91 46.79354320264297 1.3589512665705707 818.0886624754833 0.0 0.0 268.0 265.3977687171173 3.052216487035412 817.99401852549 1.3539172352924207 815.0581756460432 3.071081492455195 3.0451641894995785 809.9588304203858 
45.00001765158683 7.162035624741222E-91 46.79354320264297 1.3607080486345378 819.1462452779912 0.0 0.0 270.0 269.4761786139425 3.033746431241955 819.1115364353277 1.3720855527638611 825.9955027638553 3.0651893128824366 3.040322487234683 800.955318875851 
46.000324706630764 6.094952151701541E-91 46.79354320264297 1.3603125623934915 818.9081625608818 0.0 0.0 270.0 264.64189030535834 3.0328652472372744 818.8736167540644 1.3560838471345193 816.3624759749831 3.0847817593541946 3.0713927098247398 787.8690419993316 
47.00029861922567 5.508357409970585E-91 46.273921921922344 1.3565337299796896 816.6333054477735 0.0 0.0 270.0 265.75739112989385 3.0244416944455197 816.5992575002912 1.368028128433064 823.5529333167009 3.098890043340974 3.0713927098247398 787.8690419993316 
48.0000494071278 7.158574810683719E-91 46.0316204297934 1.3546025568194797 815.4707392053269 0.0 0.0 270.0 258.5410648003799 3.0201442971596553 815.438960233107 1.3210074916977104 795.2465100020289 3.0759001886839155 3.0713927098247398 787.8690419993316 
49.00016304400744 9.301517687747664E-91 46.12992604200745 1.3543041032910486 815.2910701812112 0.0 0.0 270.0 265.77080532161153 3.0194827177535988 815.2603337934721 1.3608252157344554 819.2167798721479 3.0824182471088446 3.0713927098247398 787.8690419993316 
50.00003310454426 9.447076767153022E-91 46.12992604200745 1.3511941033406134 813.4188502110491 0.0 0.0 269.0 267.57760506811076 3.023752592896328 813.3894474891117 1.365842212831941 822.2370121248233 3.0728917388864674 3.0847817593541946 816.3624759749831 
51.00008669338308 9.447076767153022E-91 46.34879193254411 1.3521093689343051 813.969840098452 0.0 0.0 269.0 264.30494222195506 3.025802388913645 813.9408426177707 1.3353089801385711 803.8560060434108 3.0413960453617155 3.098890043340974 823.5529333167009 
52.00096250088011 9.447076767153022E-91 46.34879193254411 1.3511765611646245 813.4082898211033 0.0 0.0 269.0 261.359297872819 3.0237168685947973 813.379837652 1.3178471992301644 793.3440139365649 3.0354535705962022 3.0759001886839155 795.2465100020289 
53.00171195069645 1.4933724185020406E-90 46.266467279424994 1.3464593450749585 810.5685257351255 0.0 0.0 269.0 261.4870433820786 3.01316322681868 810.5409080142248 1.3289709407967039 800.0405063596129 3.059579916510865 3.0824182471088446 819.2167798721479 
54.000519567639465 1.7886861840070046E-90 46.266467279424994 1.3491641890529649 812.1968418098849 0.0 0.0 269.0 266.6715678015462 3.019218677187735 812.1698241635007 1.3471638550199567 810.9926407220179 3.0411665083303854 3.0824182471088446 819.2167798721479 
55.00005789440035 1.8626356225527337E-90 46.361410821209425 1.3539939380669224 815.1043507162871 0.0 0.0 269.0 268.43444410397416 3.030027744857799 815.0774633667479 1.3501015652630106 812.7611422883302 3.0277826118823974 3.0413960453617155 803.8560060434108 
56.00004534608433 2.756033438755762E-90 46.04415296550869 1.3541397676561227 815.1921401289856 0.0 0.0 270.0 266.2249566389165 3.019131556446322 815.1655202405069 1.3454132147002742 809.9387552495577 3.042309652239273 3.0824182471088446 819.2167798721479 
57.00051051587423 2.756033438755762E-90 46.0981585918919 1.3532312367401838 814.6452045175903 0.0 0.0 268.0 273.61692419325294 3.039470141894986 814.5779980278559 1.3848411619628356 833.6743795016346 3.0468670092673746 3.0824182471088446 819.2167798721479 
58.000202856185886 2.869848246867565E-90 46.18813770224937 1.351485743622996 813.5944176610433 0.0 0.0 268.0 264.0392341796046 3.0355564594887237 813.5291311429778 1.3469119486020968 810.8409930584697 3.0709110166064186 3.0824182471088446 819.2167798721479 
59.000168026899864 2.869848246867565E-90 46.18813770224937 1.348951422420033 812.0687562968594 0.0 0.0 269.0 254.69855261154981 3.018753942268012 812.0448104700951 1.3072865662368158 786.986512874566 3.0898743035843954 3.0824182471088446 819.2167798721479 
60.000163793853986 2.5414272162904238E-90 46.18813770224937 1.3487752437131508 811.9626967153168 0.0 0.0 268.0 266.9472781561148 3.0294770235569977 811.8998423132756 1.3611933625895407 819.4384042789056 3.0696638300229666 3.0824182471088446 819.2167798721479 
61.000421606209635 2.490370202205451E-90 46.08151503985231 1.3494454055783218 812.3661341581499 0.0 0.0 268.0 270.05026847999346 3.030987891858339 812.3047550180352 1.37867741061943 829.9638011929081 3.073367806166042 3.0824182471088446 819.2167798721479 
62.00035028997862 2.2043471214920336E-90 46.37042641644536 1.350130641015062 812.7786458910675 0.0 0.0 267.0 266.0009905616523 3.0438860831786814 812.7175842087081 1.3615782769101616 819.67012269991 3.0814551516112916 3.0413960453617155 803.8560060434108 
63.000124429646306 3.624574602868818E-90 46.27160828358621 1.3492409332566433 812.2430418204983 0.0 0.0 267.0 267.4703063737829 3.041884667747702 812.183206288636 1.3743474646718477 827.3571737324502 3.0932673796553694 3.0413960453617155 803.8560060434108 
64.00039852918682 3.2735526074991856E-90 46.56326354631846 1.3460364911351048 810.3139676633338 0.0 0.0 268.0 264.934193771994 3.0234892685719688 810.2951239772875 1.3478889462344672 811.4291456331415 3.062757336380175 3.0413960453617155 803.8560060434108 
65.0005317477602 3.409799858885023E-90 46.375836615151904 1.347011207695144 810.9007470324768 0.0 0.0 268.0 263.82467234112676 3.025680185447507 810.8822896999318 1.3357625214700741 804.1290379249881 3.047967541433141 3.0413960453617155 803.8560060434108 
66.00062455527804 3.0790645069917764E-90 45.968242756217826 1.3438514475538685 808.9985714274289 0.0 0.0 269.0 262.1412428584067 3.0073643782075132 808.9810177378208 1.326714851096557 798.6823403601227 3.04676338469763 3.0413960453617155 803.8560060434108 
67.00013426959309 2.8958417229806854E-90 45.70849270085637 1.343069285770247 808.527710033688 0.0 0.0 269.0 256.6003757704208 3.005615968068783 808.5106954105022 1.317131643192389 792.9132492018205 3.0900704912109576 3.0413960453617155 803.8560060434108 
68.00004840204588 4.281096432633399E-90 45.83258163663856 1.3438626536450746 809.0053174943348 0.0 0.0 269.0 261.1807890996009 3.0073932231071128 808.9887770158131 1.3210889661080556 795.2955575970478 3.0450002097733275 3.0413960453617155 803.8560060434108 
69.00012624766175 5.848899928533664E-90 45.83258163663856 1.3456302083570393 810.0693854309371 0.0 0.0 270.0 265.0017594888234 3.0001976893020808 810.0533761115615 1.3280557226271013 799.4895450215038 3.0169216482323873 3.0413960453617155 803.8560060434108 
70.00016173119349 5.152696984349717E-90 45.98969960913014 1.344088294170031 809.1411530903588 0.0 0.0 269.0 266.2328340059441 3.007902340419567 809.1257295728636 1.3279018878843818 799.3969365063869 3.002623397264888 3.0413960453617155 803.8560060434108 
71.00054156035307 5.259797279835138E-90 46.15171476250032 1.3430991300934116 808.5456763162329 0.0 0.0 270.0 258.086004706049 2.9945568680570904 808.530354375414 1.3020007579726618 783.8044562995467 3.036989383412219 3.0413960453617155 803.8560060434108 
72.00051600920462 5.259797279835138E-90 46.36141082130093 1.3436211292715143 808.8599198214516 0.0 0.0 270.0 267.6170004289092 2.995722346463217 808.8450335450689 1.3380579133616777 805.5108638437346 3.009939064232631 3.0413960453617155 803.8560060434108 
73.00003811337224 7.280731769373691E-90 46.36141082130093 1.3432815964865685 808.6555210849158 0.0 0.0 269.0 260.8900457552619 3.006101411235836 808.6412796224408 1.302379270252674 784.0323206921132 3.005221293217164 3.0413960453617155 803.8560060434108 
74.0003436095955 6.56832696661273E-90 46.36141082130093 1.3433879481878062 808.7195448090602 0.0 0.0 270.0 265.23238957120566 2.99520479547194 808.7052947774238 1.3143293376375849 791.2262612578191 2.983143433337739 3.0413960453617155 803.8560060434108 
75.00051263404745 7.502921559710376E-90 46.25747189662923 1.3406453138849848 807.06847895876 0.0 0.0 270.0 267.2944018457248 2.9890899914762037 807.0542976985746 1.3344981210371307 803.3678688643627 3.005554412351835 3.047967541433141 804.1290379249881 
76.00111726053676 1.0687451154995626E-89 46.25747189662923 1.343800540117742 808.9679251508808 0.0 0.0 270.0 267.70297286932015 2.996125632777627 808.9539208499596 1.329607741770516 800.4238605458406 2.9899700102940936 3.047967541433141 804.1290379249881 
77.00003962911767 1.2748655554655291E-89 46.89503912729152 1.3454499798604374 809.960887875984 0.0 0.0 270.0 263.5212901352924 2.9998051663180383 809.9473949058709 1.309355792572157 788.2321871284441 2.991151822016976 3.047967541433141 804.1290379249881 
78.0000567479391 1.5884920512108992E-89 47.31663354829936 1.3444415759346326 809.3538287126486 0.0 0.0 270.0 266.052996502805 2.997557860697911 809.3406223884356 1.3259940522392026 798.2484194479913 3.000336135810353 3.047967541433141 804.1290379249881 
79.00092819625637 1.4888467656174411E-89 47.576006117408575 1.3468421692305024 810.7989858767618 0.0 0.0 270.0 265.7112888748635 3.002910169297123 810.7857457102228 1.3204022103828434 794.8821306504635 2.9915256292509746 3.047967541433141 804.1290379249881 
80.0001758730592 1.2863625467098389E-89 47.576006117408575 1.3434758651274348 808.772470806716 0.0 0.0 269.0 253.76979410665749 3.0065422271728806 808.759859109505 1.2733431814417087 766.5525952279133 3.020661296299658 3.047967541433141 804.1290379249881 
81.00003343795683 2.3035893748612473E-89 47.5339992011562 1.3410311342481658 807.3007428173955 0.0 0.0 270.0 258.68919270024264 2.989956502561828 807.288255691693 1.2963144669940592 780.3813091304307 3.01667534304265 3.047967541433141 804.1290379249881 
82.00001765060196 3.1828405722237694E-89 47.5339992011562 1.3403278642653833 806.877374287761 0.0 0.0 271.0 257.9278801653713 2.977362219132099 806.8651613847987 1.2997074028670161 782.4238565259532 3.033498573416335 3.047967541433141 804.1290379249881 
83.00000391980605 2.8663059054719742E-89 47.5339992011562 1.340981764136067 807.2710220099124 0.0 0.0 270.0 261.98054477068956 2.989848496536565 807.2590940648727 1.3287227569915943 799.8910997089465 3.053246188220151 3.047967541433141 804.1290379249881 
84.00003677354951 2.927053489081363E-89 47.63974776529563 1.3409906688266529 807.2763826336449 0.0 0.0 270.0 265.7192492694791 2.9898703470671406 807.2649937081278 1.3413493552714635 807.4923118734273 3.0388927941554926 3.047967541433141 804.1290379249881 
85.00095642315601 2.927053489081363E-89 47.72345544440229 1.3431625637495062 808.5838633772021 0.0 0.0 269.0 267.0029150906259 3.005847546855366 808.5729901040932 1.341029808794659 807.2999448943948 3.0235622881509805 3.047967541433141 804.1290379249881 
86.00008225214904 2.927053489081363E-89 47.9315046545189 1.3408623871546579 807.199157067104 0.0 0.0 270.0 264.6510164247016 2.9895866752298996 807.1884023120731 1.330434269338014 800.9214301414911 3.0263304519344967 3.047967541433141 804.1290379249881 
87.00073863896124 4.3128385423588204E-89 48.046678418910346 1.3399510264422025 806.6505179182057 0.0 0.0 268.0 264.89954226073047 3.0098501378023648 806.6398369310335 1.3402896621742373 806.854376628903 3.045888149684861 3.047967541433141 804.1290379249881 
88.00039584086255 4.705593170834461E-89 48.18380676756483 1.3388179326122873 805.9683954325966 0.0 0.0 269.0 265.0641478732162 2.996125827256192 805.9578475319151 1.3349730351520266 803.653767161511 3.031921795571952 3.053246188220151 799.8910997089465 
89.00091613880888 7.883341306019904E-89 48.18380676756483 1.3397225965548327 806.5130031260095 0.0 0.0 269.0 259.52614238575575 2.9981513385278533 806.5027100639924 1.316567329790664 792.5735325339881 3.053925609374329 3.0388927941554926 807.4923118734273 
90.00011301080563 1.1153730988759724E-88 48.18380676756483 1.3351326228373641 803.7498389480933 0.0 0.0 269.0 266.45594663829394 2.9878805964592328 803.7398804475336 1.3337196039500627 802.8992015779327 3.013253078820735 3.0235622881509805 807.2999448943948 
91.00000967630162 1.575840793058571E-88 48.2084403412262 1.3337713705149137 802.9303650499776 0.0 0.0 269.0 249.44514918062197 2.984834453544846 802.9204680035632 1.2830227661375357 772.3797052148062 3.0963909611067644 3.0263304519344967 800.9214301414911 
92.00060910587071 1.609542661973913E-88 48.26954305587084 1.3361316869267903 804.3512755299275 0.0 0.0 268.0 260.71711463381865 3.00127473352081 804.3416285835766 1.3294152684473621 800.3079916053018 3.0696411807462165 3.0263304519344967 800.9214301414911 
93.00092463975855 1.5093313594883568E-88 48.41456911535289 1.3383059576954566 805.6601865326654 0.0 0.0 268.0 262.05065684483515 3.006159982513471 805.6508753136109 1.3322234875172863 801.9985394854158 3.060471395651923 3.031921795571952 803.653767161511 
94.0003100423499 2.0812575451050696E-88 48.33394537200448 1.3376776864991284 805.2819672724756 0.0 0.0 268.0 265.59385335067606 3.0047505052373418 805.2731354036082 1.3313366868517835 801.4646854847672 3.017632657434115 3.053925609374329 792.5735325339881 
95.000184708542 2.3093643189652844E-88 48.33394537200448 1.3334480253528405 802.7357112624095 0.0 0.0 268.0 264.9021130250379 2.995250020852718 802.7270055885285 1.324822174615417 797.5429491184778 3.0107081442687322 3.053925609374329 792.5735325339881 
96.00020691224215 2.3093643189652844E-88 48.38230349239171 1.3330456496209278 802.4934810717982 0.0 0.0 268.0 263.4711027706579 2.994346361706089 802.484824937231 1.3272939709157436 799.030970491285 3.0327081873066457 3.053925609374329 792.5735325339881 
97.0001595928402 2.3695105413529015E-88 48.38230349239171 1.331769223263692 801.7250724047423 0.0 0.0 268.0 259.5753769596269 2.991480594103634 801.7167992197739 1.2976075359516397 781.1597366428878 3.0093753336410853 3.053925609374329 792.5735325339881 
98.00071766262485 2.936560406515311E-88 48.38230349239171 1.3307489460269513 801.1108655082243 0.0 0.0 269.0 258.4680760398463 2.9780772110070663 801.1027697609009 1.2894280203702984 776.2356682629287 3.0032168001407706 3.053925609374329 792.5735325339881 
99.00019877584637 4.599281417974258E-88 48.58026846840037 1.3325955564518568 802.222524984018 0.0 0.0 268.0 262.95240132556876 2.9933387106501925 802.2147744542516 1.3053202810558955 785.8028091956398 2.9883842293674867 3.053925609374329 792.5735325339881 
100.000633150911 4.599281417974258E-88 48.70998873444105 1.3326093107453187 802.2308050686814 0.0 0.0 267.0 257.23320310194157 3.0045823259918913 802.223481039835 1.2965052037545648 780.4961326602516 3.0341966870853017 3.053925609374329 792.5735325339881 
101.00001099265661 7.6751586683118E-88 48.97591080408113 1.3319808442817078 801.8524682575891 0.0 0.0 267.0 259.2765102316625 3.003165712144927 801.8452451426964 1.2993211479988125 782.1913310952946 3.016822967867046 3.0327081873066457 799.030970491285 
102.00017855951074 6.899584476515282E-88 49.165650920314036 1.331139293775105 801.3458548526135 0.0 0.0 268.0 266.94161991771244 2.9900700538797125 801.3387744397633 1.3448924698468054 809.6252668477681 3.032967534614286 3.0327081873066457 799.030970491285 
103.00019130512636 8.358769179833907E-88 49.1664703546616 1.3291892390538347 800.1719219104086 0.0 0.0 267.0 262.4498166058036 2.9968722732426545 800.1648969557893 1.32340971484285 796.6926483354033 3.0355999430246348 3.0327081873066457 799.030970491285 
104.00002494247465 6.472024509927615E-88 49.10532346866522 1.3268673473464698 798.7741431025748 0.0 0.0 268.0 257.8071647500195 2.980475718237579 798.7674924876715 1.3014777577598486 783.4896101714265 3.0390528941704567 2.9883842293674867 785.8028091956398 
105.00004422706023 6.070487815479711E-88 49.10532346866522 1.3237475745099843 796.8960398550103 0.0 0.0 267.0 262.948352176019 2.984605679931176 796.8897165416239 1.324842390423753 797.5551190351059 3.033124613388786 2.9883842293674867 785.8028091956398 
106.0001941875543 7.20001717237762E-88 49.10532346866522 1.3213459601870003 795.4502680325745 0.0 0.0 267.0 265.1210696392487 2.979192294029785 795.4443425059529 1.3389954174599845 806.0752413109041 3.040404304372089 2.9883842293674867 785.8028091956398 
107.00043728630325 6.333270341847678E-88 49.10532346866522 1.3182660968478954 793.596190302433 0.0 0.0 268.0 265.49897826653694 2.961158181159317 793.5903925506972 1.3382156917491057 805.6058464329528 3.0343086504242494 2.9883842293674867 785.8028091956398 
108.00014290566487 5.57272081418213E-88 49.19543246968277 1.316873542627998 792.7578726620553 0.0 0.0 269.0 264.06854077817405 2.947033714010423 792.7520690688038 1.3248433758490568 797.5557122611425 3.020260232100554 2.9883842293674867 785.8028091956398 
109.00103971880279 5.57272081418213E-88 49.19543246968277 1.3158379258155497 792.1344313409609 0.0 0.0 268.0 263.3650682464844 2.9557039806957963 792.1286668264742 1.317397310248622 793.0731807696641 3.011307407053026 2.9883842293674867 785.8028091956398 
110.00050324086399 8.178837926877654E-88 49.19543246968277 1.3174936397285897 793.1311711166114 0.0 0.0 268.0 257.13250767723764 2.959424430124954 793.1257472734877 1.3033367007189587 784.6086938328173 3.0513788432292954 2.9883842293674867 785.8028091956398 
111.000466447353 8.178837926877654E-88 49.38904117317702 1.3185936632406154 793.7933852708499 0.0 0.0 268.0 264.45755842133394 2.9618960328059085 793.7881367919831 1.3278836268832859 799.3859433837354 3.02273812159361 2.9883842293674867 785.8028091956398 
112.00015290887109 7.042055330429505E-88 49.4395535616483 1.316455429347042 792.5061684669193 0.0 0.0 268.0 263.8382477745458 2.9570929950249156 792.5009226666774 1.328625372547497 799.832474273585 3.031525872462037 2.9883842293674867 785.8028091956398 
113.00011293733733 8.344385909996668E-88 49.4395535616483 1.3142251644576803 791.1635490035235 0.0 0.0 268.0 258.69360187292216 2.952083775778914 791.1584519087486 1.308534464995135 787.737747927067 3.0450608063898956 2.9883842293674867 785.8028091956398 
114.00012041668738 7.343467840935443E-88 49.427195218103456 1.3119550824332735 789.7969596248306 0.0 0.0 267.0 257.54869520105507 2.95802194265313 789.7918586883862 1.2960090205267818 780.1974303571163 3.0293200660483106 3.0343086504242494 805.6058464329528 
115.00080023230652 1.0772657262181451E-87 49.4131928298869 1.3099465810594857 788.5878417978112 0.0 0.0 267.0 261.4999176433167 2.953493576717031 788.582784983448 1.2955112848838684 779.8977935000962 2.9824016792382673 3.0343086504242494 805.6058464329528 
116.00011671632745 1.0772657262181451E-87 49.48132015025888 1.3049333249124146 785.5698615972733 0.0 0.0 267.0 261.8839473484035 2.942190536776115 785.5648733192229 1.3034805459853964 784.695288683208 2.99634741506042 3.0343086504242494 805.6058464329528 
117.00073957502813 1.0772657262181451E-87 49.46592835617052 1.3059084365565707 786.156878807056 0.0 0.0 268.0 264.07633355310884 2.933403645144041 786.1521768986031 1.30041534296044 782.8500364621898 2.9644838896733225 3.0513788432292954 784.6086938328173 
118.00004148556071 7.972515609425806E-88 49.553945999091454 1.3048978404257636 785.5484999363099 0.0 0.0 267.0 261.88455538260826 2.9421117137506365 785.5438275714198 1.2958353425193043 780.0928761966269 2.978766254683963 3.0513788432292954 784.6086938328173 
119.00078607877172 9.058166662928544E-88 49.553945999091454 1.3092304761443951 788.1567466389256 0.0 0.0 267.0 263.67991630320654 2.9518809059566613 788.1522018904284 1.3012855065109765 783.3738749196186 2.9709273497296396 3.0513788432292954 784.6086938328173 
120.00003271049752 9.058166662928544E-88 49.553945999091454 1.3066045690723107 786.5759505815302 0.0 0.0 266.0 261.315230815125 2.9570357843306447 786.571518631951 1.2831005462159764 772.4265288220216 2.9559185142503117 3.0513788432292954 784.6086938328173 
121.00079062286837 8.128827909657452E-88 49.49039255726789 1.301778047301866 783.6703844757229 0.0 0.0 266.0 261.61002417504363 2.946112881750062 783.666026545516 1.2942877136079258 779.1612035919644 2.978330842057591 3.0513788432292954 784.6086938328173 
122.00021783674977 8.488820630010206E-88 49.369289507341634 1.302594269562287 784.1617502764966 0.0 0.0 267.0 260.40230629701085 2.9369202552958105 784.157708163981 1.2904655276596517 776.8602476511094 2.9833078619704487 3.0513788432292954 784.6086938328173 
123.00006649396622 1.0046647198077052E-87 49.38026167955425 1.3005590846996478 782.9365689891879 0.0 0.0 266.0 255.33598331659175 2.943356155014288 782.9327372338009 1.2837796609682464 772.8353559028752 3.0267389102954385 3.0513788432292954 784.6086938328173 
124.00042477375948 1.0266985038788834E-87 49.24301104697753 1.3008230691496325 783.0954876280783 0.0 0.0 265.0 257.246901772122 2.955063031328888 783.0917033021551 1.278222236896109 769.4897866114587 2.991249967679295 3.0513788432292954 784.6086938328173 
125.00009769892608 1.1663528424531493E-87 49.26408061898839 1.298870504148935 781.9200434976586 0.0 0.0 265.0 261.039600769494 2.9506281200772877 781.9164518204807 1.2847688472276817 773.4308460310681 2.962887024616742 3.0513788432292954 784.6086938328173 
126.00084862049356 1.7095240267619784E-87 49.26408061898839 1.2968035120598702 780.6757142600409 0.0 0.0 265.0 263.7902416922787 2.945932611823134 780.6721421331301 1.2937259849264404 778.823042925721 2.952433107189187 3.0513788432292954 784.6086938328173 
127.0004189973382 3.031219411970538E-87 49.26408061898839 1.2967643357718102 780.6521301346293 0.0 0.0 265.0 264.09269342257977 2.9458445577297194 780.6488077983748 1.2899124934495494 776.5273210566221 2.940358973938313 3.0513788432292954 784.6086938328173 
128.00013793894766 2.6691631193960515E-87 49.26408061898839 1.29369076927078 778.8018431010095 0.0 0.0 265.0 261.92034282882406 2.938862349850451 778.7985227103692 1.277911781206215 769.3028922861312 2.937163581787547 3.0513788432292954 784.6086938328173 
129.000211538663 2.6691631193960515E-87 49.384925591144444 1.2929388683769003 778.3491987628936 0.0 0.0 265.0 253.2106796291685 2.9371546380553437 778.3459790846662 1.2490758822199552 751.9436810964132 2.9696365184819533 3.0513788432292954 784.6086938328173 
130.000372212708 2.2431885603870776E-87 49.4145654375663 1.2904716524072273 776.8639347491516 0.0 0.0 265.0 257.09615014613934 2.9315502380091636 776.8608130724286 1.2856557098185963 773.9647373107879 3.010409673076974 2.9824016792382673 779.8977935000962 
131.00034452228994 2.2431885603870776E-87 49.4145654375663 1.2905333948370077 776.9011036918788 0.0 0.0 265.0 259.9331557263206 2.9316910039236124 776.8981160397572 1.2771983699565406 768.8734187138326 2.9579659299922745 0.0 0.0 
132.00032214912696 3.0827282020948287E-87 49.4145654375663 1.2904267352723766 776.8368946339701 0.0 0.0 264.0 255.92480900916735 2.942553483650376 776.8341196836986 1.2539657542897795 754.8873840824433 2.949645198545026 0.0 0.0 
133.00013183294476 3.0827282020948287E-87 49.50111663728764 1.2888150656131887 775.8666694991397 0.0 0.0 264.0 261.6793212227679 2.9388783262537252 775.8638781309835 1.267218371333449 762.8654595427383 2.915268413178549 0.0 0.0 
134.00032961640477 2.704584559783741E-87 49.47994568822084 1.288778423829534 775.8446111453799 0.0 0.0 264.0 257.3366636967616 2.9387952221331806 775.8419386431597 1.2513210544223066 753.2952747622282 2.9272753596039878 0.0 0.0 
135.00053301355 2.478074014901961E-87 49.499741625403665 1.2879337397473083 775.3361113278798 0.0 0.0 264.0 260.9548200950694 2.9368691001402927 775.3334424370377 1.258365825104254 757.5362267127672 2.902940158134601 0.0 0.0 
136.00058856882632 2.2208684613651265E-87 49.50111663728764 1.2844208983136125 773.2213807847952 0.0 0.0 264.0 261.74167672507707 2.9288590054359047 773.2187774350791 1.2687066337446773 763.761393514288 2.917996870313138 0.0 0.0 
137.0003449160483 3.058164761133753E-87 49.458234254692385 1.2848626800735798 773.4873334042956 0.0 0.0 264.0 255.1112469865691 2.929866534756924 773.4847651758283 1.2485383208821406 751.6200691710565 2.946244346532582 0.0 0.0 
138.00003044677538 2.371877063343072E-87 49.47554766629075 1.2839637859565072 772.9461991458178 0.0 0.0 265.0 254.6797869526754 2.9167687817158083 772.94372715469 1.2588122985374974 757.8050037195657 2.975520801187025 2.9272753596039878 753.2952747622282 
139.00038972702342 2.8012945552927357E-87 49.427195218103456 1.2840547504148345 773.0009597497311 0.0 0.0 265.0 252.23853725582708 2.916976109543285 772.9986690289705 1.2466957477160314 750.5108401250411 2.9754011749753086 2.9272753596039878 753.2952747622282 
140.00019110765055 2.4015648370437387E-87 49.56578530025792 1.284321157117401 773.1613365846761 0.0 0.0 265.0 258.897209028363 2.917581304835797 773.1590457814865 1.2707688516156441 765.0028486726272 2.954851663112439 2.9272753596039878 753.2952747622282 
141.0000915134736 3.7450167735598833E-87 49.54403620090563 1.2833229417204548 772.5604109157143 0.0 0.0 265.0 260.8726660159688 2.9153136723703614 772.5581231781458 1.2829461668879307 772.3335924665427 2.960576913869795 2.9272753596039878 753.2952747622282 
142.00008679250212 3.28059922382542E-87 49.54403620090563 1.2829215560932314 772.3187767681248 0.0 0.0 265.0 256.5038209849375 2.9144019456422 772.3165155951831 1.2720313116686133 765.7628496244951 2.9853857407818594 2.9272753596039878 753.2952747622282 
143.0002913741606 3.078945619542736E-87 49.49561681887583 1.2813663595710874 771.382548461794 0.0 0.0 265.0 258.4284217872404 2.9108692491794 771.3803510325411 1.2608728293777636 759.0454432854091 2.937159303284056 2.9272753596039878 753.2952747622282 
144.00070784653232 5.1130045552750565E-87 49.50881740997221 1.2789446687988404 769.9246906169021 0.0 0.0 265.0 261.970284702189 2.9053684962564206 769.9226515079515 1.3075881514532492 787.1680671748613 3.004799067458065 2.9272753596039878 753.2952747622282 
145.00006599412615 4.799088941065019E-87 49.50881740997221 1.2767402333147477 768.5976204554776 0.0 0.0 265.0 256.9396502926286 2.9003609284810183 768.5956460474697 1.2790344878632602 769.9787616936917 2.9967300135139237 2.9272753596039878 753.2952747622282 
146.00054147817582 4.799088941065019E-87 49.60931214577537 1.2749764860230568 767.5358445858797 0.0 0.0 265.0 257.2611493170284 2.896354564000649 767.5339594601718 1.2614700227418456 759.4049536905873 2.9518835459867914 2.9272753596039878 753.2952747622282 
147.00050615013407 4.392669843917858E-87 49.5077172262567 1.2717575848852831 765.5980661009405 0.0 0.0 265.0 257.00775385184335 2.88904219230162 765.5961809599296 1.2711915581589595 765.2573180117002 2.9775650988835394 2.9272753596039878 753.2952747622282 
148.00001091611642 4.0199543239844405E-87 49.57817829564779 1.2729457731403333 766.3133554304809 0.0 0.0 265.0 259.45481696836555 2.891741682944046 766.3115459801719 1.2511879419161809 753.2151410335485 2.9030686338168294 2.9853857407818594 765.7628496244951 
149.00009863185994 4.0199543239844405E-87 49.653428916664915 1.2682643419160298 763.4951338334488 0.0 0.0 263.0 260.92689577142744 2.9030146167486084 763.4928442048835 1.2720048163568447 765.7468994468294 2.9347181599769825 2.937159303284056 759.0454432854091 
150.00003263740237 4.0199543239844405E-87 49.653428916664915 1.2729479161049762 766.3146454951956 0.0 0.0 263.0 262.4869648465723 2.913737333433774 766.3129186930823 1.2764466487449855 768.4208825444732 2.927463018948873 3.004799067458065 787.1680671748613 
151.00001248889419 4.0199543239844405E-87 49.6517738299453 1.2743425724840471 767.1542286353955 0.0 0.0 263.0 262.812839005908 2.916927940798132 767.1520484299081 1.2593840581486069 758.1492030054628 2.884749488925918 2.9518835459867914 759.4049536905873 
152.00174672463592 3.845372742861047E-87 49.6517738299453 1.2683886897883325 763.569991252575 0.0 0.0 263.0 264.4547541019744 2.903299995709182 763.5678988715142 1.2818809504751096 771.6923321860091 2.9180505179666487 2.9775650988835394 765.2573180117002 
153.00064161467037 3.4407039807182873E-87 49.552569519671295 1.2697520358744239 764.3907255964033 0.0 0.0 264.0 260.74722664799623 2.8954117416879317 764.3886998056146 1.2774781835994944 769.0418665268891 2.9493769748319543 2.9775650988835394 765.2573180117002 
154.00072048524234 3.077765583311554E-87 49.47554766633665 1.2660524128511303 762.16355253638 0.0 0.0 263.0 262.48720824414227 2.8979526427402895 762.161545040696 1.3038974627188813 784.9462725567657 2.990417239024762 2.9030686338168294 753.2151410335485 
155.00035104459735 2.878263632922182E-87 49.51514394076935 1.2640437874203667 760.9543600270598 0.0 0.0 264.0 257.31622906104434 2.8823955020312177 760.9524125362409 1.2422077382758925 747.8090584420843 2.906186917050918 2.9347181599769825 765.7468994468294 
156.00066418664989 2.752346646251913E-87 49.295564949202436 1.2645976547957698 761.2877881870529 0.0 0.0 264.0 264.3676521991113 2.883660344907471 761.2863310555717 1.2802377730395955 770.7031393698384 2.915270204046655 2.884749488925918 758.1492030054628 
157.00034818598186 2.752346646251913E-87 49.20363239172524 1.2609858092724215 759.1134571819974 0.0 0.0 263.0 257.0563491565068 2.8863574810950694 759.1120175280025 1.2400548455911482 746.5130170458647 2.9040831689061135 2.9180505179666487 771.6923321860091 
158.00005216788418 2.460651361660095E-87 48.94408680594963 1.2574537345467043 756.9871481971157 0.0 0.0 262.0 259.59399005930436 2.8892587505728047 756.9857926500752 1.2564267539763283 756.3689058937397 2.913661081756734 2.9493769748319543 769.0418665268891 
159.00010112650872 2.573509522685951E-87 48.811573658587456 1.2570043115082685 756.7165955279777 0.0 0.0 262.0 259.0615852571641 2.8882261395041517 756.7152485500878 1.2416402274148453 747.4674169037316 2.885288516094499 2.9493769748319543 769.0418665268891 
160.00034677297873 2.573509522685951E-87 48.811573658587456 1.2547014832739602 755.3302929309243 0.0 0.0 262.0 261.72594108168875 2.882935187098141 755.3290190197129 1.2464620528678925 750.3701558264689 2.8670071935753083 2.9493769748319543 769.0418665268891 
161.00000394629754 4.27100139348419E-87 48.87887150999876 1.257651823827058 757.1063979438893 0.0 0.0 261.0 259.95131628286873 2.900786044588179 757.1051576375148 1.2416702471999483 747.4854888143752 2.875482607677936 2.9493769748319543 769.0418665268891 
162.0000098459122 4.009092814152834E-87 48.845482357143794 1.2530379673731875 754.3288563586591 0.0 0.0 262.0 258.3481467655502 2.8791131473490092 754.3276446054402 1.2281259495688492 739.3318216404434 2.8617655318866433 2.9493769748319543 769.0418665268891 
163.00094220780045 3.5039759805826575E-87 48.742202096341074 1.251553273804393 753.4350708302446 0.0 0.0 262.0 261.4719664117165 2.8757018335850044 753.4338803992714 1.2414398715057195 747.3468026464368 2.8582291742498187 2.9493769748319543 769.0418665268891 
164.00024297985544 3.5039759805826575E-87 48.559761129033255 1.2459713865387527 750.0747746963291 0.0 0.0 261.0 261.47921094986566 2.8738440568857326 750.0732988471755 1.2524449689320298 753.9718712970745 2.8834868690254547 2.9493769748319543 769.0418665268891 
165.00007316725763 3.58360952743728E-87 48.36456656624479 1.2453241381801874 749.6851311844725 0.0 0.0 262.0 258.0162905474379 2.8613893367504732 749.6840062286242 1.2574398532277984 756.9787916431335 2.933841076612014 2.9493769748319543 769.0418665268891 
166.00051869932076 3.202392921311523E-87 48.09020706112311 1.246177073859233 750.1985984632586 0.0 0.0 263.0 259.42010673826036 2.852462173362382 750.1975515943067 1.2627654725329631 760.1848144648335 2.9303234202729525 2.9493769748319543 769.0418665268891 
167.0001045632766 4.393841378771363E-87 47.82112320171193 1.246468347767087 750.3739453557871 0.0 0.0 264.0 251.15309717149887 2.8423217123746425 750.3729320669057 1.2442386750853194 749.0316824013606 2.9823708759199072 2.8582291742498187 747.3468026464368 
168.00000716504138 4.766353997680415E-87 47.844242331248985 1.2436615517500418 748.6842541535248 0.0 0.0 263.0 254.76628552877875 2.846704438070648 748.6832672125803 1.232822450279232 742.1591150680911 2.9130978360331583 2.8834868690254547 753.9718712970745 
169.00087268765577 6.537130568584189E-87 47.65139446024005 1.2424779972337332 747.9717543347078 0.0 0.0 263.0 255.79174696236473 2.843995401902804 747.9707907004376 1.2431953001826777 748.4035707099753 2.925831578217767 2.933841076612014 756.9787916431335 
170.00007051794248 6.109317011677856E-87 47.65139446024005 1.2413433590974108 747.2887021766411 0.0 0.0 263.0 258.8522058637687 2.841398324223427 747.2877592707608 1.2202593595361204 734.5961344407466 2.8378979116266723 2.9303234202729525 760.1848144648335 
171.0003408235219 5.097943418269276E-87 47.676815315567865 1.2399226220546742 746.4334184769144 0.0 0.0 263.0 258.9820105517103 2.8381465273878512 746.4325367030045 1.2416023858516356 747.4446362826747 2.8860870864751984 2.9303234202729525 760.1848144648335 
172.00009625956423 6.989968822670356E-87 47.6937700861283 1.239156659086962 745.972308770351 0.0 0.0 263.0 260.90053710520147 2.8363932488329198 745.971424443058 1.2250733295804201 737.494144407407 2.826725282324855 2.9130978360331583 742.1591150680911 
173.00081321054728 8.905562628372187E-87 47.70330979408154 1.2396314374558084 746.2581253483958 0.0 0.0 263.0 255.30367668792175 2.8374801483679217 746.2572790207624 1.229687765347624 740.2720347392763 2.899574515897671 2.9130978360331583 742.1591150680911 
174.00068746253902 7.332651676299862E-87 47.70330979408154 1.240824269953753 746.9762105121588 0.0 0.0 263.0 258.77899999359533 2.8402105320700763 746.9753699344299 1.2095374653893203 728.1415541643663 2.8137582809361947 2.8378979116266723 734.5961344407466 
175.00000642036687 7.332651676299862E-87 47.60482475701445 1.2401535078226935 746.5724117092614 0.0 0.0 263.0 255.54664572534728 2.8386752221107763 746.5715834151342 1.240520536708398 746.7933630984493 2.922336785046582 2.8378979116266723 734.5961344407466 
176.0002041829785 6.250730382783215E-87 47.60482475701445 1.2357860240931589 743.9431865040815 0.0 0.0 263.0 261.8956681469915 2.8286782061680213 743.9423682221895 1.243274175977057 748.4510539381839 2.8578214341373087 2.8378979116266723 734.5961344407466 
177.00063925507393 6.250730382783215E-87 47.60482475701445 1.2377677261733433 745.1361711563528 0.0 0.0 262.0 261.3609252934016 2.8440280554711475 745.1353505334406 1.241538168162986 747.4059772341086 2.8596699234787177 2.826725282324855 737.494144407407 
178.00052154094462 6.250730382783215E-87 47.58340740513762 1.2368195597283422 744.5653749564633 0.0 0.0 263.0 260.06239908797687 2.8310442043048494 744.564625732176 1.2335806135617422 742.6155293641629 2.855528257712267 2.899574515897671 740.2720347392763 
179.00003053068593 6.250730382783215E-87 47.69032566044016 1.2325329880701577 741.9848588182359 0.0 0.0 262.0 258.72595848355763 2.8320005326185687 741.9841395460653 1.2175485625363367 732.9642346468685 2.8329752412278695 2.8137582809361947 728.1415541643663 
180.00107060918535 7.552019302632869E-87 47.337404850738494 1.2329804092708643 742.2542063810604 0.0 0.0 262.0 259.05334229538636 2.8330287042769147 742.2535205205514 1.2224053674380806 735.8880311977317 2.8406814777113865 2.922336785046582 746.7933630984493 
181.0007307854243 7.381412270424122E-87 47.016602462088045 1.2343392662488768 743.072238281824 0.0 0.0 262.0 258.32156115452887 2.836151105597188 743.0715896664631 1.2133542560265556 730.439262127979 2.8276356757190224 2.8578214341373087 748.4510539381839 
182.00050608352913 7.051438591081548E-87 46.90598257963114 1.2305131995089198 740.7689461043698 0.0 0.0 262.0 254.19264814687514 2.8273600018686342 740.7683204895819 1.2053063278099625 725.5944093415948 2.8545058821777523 2.8596699234787177 747.4059772341086 
183.000159805714 7.051438591081548E-87 46.88123317604421 1.2281486722199835 739.3455006764304 0.0 0.0 262.0 256.34284109918843 2.821927117811868 739.3449048667093 1.2270056875333062 738.6574238950509 2.881521562013262 2.855528257712267 742.6155293641629 
184.0000502537981 1.028992215550284E-86 46.82474929899739 1.2302052730279414 740.5835743628204 0.0 0.0 262.0 258.6794466128429 2.8266527579797285 740.5830225906888 1.2249323237044267 737.4092588700578 2.8506681474918807 2.8329752412278695 732.9642346468685 
185.0000297198559 9.072352948761711E-87 46.880191382291564 1.2303297203689938 740.6584916621347 0.0 0.0 262.0 259.7270841567905 2.8269387183511387 740.6579442079985 1.2232843017520183 736.4171496547203 2.8353498521169413 2.8406814777113865 735.8880311977317 
186.00042138531347 8.867104612081769E-87 46.880191382291564 1.2264356878421623 738.314284080981 0.0 0.0 262.0 255.74977141106567 2.81799140491219 738.3137480869934 1.202996909067777 724.2041392588058 2.831690269997525 2.8276356757190224 730.439262127979 
187.0001724738327 1.3235443147563893E-86 46.83645694958904 1.226841199218239 738.5584019293802 0.0 0.0 262.0 257.43927461196813 2.818923157806091 738.5578673451961 1.2068901753255776 726.5478855460051 2.822210739371888 2.8276356757190224 730.439262127979 
188.00151851336355 1.616401066678977E-86 46.75534407566106 1.2269405323039724 738.6182004469912 0.0 0.0 263.0 251.89597282024073 2.80843239924527 738.6177210015063 1.189242396947789 715.9239229625596 2.8421412019693575 2.8545058821777523 725.5944093415948 
189.00007945743516 2.316796580703835E-86 46.75534407566106 1.224648306143029 737.2382802981049 0.0 0.0 263.0 254.08198699224985 2.8031855727905826 737.237805643924 1.1968653499811062 720.512940688617 2.835749787766712 2.881521562013262 738.6574238950509 
190.0000482930415 2.827384597795459E-86 46.75534407566106 1.2251555525859505 737.5436426567421 0.0 0.0 263.0 257.490279805873 2.804346844444783 737.5432200889779 1.2248102748295515 737.3357854473935 2.8635480376318885 2.8506681474918807 737.4092588700578 
191.00001986071177 2.4938831730050532E-86 46.65570566041074 1.2239191121496722 736.7993055141029 0.0 0.0 263.0 258.399222022511 2.8015167544234 736.7989064133544 1.2342664961047807 743.0284306550875 2.8755056800842724 2.8353498521169413 736.4171496547203 
192.00029577340118 3.86876543610407E-86 46.65570566041074 1.219992569700554 734.4355269597334 0.0 0.0 263.0 253.42518152093652 2.7925291080311223 734.4351554121854 1.2010255224849686 723.0173645359572 2.8529815395484905 2.831690269997525 724.2041392588058 
193.00034898352297 3.86876543610407E-86 46.544900547738145 1.2194495330341135 734.108618886536 0.0 0.0 264.0 255.24712192463204 2.780713137151986 734.1082682081241 1.1853027012818782 713.552226171696 2.795534855755944 2.822210739371888 726.5478855460051 
194.00100352711306 4.357951528477264E-86 46.14299803943766 1.2188199674225457 733.7296203883731 0.0 0.0 264.0 256.6111926745411 2.7792775100541585 733.729262654298 1.2109137266167538 728.970063423291 2.84075708399766 2.835749787766712 720.512940688617 
195.00023350231152 3.974556721232413E-86 46.201739544997594 1.2134975536596284 730.5255273030967 0.0 0.0 264.0 261.10361595877345 2.767140857614971 730.5251864103523 1.242386666998062 747.9167735328364 2.8644443348150626 2.835749787766712 720.512940688617 
196.00026767728696 5.436046846588959E-86 46.08484326926503 1.2115133954830382 729.3310640807889 0.0 0.0 264.0 259.1060319311473 2.7626163878162746 729.3307263834965 1.2245793118055017 737.1967457069212 2.845154704475648 2.8755056800842724 743.0284306550875 
197.00018841259467 5.436046846588959E-86 45.87563354542647 1.2096557432917423 728.2127574616293 0.0 0.0 264.0 262.8606486244312 2.758380467402734 728.2124433943218 1.241010848138156 747.0885305791635 2.842146721043001 2.8529815395484905 723.0173645359572 
198.0000962966442 5.562741169819126E-86 45.76973228097189 1.208478038753023 727.5037793293203 0.0 0.0 264.0 258.8644660216468 2.7556949864873608 727.5034764326635 1.216463095080918 732.3107832387185 2.828935135413607 2.8529815395484905 723.0173645359572 
199.00022299598598 4.843758664635741E-86 45.1509759031281 1.206759465004559 726.469197932744 0.0 0.0 265.0 260.7104736190893 2.741392095132042 726.468905209991 1.2294843655223326 740.1495880444497 2.838971437433865 2.8529815395484905 723.0173645359572 
200.00051551786956 4.843758664635741E-86 45.08881072660767 1.2050334169448653 725.4301170008081 0.0 0.0 266.0 261.3760629941612 2.727180108959803 725.4299089833074 1.2027840951538682 724.0760252826295 2.7702461234899096 2.8529815395484905 723.0173645359572 
201.00011650609642 4.843758664635741E-86 45.02472999732883 1.200047088087991 722.4283470289702 0.0 0.0 264.0 255.4770254273844 2.7364701994870595 722.4281326645837 1.2012198805837957 723.134368111454 2.830526020497269 2.8529815395484905 723.0173645359572 
202.00054518582112 7.768608040644285E-86 45.05700928583363 1.1990077530100962 721.802667312078 0.0 0.0 263.0 259.7238599825754 2.744495787362458 721.802392076327 1.1794021528899277 710.0000960397308 2.7336729713140873 2.8529815395484905 723.0173645359572 
203.00006217251328 7.95116755941188E-86 44.85620344462107 1.1988061994216714 721.681332051846 0.0 0.0 263.0 255.8733678413 2.7440344767298583 721.681067379953 1.194146492762733 718.876188643162 2.809499850289342 2.828935135413607 732.3107832387185 
204.00006979473855 7.07854785066551E-86 44.890855779629796 1.1986297582403684 721.5751144607019 0.0 0.0 263.0 258.6056087029692 2.7436308420101536 721.5749114486703 1.2134057755699508 730.4702768931172 2.8246497844991643 2.838971437433865 740.1495880444497 
205.00138990957612 1.0295107483366937E-85 44.749423456457976 1.197080238224181 720.642303410956 0.0 0.0 263.0 258.3566601327267 2.7400840609063346 720.6421080183653 1.1986304927002664 721.5755566055659 2.792943507765071 2.7702461234899096 724.0760252826295 
206.0002279347416 1.0785494332598076E-85 44.562117582508016 1.1932716473929201 718.3495317305375 0.0 0.0 263.0 255.6694648063754 2.7313663724815824 718.3493559626559 1.1633422127465989 700.3320120734614 2.7392086599150183 2.830526020497269 723.134368111454 
207.0001276949128 1.0785494332598076E-85 44.69823952136218 1.1958949756251784 719.9287753263576 0.0 0.0 261.0 260.9228108500953 2.758346942900971 719.9285520971532 1.1852351548704287 713.5115632320066 2.7345695108348784 0.0 0.0 
208.00020696544226 1.473260736300939E-85 44.69823952136218 1.1951789857980766 719.4977494504417 0.0 0.0 261.0 257.45303245078844 2.7566955196418736 719.4975306265284 1.208745492617484 727.6647865557246 2.8263981963188414 0.0 0.0 
209.0001504513756 1.7907683952315514E-85 44.69823952136218 1.1932579382348676 718.3412788173895 0.0 0.0 262.0 260.0569818219375 2.7417598149036277 718.3410715047504 1.206498072009871 726.3118393499499 2.7928949811747787 0.0 0.0 
210.00008780160775 1.7907683952315514E-85 44.62182126583477 1.1955619926301193 719.7283195633316 0.0 0.0 264.0 256.6693004419659 2.726243064573064 719.728169047289 1.1758812148163786 707.8804913194656 2.757947639630243 0.0 0.0 
211.00000169030832 1.7494966748821868E-85 44.62182126583477 1.193503226727279 718.4889424898205 0.0 0.0 264.0 258.27638030969035 2.721548496359734 718.4888030389689 1.1954599894092712 719.666913624381 2.7864217113522076 0.0 0.0 
212.00021243929413 1.7907683952315514E-85 44.14519627716651 1.1872556393488705 714.72789488802 0.0 0.0 263.0 258.38868785459096 2.717596032947127 714.7277566650941 1.1758910154079874 707.8863912756083 2.7396183523095003 0.0 0.0 
213.00006724318123 1.4512058025986338E-85 44.208270824752276 1.1878119748466731 715.0628088576968 0.0 0.0 263.0 258.9381569194328 2.7188694913599663 715.0626762276709 1.1753417543971987 707.5557361471166 2.7325278922382563 0.0 0.0 
214.00019175212984 1.4512058025986338E-85 44.10768880329298 1.1875156447759518 714.8844181551227 0.0 0.0 264.0 257.4628820184366 2.707895044718731 714.8842918057444 1.1932402194165894 718.3306120887821 2.7900356216681494 0.0 0.0 
215.0004266147981 1.6437009142202698E-85 44.208270824752276 1.1861780747958603 714.0792010271082 0.0 0.0 263.0 258.0013338572669 2.715129393993408 714.0790306202664 1.1630350495410986 700.1470998237461 2.71373441895105 0.0 0.0 
216.0004541022453 1.5684782943876307E-85 44.08172192212933 1.1860319493062768 713.9912334823781 0.0 0.0 263.0 257.2749536124147 2.7147949372778135 713.991068504065 1.1741255558466113 706.823584619666 2.7473470491204415 0.0 0.0 
217.00013280288007 2.0573007309609071E-85 43.88891990752031 1.1879453863213933 715.1431225654782 0.0 0.0 262.0 258.25682358607094 2.7295532742504114 715.1429578536074 1.1687001627702953 703.5574979877133 2.7242552131569684 0.0 0.0 
218.00008275301315 2.1062315475968723E-85 44.017849743569606 1.1899784503512827 716.3670271114719 0.0 0.0 263.0 257.6729785986819 2.723828565698095 716.3669127785992 1.1703508879201054 704.5512345279043 2.7342845119403156 0.0 0.0 
219.00142633067472 3.0582219582262987E-85 43.35769154936238 1.1917661422210288 717.4432176170592 0.0 0.0 263.0 260.42407274867713 2.7279205607085153 717.4431074663396 1.199585809460553 722.1506572952605 2.772979662260999 2.7900356216681494 718.3306120887821 
220.0006023820506 3.254212641217532E-85 43.35769154936238 1.1894406171578487 716.0432515290255 0.0 0.0 263.0 255.21111717340798 2.722597495684864 716.0431413651193 1.1728345584100184 706.0464041628298 2.766518998007024 2.71373441895105 700.1470998237461 
221.00002129417217 4.171626091880297E-85 42.05384341064494 1.1839404642710774 712.7321594911876 0.0 0.0 262.0 258.2940023298057 2.720351360329001 712.7320564061974 1.1962049162289692 720.1153595698437 2.787967792803628 2.7473470491204415 706.823584619666 
222.0006694372725 3.708646633048857E-85 41.89643681971308 1.1788555860813625 709.6710628209792 0.0 0.0 262.0 255.996464219171 2.7086678100765837 709.6709662400644 1.1750845688242664 707.4009104322054 2.7633229724085764 2.7242552131569684 703.5574979877133 
223.00013531315014 3.097756476589703E-85 42.388090988560585 1.1788250400245526 709.6526740947797 0.0 0.0 262.0 255.48509815650402 2.708597634777071 709.6525803115921 1.1450694716872283 689.3318219557183 2.6981292722343055 2.7242552131569684 703.5574979877133 
224.00011532877457 3.097756476589703E-85 42.398453788400616 1.1793684900959571 709.9798310377662 0.0 0.0 263.0 258.98480624835815 2.6995427481728322 709.979742769455 1.1556072226578622 695.6755480400334 2.686163555760498 2.7342845119403156 704.5512345279043 
225.0000125335633 2.752428706096563E-85 42.317267913351536 1.1770706011435308 708.5965018884052 0.0 0.0 261.0 255.10814115900175 2.714928650299564 708.5963777281862 1.1604591910634536 698.596433020189 2.7384325323619265 2.772979662260999 722.1506572952605 
226.00034958006933 2.752428706096563E-85 42.317267913351536 1.1749063419669212 707.2936178640867 0.0 0.0 262.0 256.0227882689438 2.699593629750851 707.2935309947234 1.168449710155242 703.406725513451 2.747437953743963 2.772979662260999 722.1506572952605 
227.0000021872322 3.6123806721720716E-85 42.317267913351536 1.176045570241295 707.9794332852603 0.0 0.0 262.0 259.6418405282313 2.7022112489053507 707.979347213202 1.1660470470948792 701.9603223511222 2.703571662113514 2.787967792803628 720.1153595698437 
228.00030801891867 4.351049241898094E-85 42.69035452746104 1.1781566556940157 709.2503067277974 0.0 0.0 260.0 253.89749989270277 2.727885322849229 709.2501839407998 1.1695882214897546 704.0921093368332 2.773135259836678 2.7633229724085764 707.4009104322054 
229.00005028130488 4.351049241898094E-85 42.94130213616383 1.1788822608082243 709.6871210065506 0.0 0.0 260.0 256.42490946462016 2.7295653952528385 709.6870027657377 1.171741178286278 705.38818932834 2.7508567354126914 2.6981292722343055 689.3318219557183 
230.00001772177993 6.713663638870579E-85 42.94130213616383 1.1766317715736005 708.3323264873075 0.0 0.0 261.0 254.9505303936593 2.7139165347745795 708.3322155761653 1.167863597192856 703.0538855101049 2.757609032719196 2.686163555760498 695.6755480400334 
231.00004049721798 6.713663638870579E-85 42.94130213616383 1.1784563102762429 709.4306987862984 0.0 0.0 261.0 257.61856662804786 2.7181248562996934 709.4305874942198 1.1729907153128865 706.1404106183522 2.741030741149509 2.7384325323619265 698.596433020189 
232.0002968562482 6.713663638870579E-85 43.636070638257785 1.17736987003695 708.7766617622437 0.0 0.0 261.0 254.67591911027824 2.715618973957716 708.7765522029634 1.183953139460939 712.7397899554952 2.798614774594644 2.747437953743963 703.406725513451 
233.0014426182766 8.127069102029001E-85 43.86137606551153 1.1798917554362887 710.2948367726451 0.0 0.0 261.0 257.6872358889437 2.7214357472502373 710.2947300323115 1.1915254320112276 717.298310070757 2.7836004666521137 2.703571662113514 701.9603223511222 
234.00012688281728 6.882282491563037E-85 43.83214489296086 1.1788233871550764 709.6516790673559 0.0 0.0 261.0 255.9270547524033 2.7189715374017793 709.6515712618641 1.2030309363523541 724.2246236841095 2.8298087686929416 2.7508567354126914 705.38818932834 
235.00063080502457 6.882282491563037E-85 43.80512340276431 1.1794465996794428 710.0268530070241 0.0 0.0 260.0 257.80457414151266 2.7308721030976217 710.0267468053815 1.2017827024081227 723.4731868496805 2.8062853006345634 2.7508567354126914 705.38818932834 
236.000319541055 5.965644049329804E-85 44.03643898230426 1.1797158508576684 710.1889422163159 0.0 0.0 260.0 256.9889731214245 2.7314955443894795 710.1888415412645 1.1784528304235813 709.4286039149921 2.7605410274930153 2.741030741149509 706.1404106183522 
237.0000210820009 8.645310377636351E-85 43.88891990758614 1.1743611080670087 706.9653870563394 0.0 0.0 261.0 255.09004712543393 2.70867937487586 706.9653168426 1.1889444303828298 715.7445470904698 2.8058505424107003 2.741030741149509 706.1404106183522 
238.00050073038182 8.127159402680199E-85 44.03937484289608 1.1726666754784996 705.9453386380566 0.0 0.0 260.0 254.68122324450843 2.715174007814524 705.9452420317765 1.1719985096639869 705.5431028177129 2.77029886157077 2.741030741149509 706.1404106183522 
239.00028140912008 8.127159402680199E-85 44.430606208613796 1.172647715901299 705.9339249725824 0.0 0.0 259.0 251.44079390152368 2.7256132424695036 705.9338297996015 1.162454756816896 699.7977636037634 2.783151264936898 2.741030741149509 706.1404106183522 
240.00007668717367 8.127159402680199E-85 44.366474994613334 1.1715146646341938 705.2518281097849 0.0 0.0 263.0 256.3028577796978 2.6815655385290555 705.2517366331423 1.1657168879503716 701.7615665461168 2.7380169406823707 2.8062853006345634 723.4731868496805 
241.00003815173517 1.0657000721727996E-84 44.553206050275726 1.173550885937805 706.4776333345586 0.0 0.0 263.0 253.27293936153455 2.6862264019270863 706.477543706824 1.1505433053588174 692.6270698260134 2.7347061694471932 2.7605410274930153 709.4286039149921 
242.00002483469837 8.767731720587986E-85 45.12038394359269 1.1762049076237526 708.0753543894996 0.0 0.0 263.0 256.12567688349435 2.6923013942983993 708.0752667004793 1.1637591285975273 700.5829954157043 2.7353094931375557 2.8058505424107003 715.7445470904698 
243.00013241361344 8.767731720587986E-85 45.230561847889575 1.1745229276598081 707.0628024512047 0.0 0.0 263.0 257.16826346814486 2.6884513876013316 707.0627149391504 1.1702814392487888 704.5094264277751 2.7394882126077036 2.77029886157077 705.5431028177129 
244.00019510355932 8.767731720587986E-85 45.41411707177438 1.171884730380672 705.4746076891643 0.0 0.0 263.0 256.39859085289044 2.6824126378446853 705.4745237531524 1.1601416403501643 698.4052674907981 2.7239044690831022 2.783151264936898 699.7977636037634 
245.00016718008067 8.767731720587986E-85 45.4764781091483 1.1692530665027359 703.8903460346469 0.0 0.0 263.0 254.6248866336011 2.6763888336613397 703.8902632529325 1.150741481273131 692.7463717264282 2.720654610337728 2.7380169406823707 701.7615665461168 
246.00007307442266 1.2700120294813476E-84 45.601963883174136 1.1709792772189838 704.9295248858276 0.0 0.0 264.0 259.92704967568505 2.6701873002257157 704.9294472595889 1.1875425198880678 714.9005969726165 2.7503893798841212 2.7380169406823707 701.7615665461168 
247.00047597857412 1.0742359942360163E-84 45.96824275618607 1.174607523331338 707.1137290454651 0.0 0.0 264.0 252.85612457202322 2.6784608106374144 707.1136540082772 1.1649513102298357 701.300688758361 2.7735167180362423 2.7380169406823707 701.7615665461168 
248.00064720937056 1.034410736720888E-84 46.157612302748134 1.1708915733818819 704.8767271758923 0.0 0.0 265.0 258.7335985765013 2.6599119958239523 704.8766788933469 1.18122572493244 711.0978864093343 2.748378603790337 2.7380169406823707 701.7615665461168 
249.00027744271588 1.034410736720888E-84 46.48262379749023 1.1683431061551015 703.3425499053714 0.0 0.0 264.0 256.75913717103373 2.664176152010592 703.3425041307963 1.1672327730604866 702.6741293824177 2.7367054474651424 2.7380169406823707 701.7615665461168 
250.00065485930426 1.32402504361301E-84 46.3938751699962 1.1667820121783479 702.4027713313649 0.0 0.0 264.0 259.7878039539544 2.6606163937525573 702.4027279506747 1.1546340572025824 695.0897024359527 2.675605597555891 2.7380169406823707 701.7615665461168 
251.0001672107482 1.32402504361301E-84 46.32793966846605 1.1643320882915211 700.927917151496 0.0 0.0 264.0 260.19081044068935 2.6550298228136473 700.9278732228032 1.1414675602713267 687.1634712833351 2.6409982355621064 2.7380169406823707 701.7615665461168 
252.0005669482687 0.0 0.0 0.0 0.0 0.0 0.0 263.0 259.0684415994028 0.0 0.0 0.967932708811226 582.6954907043594 2.2491951821958334 2.7380169406823707 701.7615665461168 
253.0006346545695 0.0 0.0 0.0 0.0 0.0 0.0 262.0 256.10239950904696 0.0 0.0 0.47118265201116905 283.65195651072656 1.1075724282728026 2.7380169406823707 701.7615665461168 
254.0003200369161 0.0 0.0 0.0 0.0 0.0 0.0 262.0 261.2697023136501 0.0 0.0 0.1220651938739009 73.48324671208866 0.2812543745461661 2.7380169406823707 701.7615665461168 
255.0000209013632 0.0 0.0 0.0 0.0 0.0 0.0 262.0 259.3295990683235 0.0 0.0 0.01679278256143454 10.10925510198369 0.03898226480240802 2.7367054474651424 702.6741293824177 
256.00055462075807 0.0 0.0 0.0 0.0 0.0 0.0 262.0 259.172176532758 0.0 0.0 0.0015941603021089369 0.9596845018695721 0.003702883985111238 2.675605597555891 695.0897024359527 
257.00008227728654 0.0 0.0 0.0 0.0 0.0 0.0 262.0 258.6299886108852 0.0 0.0 2.2775796022684566E-4 0.1371102920565617 5.301407342318964E-4 2.675605597555891 695.0897024359527 
258.000702553521 0.0 0.0 0.0 0.0 0.0 0.0 262.0 259.5191026165183 0.0 0.0 8.368084756262807E-5 0.050375870232701785 1.9411237833671276E-4 2.675605597555891 695.0897024359527 
259.00004849236007 0.0 0.0 0.0 0.0 0.0 0.0 262.0 255.19247574073466 0.0 0.0 4.13717348775558E-5 0.02490578439628878 9.759607654573663E-5 2.2491951821958334 582.6954907043594 
260.0002041010351 0.0 0.0 0.0 0.0 0.0 0.0 262.0 257.182254997145 0.0 0.0 3.642546509633046E-5 0.021928129987991218 8.526299758991788E-5 2.2491951821958334 582.6954907043594 
261.0001036188689 0.0 0.0 0.0 0.0 0.0 0.0 263.0 255.10297787982944 0.0 0.0 3.6654456356628985E-5 0.022065982726690705 8.649833455525265E-5 2.2491951821958334 582.6954907043594 
262.00013204285324 0.0 0.0 0.0 0.0 0.0 0.0 263.0 256.49784382449076 0.0 0.0 3.597276894416483E-5 0.021655606904387257 8.442802708004499E-5 2.2491951821958334 582.6954907043594 
263.00018650273495 0.0 0.0 0.0 0.0 0.0 0.0 263.0 259.85043784631165 0.0 0.0 3.7652867006197635E-5 0.022667025937730997 8.723104769651146E-5 1.9411237833671276E-4 0.050375870232701785 
264.00077875280647 0.0 0.0 0.0 0.0 0.0 0.0 261.0 260.09006830121774 0.0 0.0 1.8687765140820984E-5 0.01125003461477419 4.325437987022713E-5 1.9411237833671276E-4 0.050375870232701785 
265.00024193000314 0.0 0.0 0.0 0.0 0.0 0.0 261.0 258.14695966665715 0.0 0.0 1.6160076759565224E-6 9.728366209258246E-4 3.76853797612817E-6 1.9411237833671276E-4 0.050375870232701785 
266.00135097369264 0.0 0.0 0.0 0.0 0.0 0.0 263.0 256.3215615076584 0.0 0.0 3.056479357345096E-9 1.8400005731217333E-6 7.17848534590313E-9 1.9411237833671276E-4 0.050375870232701785 
267.0000624431624 0.0 0.0 0.0 0.0 0.0 0.0 263.0 256.30749954498873 0.0 0.0 -1.474547654832494E-9 -8.876776882091609E-7 -3.4633309200277613E-9 1.9411237833671276E-4 0.050375870232701785 
268.0001122727429 0.0 0.0 0.0 0.0 0.0 0.0 262.0 257.83281560824787 0.0 0.0 -1.4928864181561327E-9 -8.987176237299958E-7 -3.485660355567426E-9 1.9411237833671276E-4 0.050375870232701785 
269.0002396420527 0.0 0.0 0.0 0.0 0.0 0.0 262.0 259.57978530340586 0.0 0.0 -1.517670502771165E-9 -9.13637642668243E-7 -3.5196794758126163E-9 4.325437987022713E-5 0.01125003461477419 
270.0000583276933 0.0 0.0 0.0 0.0 0.0 0.0 262.0 260.53608967446775 0.0 0.0 -2.224673157134154E-10 -1.3392532405947533E-7 -5.140375148287944E-10 3.76853797612817E-6 9.728366209258246E-4 
271.0003576720821 0.0 0.0 0.0 0.0 0.0 0.0 261.0 260.8716624655829 0.0 0.0 -7.156075449306268E-12 -4.307957420482361E-9 -1.6513704017394816E-11 7.17848534590313E-9 1.8400005731217333E-6 
272.00032292195795 0.0 0.0 0.0 0.0 0.0 0.0 259.0 258.9189636334749 0.0 0.0 -4.1189667992745574E-14 -2.4796180131633005E-11 -9.576811131815907E-14 -3.4633309200277613E-9 -8.876776882091609E-7 
273.00024345255446 0.0 0.0 0.0 0.0 0.0 0.0 260.0 257.8483892172582 0.0 0.0 -1.5561402330255026E-14 -9.367964202813501E-12 -3.633128844144235E-14 -3.485660355567426E-9 -8.987176237299958E-7 
274.00055648131024 0.0 0.0 0.0 0.0 0.0 0.0 260.0 262.156558793325 0.0 0.0 -1.7061701412875682E-14 -1.0271144250551116E-11 -3.9179428879551793E-14 -3.485660355567426E-9 -8.987176237299958E-7 
275.0002527477231 0.0 0.0 0.0 0.0 0.0 0.0 260.0 253.67396343621115 0.0 0.0 -1.2931218889315181E-15 -7.784593771367849E-13 -3.068739757884282E-15 -3.485660355567426E-9 -8.987176237299958E-7 
276.00041639084026 0.0 0.0 0.0 0.0 0.0 0.0 261.0 256.77929831184326 0.0 0.0 2.974149209549139E-18 1.7904378241485757E-15 6.97267200245323E-18 -3.485660355567426E-9 -8.987176237299958E-7 
277.00005911698656 0.0 0.0 0.0 0.0 0.0 0.0 261.0 258.45516514733924 0.0 0.0 6.84473306906368E-17 4.120529307576373E-14 1.594291723760814E-16 -3.485660355567426E-9 -8.987176237299958E-7 
278.00017451004226 0.0 0.0 0.0 0.0 0.0 0.0 261.0 251.52257435650432 0.0 0.0 6.617867628865252E-17 3.98395631257685E-14 1.5839358843910567E-16 -1.6513704017394816E-11 -4.307957420482361E-9 
279.00032217141836 0.0 0.0 0.0 0.0 0.0 0.0 262.0 257.7371058052033 0.0 0.0 1.8663031673535242E-19 1.1235145067468315E-16 4.359149231682532E-19 -1.6513704017394816E-11 -4.307957420482361E-9 
280.00007673706784 0.0 0.0 0.0 0.0 0.0 0.0 261.0 254.14574585583807 0.0 0.0 -1.4077571215706133E-18 -8.474697871855029E-16 -3.3345818334737057E-18 -1.6513704017394816E-11 -4.307957420482361E-9 
281.0001504675402 0.0 0.0 0.0 0.0 0.0 0.0 261.0 251.3568165477301 0.0 0.0 -2.069203226209889E-18 -1.2456603421783376E-15 -4.955745220228787E-18 -1.6513704017394816E-11 -4.307957420482361E-9 
282.0003742068214 0.0 0.0 0.0 0.0 0.0 0.0 260.0 258.4989212312042 0.0 0.0 -2.307704702065171E-18 -1.3892382306432472E-15 -5.374251559838031E-18 -1.6513704017394816E-11 -4.307957420482361E-9 
283.0016432940773 0.0 0.0 0.0 0.0 0.0 0.0 262.0 258.11999107900084 0.0 0.0 -2.2423454634890314E-18 -1.3498919690204118E-15 -5.229707173696827E-18 -1.6513704017394816E-11 -4.307957420482361E-9 
284.0001698542514 0.0 0.0 0.0 0.0 0.0 0.0 262.0 253.81013637256243 0.0 0.0 -2.0999430317408965E-19 -1.264165705108019E-16 -4.98075342133845E-19 -1.6513704017394816E-11 -4.307957420482361E-9 
285.00013255321204 0.0 0.0 0.0 0.0 0.0 0.0 261.0 256.98881021925945 0.0 0.0 1.4623826928132804E-22 8.803543810735897E-20 3.4256525812251633E-22 -1.6513704017394816E-11 -4.307957420482361E-9 
286.0000387643597 0.0 0.0 0.0 0.0 0.0 0.0 261.0 255.36102851706366 0.0 0.0 3.689699122520916E-23 2.2211988717576206E-20 8.69826881829463E-23 -1.6513704017394816E-11 -4.307957420482361E-9 
287.0006325674184 0.0 0.0 0.0 0.0 0.0 0.0 261.0 260.4304323303061 0.0 0.0 3.9861396268097645E-24 2.399656055339469E-21 9.214192188937294E-24 -1.6513704017394816E-11 -4.307957420482361E-9 
288.00023270388505 0.0 0.0 0.0 0.0 0.0 0.0 260.0 253.28641322695037 0.0 0.0 1.4921372663547277E-25 8.982666343455417E-23 3.5464461867548907E-25 -5.374251559838031E-18 -1.3892382306432472E-15 
289.00047098767556 0.0 0.0 0.0 0.0 0.0 0.0 259.0 252.0045391403295 0.0 0.0 1.2364416594740699E-26 7.443378790033956E-24 2.9536685392357504E-26 -5.229707173696827E-18 -1.3498919690204118E-15 
290.0001268113376 0.0 0.0 0.0 0.0 0.0 0.0 259.0 254.01016296130638 0.0 0.0 1.0197617897731216E-26 6.138965974434157E-24 2.416819037027787E-26 -4.98075342133845E-19 -1.264165705108019E-16 
291.000055717076 0.0 0.0 0.0 0.0 0.0 0.0 260.0 252.17255692514337 0.0 0.0 9.604179009467273E-27 5.781715763699356E-24 2.2927616843793356E-26 8.69826881829463E-23 2.2211988717576206E-20 
292.00002170224735 0.0 0.0 0.0 0.0 0.0 0.0 262.0 256.2719455573419 0.0 0.0 2.3023595780388735E-28 1.3860204659794137E-25 5.408397173420943E-28 8.69826881829463E-23 2.2211988717576206E-20 
293.0000861241393 0.0 0.0 0.0 0.0 0.0 0.0 263.0 254.54208477547658 0.0 0.0 1.0396997642511317E-31 6.258992580791874E-29 2.458922494609381E-31 3.5464461867548907E-25 8.982666343455417E-23 
294.0000644045489 0.0 0.0 0.0 0.0 0.0 0.0 263.0 257.1456859879987 0.0 0.0 8.991008584757333E-33 5.412587168023849E-30 2.1048718539561503E-32 3.5464461867548907E-25 8.982666343455417E-23 
295.00029595780927 0.0 0.0 0.0 0.0 0.0 0.0 263.0 258.5375781061365 0.0 0.0 6.55518390548571E-33 3.946220711102439E-30 1.5263625272618632E-32 2.9536685392357504E-26 7.443378790033956E-24 
296.0000513482436 0.0 0.0 0.0 0.0 0.0 0.0 264.0 253.24406476524666 0.0 0.0 6.637543637477994E-33 3.995801269761711E-30 1.577845969841685E-32 2.9536685392357504E-26 7.443378790033956E-24 
297.0003320504211 0.0 0.0 0.0 0.0 0.0 0.0 264.0 258.70170797115946 0.0 0.0 6.728695299749495E-33 4.050674570449215E-30 1.5657703237509324E-32 2.2927616843793356E-26 5.781715763699356E-24 
298.00012087354503 0.0 0.0 0.0 0.0 0.0 0.0 264.0 253.08292667517838 0.0 0.0 6.689512847504376E-33 4.027086734197659E-30 1.5912123299278346E-32 2.458922494609381E-31 6.258992580791874E-29 
299.0001050862293 0.0 0.0 0.0 0.0 0.0 0.0 264.0 256.0391231822787 0.0 0.0 6.737667277515812E-33 4.056075701064538E-30 1.584162471208335E-32 2.458922494609381E-31 6.258992580791874E-29 
300.001731639151 0.0 0.0 0.0 0.0 0.0 0.0 264.0 258.38745379974716 0.0 0.0 6.111645027369748E-34 3.679210306476573E-31 1.423912133647169E-33 2.458922494609381E-31 6.258992580791874E-29 
#####################################################################
# End of data export. Simulation finished at: 2021-12-09T08:55+0000 #
#####################################################################
