#####################################################################
# Alchemist log file - simulation started at: 2021-12-09T08:43+0000 #
#####################################################################
# random = 20.0
#
# The columns have the following meaning: 
# time localWarningInSystem[Min] localWarningInSystem[Max] localWarningInSystem[Mean] localWarningInSystem[Sum] meanWarningAtDetector[Sum] dataAtCollector[Sum] inSurveillanceArea[Sum] numDevicesAtDetector[Sum] localWarningInSurveillanceArea[Mean] localWarningInSurveillanceArea[Sum] sumWarningAtDetector[Mean] sumWarningAtDetector[Sum] meanWarningOverallAtDetector[Sum] meanWarningAtCollector[Sum] sumWarningAtCollector[Sum] 
0.0 0.0 0.0 0.0 0.0 0.0 0.0 0.0 0.0 0.0 0.0 0.0 0.0 0.0 0.0 0.0 
1.0026522779091702 0.0 0.0 0.0 0.0 0.0 0.0 25.0 1.0 0.0 0.0 0.0 0.0 0.0 0.0 0.0 
2.0 0.0 0.0 0.0 0.0 0.0 0.0 232.0 9.855965025484435 0.0 0.0 0.0 0.0 0.0 0.0 0.0 
3.0004344304072856 0.0 0.0 0.0 0.0 0.0 0.0 276.0 44.05065300039894 0.0 0.0 0.0 0.0 0.0 0.0 0.0 
4.000019970659984 0.0 0.0 0.0 0.0 0.0 0.0 281.0 100.88319267342753 0.0 0.0 0.0 0.0 0.0 0.0 0.0 
5.000339342431571 0.0 0.0 0.0 0.0 0.0 0.0 280.0 177.47074075408813 0.0 0.0 0.0 0.0 0.0 0.0 0.0 
6.000155790297869 0.0 0.0 0.0 0.0 0.0 0.0 280.0 234.44499083770575 0.0 0.0 0.0 0.0 0.0 0.0 0.0 
7.000002144964235 0.0 0.0 0.0 0.0 0.0 0.0 281.0 264.11211011150795 0.0 0.0 0.0 0.0 0.0 0.0 0.0 
8.000445784796268 0.0 0.0 0.0 0.0 0.0 0.0 281.0 270.5226516413986 0.0 0.0 0.0 0.0 0.0 0.0 0.0 
9.00141866503057 0.0 0.0 0.0 0.0 0.0 0.0 281.0 275.2777163324364 0.0 0.0 0.0 0.0 0.0 0.0 0.0 
10.000659956736175 0.0 0.0 0.0 0.0 0.0 0.0 280.0 273.2130007601117 0.0 0.0 0.0 0.0 0.0 0.0 0.0 
11.000027415032807 0.0 0.0 0.0 0.0 0.0 0.0 280.0 274.51064100295906 0.0 0.0 0.0 0.0 0.0 0.0 0.0 
12.000224024939975 0.0 0.0 0.0 0.0 0.0 0.0 280.0 277.59083897963444 0.0 0.0 0.0 0.0 0.0 0.0 0.0 
13.001031233347273 0.0 0.0 0.0 0.0 0.0 0.0 280.0 274.72492220518586 0.0 0.0 0.0 0.0 0.0 0.0 0.0 
14.00030928930009 0.0 0.0 0.0 0.0 0.0 0.0 280.0 270.7254640146115 0.0 0.0 0.0 0.0 0.0 0.0 0.0 
15.001171524236476 0.0 0.0 0.0 0.0 0.0 0.0 280.0 270.7898740473779 0.0 0.0 0.0 0.0 0.0 0.0 0.0 
16.000020252244884 0.0 0.0 0.0 0.0 0.0 0.0 280.0 274.4235884097151 0.0 0.0 0.0 0.0 0.0 0.0 0.0 
17.00029455120352 0.0 0.0 0.0 0.0 0.0 0.0 281.0 274.53458041156455 0.0 0.0 0.0 0.0 0.0 0.0 0.0 
18.0001375874073 0.0 0.0 0.0 0.0 0.0 0.0 281.0 270.5956337642018 0.0 0.0 0.0 0.0 0.0 0.0 0.0 
19.00050769465116 0.0 0.0 0.0 0.0 0.0 0.0 281.0 274.6597217848914 0.0 0.0 0.0 0.0 0.0 0.0 0.0 
20.000295176833948 0.0 0.0 0.0 0.0 0.0 0.0 281.0 266.16278777770697 0.0 0.0 0.0 0.0 0.0 0.0 0.0 
21.000040260363622 0.0 0.0 0.0 0.0 0.0 0.0 281.0 272.9994596665866 0.0 0.0 0.0 0.0 0.0 0.0 0.0 
22.000600515644567 0.0 0.0 0.0 0.0 0.0 0.0 281.0 270.6250410005144 0.0 0.0 0.0 0.0 0.0 0.0 0.0 
23.00004831345123 0.0 0.0 0.0 0.0 0.0 0.0 281.0 273.7978279442709 0.0 0.0 0.0 0.0 0.0 0.0 0.0 
24.000382618310287 0.0 0.0 0.0 0.0 0.0 0.0 281.0 274.92354505075895 0.0 0.0 0.0 0.0 0.0 0.0 0.0 
25.000141443670607 0.0 0.0 0.0 0.0 0.0 0.0 281.0 266.63260948012606 0.0 0.0 0.0 0.0 0.0 0.0 0.0 
26.00025079184415 0.0 0.0 0.0 0.0 0.0 0.0 281.0 278.05124249256585 0.0 0.0 0.0 0.0 0.0 0.0 0.0 
27.0004993936016 0.0 0.0 0.0 0.0 0.0 0.0 281.0 276.20444285229644 0.0 0.0 0.0 0.0 0.0 0.0 0.0 
28.000474159187604 0.0 0.0 0.0 0.0 0.0 0.0 281.0 275.16060993129736 0.0 0.0 0.0 0.0 0.0 0.0 0.0 
29.000593476063806 0.0 0.0 0.0 0.0 0.0 0.0 281.0 276.77001338222925 0.0 0.0 0.0 0.0 0.0 0.0 0.0 
30.00039216566376 0.0 0.0 0.0 0.0 0.0 0.0 281.0 276.44414644926815 0.0 0.0 0.0 0.0 0.0 0.0 0.0 
31.00010492560844 3.689606123345794E-96 47.94082557554303 1.1773526225969375 708.7662788033564 0.0 0.0 281.0 269.9063841516422 2.5219452001254727 708.6666012352579 0.01670949508537477 10.059116041395468 0.03726890741400147 0.0 0.0 
32.00009726634886 5.52336003621576E-96 47.94082557554303 1.1757385423945053 707.7946025214922 0.0 0.0 281.0 273.70932408450835 2.5184942702463684 707.6968899392297 0.16953763341724434 102.06165531718158 0.37288337055580106 0.0 0.0 
33.00039700049845 8.26519268227246E-96 47.793235681368685 1.1777773052233211 709.0219377444394 0.0 0.0 281.0 275.4394658804818 2.522875100041661 708.9279031117067 0.5608976859596504 337.6604069477113 1.2258969711124414 0.0 0.0 
34.00052121519032 8.26519268227246E-96 47.82378000476288 1.1796017383141795 710.1202464651357 0.0 0.0 281.0 274.0489450738826 2.526795948871938 710.0296616330145 0.9164619756460848 551.7101093389423 2.0131809271887664 0.0 0.0 
35.00069869280272 8.26519268227246E-96 47.82378000476288 1.1835491373048899 712.4965806575437 0.0 0.0 281.0 277.725281591438 2.5352618419018733 712.4085775744269 1.094024692433173 658.6028648447777 2.371418478976103 0.0 0.0 
36.00000772370516 7.130020825326008E-96 48.000789076675346 1.1836947495221324 712.5842392123235 0.0 0.0 281.0 279.3025904463186 2.535584838315692 712.4993395667098 1.1551171172399768 695.3805045784686 2.489703025909168 0.03726890741400147 10.059116041395468 
37.000203921711254 6.147409796588579E-96 47.6723127180384 1.1825878412040367 711.9178804048307 0.0 0.0 281.0 276.08221402351637 2.5332149593157127 711.8334035677154 1.1573370172414819 696.7168843793776 2.523584819991454 0.37288337055580106 102.06165531718158 
38.0023905482282 5.527749782485559E-96 47.6723127180384 1.18488854893079 713.3029064563354 0.0 0.0 281.0 274.35514540433326 2.5381517960521895 713.2206546906651 1.1854882277054501 713.6639130786835 2.6012412197588466 0.37288337055580106 102.06165531718158 
39.00026878535285 5.527749782485559E-96 47.77491845200083 1.1848129404757481 713.2573901664006 0.0 0.0 281.0 274.53502745269714 2.537998580212621 713.1776010397464 1.1789937916424345 709.7542625687502 2.5852958333014247 2.0131809271887664 551.7101093389423 
40.00007984107684 5.527749782485559E-96 47.75634292901563 1.1862193131190442 714.104026497664 0.0 0.0 281.0 275.92040831096574 2.5410190475874237 714.0263523720657 1.2162698984592037 732.1944788724436 2.653643792985589 2.0131809271887664 551.7101093389423 
41.00058913235936 5.527749782485559E-96 47.60376688348999 1.1833244403751026 712.3613131058112 0.0 0.0 281.0 270.95503986104364 2.5348280615581538 712.286685297841 1.1897295539138593 716.2171914561347 2.643306401768496 2.489703025909168 695.3805045784686 
42.00019349327189 5.527749782485559E-96 47.2748556430134 1.1828303194885097 712.0638523320833 0.0 0.0 282.0 277.13088681552756 2.524799407267647 711.9934328494766 1.2077000951697217 727.0354572921641 2.6234371262129144 2.523584819991454 696.7168843793776 
43.00006129763222 5.527749782485559E-96 47.39266405127457 1.1833101247046822 712.3526950722182 0.0 0.0 282.0 275.88869633737806 2.5258255050077896 712.2827924121962 1.2055198753993808 725.7229649904203 2.6304918419091377 2.523584819991454 696.7168843793776 
44.000183985140666 5.527749782485559E-96 47.47567382571744 1.1829203498092031 712.1180505851403 0.0 0.0 282.0 276.1521404548613 2.5249932969967674 712.0481097530885 1.2079784113278416 727.2030036193607 2.633341905014951 2.523584819991454 696.7168843793776 
45.00017181372918 5.527749782485559E-96 47.71762293396933 1.1787529919418802 709.6093011490115 0.0 0.0 282.0 279.0649725149679 2.516097623632723 709.5395298644277 1.1976261206139223 720.9709246095764 2.5835235361575393 2.523584819991454 696.7168843793776 
46.00001947506417 5.527749782485559E-96 47.82510846147049 1.178703155311943 709.5792994977895 0.0 0.0 281.0 279.9469059434588 2.5249201685967697 709.5025673756924 1.1830243044984643 712.1806313080729 2.5439846491888463 2.523584819991454 696.7168843793776 
47.000302022570516 5.07629072095701E-96 47.66913466973503 1.176185396607604 708.0636087577774 0.0 0.0 281.0 277.14024610462616 2.5195310756111367 707.9882322467291 1.1574300968092528 696.7729182791667 2.514152773091356 2.523584819991454 696.7168843793776 
48.00013197223358 5.185661890774796E-96 47.71497202855836 1.173147434974687 706.2347558547611 0.0 0.0 281.0 276.5791119489375 2.513035080582384 706.1628576436497 1.145956316494276 689.8657025295497 2.4942798379398727 2.0131809271887664 551.7101093389423 
49.00003962832755 5.185661890774796E-96 47.71497202855836 1.1713020532431986 705.1238360524045 0.0 0.0 281.0 271.4453273886149 2.5090923533360066 705.0549512874172 1.1487881840444203 691.5704867947373 2.5477339891898376 2.0131809271887664 551.7101093389423 
50.000352938533545 8.294862749655772E-96 47.576006117296835 1.1650114861582055 701.3369146672399 0.0 0.0 281.0 275.98175786756997 2.495624640121478 701.270523874135 1.1806626358902539 710.758906805934 2.57538364962148 2.523584819991454 696.7168843793776 
51.0003132609519 1.4179739572248696E-95 47.67125334496427 1.1680615764133475 703.1730690008354 0.0 0.0 281.0 274.9613583861645 2.5021608074566224 703.1071868953104 1.1931552297362198 718.2794483012106 2.6122923327009318 2.523584819991454 696.7168843793776 
52.00024837747213 1.9817475611480884E-95 47.38292322705576 1.1652990939038352 701.5100545301086 0.0 0.0 281.0 275.48017432914276 2.4962448206460777 701.4447946015475 1.1506434968848667 692.6873851246902 2.514472726799823 2.523584819991454 696.7168843793776 
53.00001602900002 1.9817475611480884E-95 47.48912717236477 1.1625666417863243 699.8651183553676 0.0 0.0 282.0 271.83819911265743 2.481588771987839 699.8080337005705 1.161547989129836 699.2518894561691 2.5723091594142713 2.523584819991454 696.7168843793776 
54.00087527810979 1.819652827567678E-95 47.07750224897185 1.1581691755034507 697.2178436530776 0.0 0.0 281.0 269.73013181956446 2.481000485021424 697.1611362910202 1.1552480991059484 695.4593556617846 2.578352485020142 2.523584819991454 696.7168843793776 
55.000203693948656 1.7018534997287366E-95 47.1340291609909 1.158693858983642 697.5337031081531 0.0 0.0 281.0 275.2586315989367 2.4821266273036113 697.4775822723152 1.1856452659335865 713.7584500920162 2.5930465684069524 2.523584819991454 696.7168843793776 
56.00040878604453 1.7018534997287366E-95 47.1340291609909 1.1601327892243156 698.399939113038 0.0 0.0 280.0 271.0291501420063 2.494090381739812 698.3453068871476 1.1674340420590372 702.7952933195447 2.593061642820758 2.523584819991454 696.7168843793776 
57.000042538368064 1.7385787185618278E-95 47.092412485308735 1.1581720063799668 697.21954784074 0.0 0.0 283.0 276.9315433754175 2.4635352486349156 697.1804753636811 1.1841071547414448 712.8325071543546 2.574038690088891 2.523584819991454 696.7168843793776 
58.00067501583397 1.5961608616000516E-95 46.848167527677425 1.1584035497733571 697.3589369635606 0.0 0.0 283.0 280.09835743698005 2.4640294062910066 697.3203219803546 1.2003240022646195 722.595049363305 2.579790384975332 2.523584819991454 696.7168843793776 
59.000845659464495 1.630659636139702E-95 46.82422902691854 1.1587015259040243 697.5383185942217 0.0 0.0 284.0 278.8200595193665 2.4560865227370448 697.5285724573203 1.2048103693719125 725.2958423618877 2.601304381084208 2.523584819991454 696.7168843793776 
60.00001276324528 1.630659636139702E-95 46.542831931343 1.1554631899266417 695.5888403358376 0.0 0.0 284.0 279.2774074190427 2.449222594703673 695.5792168958429 1.1957755851760177 719.8569022759692 2.577569410030571 2.5930465684069524 713.7584500920162 
61.00012059574149 1.630659636139702E-95 46.617101084385574 1.1531924934081939 694.2218810317323 0.0 0.0 283.0 278.2700146147798 2.4530475389739044 694.2124535296148 1.1441028120353642 688.7498928452948 2.4751135827507627 2.593061642820758 702.7952933195447 
62.00023338570849 1.630659636139702E-95 46.625648336370794 1.1517571304539467 693.3577925332754 0.0 0.0 283.0 265.4624338150078 2.449996226566303 693.3489321182637 1.1500764866977473 692.3460449920475 2.608075406535755 2.574038690088891 712.8325071543546 
63.00105387874896 1.630659636139702E-95 46.011166477330285 1.1487506516767851 691.5478923094242 0.0 0.0 284.0 279.9758397117723 2.4349968440049983 691.5391036974191 1.1455044156167844 689.5936582012982 2.46304702188309 2.574038690088891 712.8325071543546 
64.00009231721067 1.7861300289699648E-95 46.011166477330285 1.1496345980018379 692.0800279971063 0.0 0.0 285.0 279.4684319167558 2.4283220218853008 692.0717762373106 1.1447963495082916 689.1674024039892 2.4659937355975465 2.574038690088891 712.8325071543546 
65.00006471382648 2.0418398413063716E-95 46.04389716521896 1.1453171421710269 689.4809195869578 0.0 0.0 284.0 280.972535104876 2.4277202400390014 689.4725481710763 1.1239961860889762 676.6457040255725 2.4082272090153127 2.574038690088891 712.8325071543546 
66.00000918429305 1.9097203925418747E-95 46.05080426779678 1.1457405258035422 689.7357965337327 0.0 0.0 284.0 279.5870394110043 2.4286181520911914 689.7275551938985 1.1177445836140523 672.8822393356578 2.406700399107176 2.574038690088891 712.8325071543546 
67.00008815605351 2.9770551809221256E-95 46.05080426779678 1.1456326215781798 689.6708381900644 0.0 0.0 282.0 279.51339894241937 2.4456125279408245 689.6627328793124 1.1352551432392632 683.4235962300461 2.4450477108284656 2.574038690088891 712.8325071543546 
68.00051014487508 4.157701491011213E-95 45.76261309867423 1.1434791053417412 688.374421415728 0.0 0.0 283.0 279.6586728617282 2.4323667170329144 688.3597809203146 1.1465342883294014 690.2136415742957 2.468057344731656 2.574038690088891 712.8325071543546 
69.00003240560174 3.6378200602439245E-95 45.75346149127027 1.1442361873914066 688.8301848096273 0.0 0.0 285.0 276.23403906365115 2.4169241795015135 688.8233911579316 1.1415367737287379 687.2051377846947 2.487764144180456 2.574038690088891 712.8325071543546 
70.00000573887831 3.6378200602439245E-95 45.75346149127027 1.135859609292091 683.7874847938383 0.0 0.0 286.0 275.9749408618728 2.390841879056838 683.7807774102552 1.1447269204411177 689.1256061055512 2.4970586240671135 2.574038690088891 712.8325071543546 
71.00005823058456 4.361847598795288E-95 45.572332237891956 1.1333186124792924 682.2578047125339 0.0 0.0 286.0 278.7184096637902 2.3854935375184794 682.251151730285 1.135679960033988 683.6793359404584 2.4529392829313306 2.574038690088891 712.8325071543546 
72.0001966012899 4.1684792637401876E-95 45.58473972815399 1.1331798247281426 682.1742544863417 0.0 0.0 285.0 278.34873833721775 2.393570822287718 682.1676843519996 1.1138261934874116 670.523368479418 2.4089326665712534 2.4450477108284656 683.4235962300461 
73.00045036518652 5.444081537404246E-95 45.77863281655169 1.1295769530652895 680.0053257453039 0.0 0.0 284.0 281.3198238126617 2.3943633328786773 679.999186537544 1.121210580972811 674.9687697456392 2.3992933046734692 2.468057344731656 690.2136415742957 
74.00036794002706 5.444081537404246E-95 45.77863281655169 1.128939368392251 679.6214997721354 0.0 0.0 284.0 279.48488781342076 2.3930118762576567 679.6153728571743 1.0873668977663857 654.5948724553682 2.3421476473259775 2.487764144180456 687.2051377846947 
75.00016281319196 7.108768784452337E-95 45.77863281655169 1.128239629203128 679.2002567802832 0.0 0.0 284.0 284.52207845035736 2.391528545264167 679.1941068550235 1.1234907838156305 676.341451857018 2.377114126048479 2.4970586240671135 689.1256061055512 
76.0015387829909 1.0603622932409997E-94 45.77863281655169 1.1269599691687802 678.4299014396057 0.0 0.0 283.0 280.8221318396334 2.3972336094035955 678.4171114612174 1.1440849482541382 688.7391388489982 2.452581405664673 2.4529392829313306 683.6793359404584 
77.00001471528991 1.3288751838546083E-94 45.77659825586096 1.12503073247283 677.2685009486439 0.0 0.0 283.0 274.78998578860194 2.393132180839907 677.256407177694 1.1419104290796966 687.4300783059737 2.501656224236712 2.4089326665712534 670.523368479418 
78.00068819231082 1.3288751838546083E-94 45.77786984569281 1.1227503920846191 675.8957360349405 0.0 0.0 284.0 279.28698137899806 2.3798942365619586 675.8899631835963 1.130298546236709 680.4397248344923 2.4363460175435883 2.3992933046734692 674.9687697456392 
79.00061225499302 1.071554754953527E-94 45.25192576798605 1.1221714655359005 675.547222252612 0.0 0.0 284.0 277.6796874427704 2.378668610073033 675.5418852607417 1.100358967397584 662.4160983733487 2.3855403485711295 2.3421476473259775 654.5948724553682 
80.00020140323872 1.0949217045414945E-94 45.25192576798605 1.1237378556363302 676.4901890930709 0.0 0.0 283.0 277.9020379389598 2.390406473058964 676.4850318756869 1.0964278338964708 660.0495560056657 2.3751159253846255 2.4089326665712534 670.523368479418 
81.00020900481202 1.0949217045414945E-94 45.31909926585319 1.1223854947408165 675.6760678339713 0.0 0.0 282.0 276.3502348668907 2.3959773805092843 675.6656213036177 1.102588549880012 663.7583070277668 2.4018735042779267 2.4089326665712534 670.523368479418 
82.00024412046778 1.0949217045414945E-94 44.8405065204432 1.1209372688582055 674.8042358526397 0.0 0.0 283.0 280.8263497509864 2.384431456228183 674.7941021125757 1.123408806522385 676.2921015264693 2.40822167195546 2.4089326665712534 670.523368479418 
83.0000051379152 1.0949217045414945E-94 44.83527543316659 1.1208925871734199 674.7773374783987 0.0 0.0 283.0 282.30480923960477 2.3843389855275325 674.7679329042916 1.1288558116050647 679.5711985862498 2.407225014751581 2.4089326665712534 670.523368479418 
84.00042628598939 1.0262720402235781E-94 44.48173079667394 1.118866305710176 673.5575160375257 0.0 0.0 284.0 280.5582365262578 2.3716489977143613 673.5483153508785 1.1187804255193334 673.5058161626432 2.4005918503825816 2.4089326665712534 670.523368479418 
85.00018965940869 1.1723634417064377E-94 44.458013532082184 1.118536588454154 673.3590262494007 0.0 0.0 283.0 280.97508402506344 2.37932882875732 673.3500585383213 1.1136702675880115 670.4295010879896 2.386081681990657 2.4089326665712534 670.523368479418 
86.00026140778115 1.0752281354670647E-94 44.021518050775846 1.1155001773493596 671.5311067643139 0.0 0.0 283.0 281.2787787472593 2.3728721869740483 671.5228289136552 1.1201433104416465 674.3262728858704 2.3973592173897362 2.4089326665712534 670.523368479418 
87.00005459925411 1.345410975971031E-94 44.100338134388636 1.1160583090893166 671.8671020717682 0.0 0.0 283.0 272.7919228533684 2.374061709635755 671.8594638269183 1.11517991122205 671.3383065556781 2.460990411789197 2.4089326665712534 670.523368479418 
88.00036010034196 1.180926765541678E-94 44.100338134388636 1.116305147247586 672.0156986430463 0.0 0.0 283.0 278.5327655125824 2.374586885234483 672.0080885213582 1.1226255617306955 675.8205881618857 2.426359379723878 2.4089326665712534 670.523368479418 
89.00021996305787 1.6463315747877183E-94 43.6979322131084 1.114147520117088 670.7168071104867 0.0 0.0 283.0 279.9189058202361 2.369998028369435 670.7094420285501 1.1342640503962973 682.8269583385649 2.4393742049601905 2.4089326665712534 670.523368479418 
90.00014236684305 1.5089197071899029E-94 43.673904958499406 1.1123428907091966 669.6304202069364 0.0 0.0 283.0 284.9769837119603 2.366160539355496 669.6234326376056 1.1447797907597095 689.1574340373386 2.4182915583593325 2.4089326665712534 670.523368479418 
91.00008132849527 1.3827311476112975E-94 43.60093351330243 1.1144317595911917 670.8879192738978 0.0 0.0 283.0 284.0944032176954 2.3705875912647882 670.8762883279355 1.1249574799328919 677.2244029196082 2.383800579135893 2.4089326665712534 670.523368479418 
92.0011214100056 1.4132763138141228E-94 43.5885816654328 1.11489727013973 671.1681566241176 0.0 0.0 282.0 284.0032820349322 2.379989675099475 671.1570883780522 1.1369671824963508 684.4542438628123 2.4100223031176973 2.4089326665712534 670.523368479418 
93.0000530085586 1.4132763138141228E-94 42.89885894870386 1.115582935803076 671.5809273534518 0.0 0.0 283.0 286.05093299719 2.3730412103208884 671.5706625208114 1.1216078900592437 675.2079498156587 2.360446591594552 2.4089326665712534 670.523368479418 
94.00086292660356 1.614027903324118E-94 42.36713761277551 1.1141234203927446 670.7022990764317 0.0 0.0 283.0 282.3765819225458 2.3699377951757583 670.6923960347392 1.0908989694130142 656.7211795866342 2.3256927862621724 2.4393742049601905 682.8269583385649 
95.0004721342863 1.614027903324118E-94 42.36713761277551 1.116445953990995 672.1004643025793 0.0 0.0 282.0 278.79151842351246 2.383299621844115 672.0904933600406 1.0657347603998686 641.5723257607252 2.3012619945851873 2.4182915583593325 689.1574340373386 
96.00011633251017 1.4468253567189086E-94 42.29094535867687 1.1147737141441978 671.0937759148076 0.0 0.0 282.0 280.14749684127696 2.3797310962150315 671.0841691326392 1.083776286321664 652.4333243656382 2.328892214715333 2.407225014751581 679.5711985862498 
97.0000539124149 1.5115710262113463E-94 42.29094535867687 1.1129812647402648 670.014721373639 0.0 0.0 282.0 278.47578838111 2.375906087420681 670.0055166526319 1.085069658917027 653.2119346680506 2.3456686790095116 2.407225014751581 679.5711985862498 
98.0009908453825 1.5115710262113463E-94 42.29094535867687 1.113854641449355 670.5404941525117 0.0 0.0 282.0 277.6415705924023 2.3777721643316942 670.5317503415376 1.0569292146843505 636.2713872399756 2.2917007200411916 2.4182915583593325 689.1574340373386 
99.00003962607082 1.2965836685577083E-94 42.29094535867687 1.114289697484458 670.8023978856437 0.0 0.0 281.0 276.24523668648345 2.3871361701279743 670.7852638059607 1.063510587683937 640.2333737857298 2.317626835724752 2.4182915583593325 689.1574340373386 
100.00014878263416 1.2965836685577083E-94 42.29094535867687 1.1092232957390584 667.752424034913 0.0 0.0 281.0 277.0532120075872 2.376284773412947 667.7360213290385 1.0745865708720304 646.9011156649655 2.334934545524236 2.4182915583593325 689.1574340373386 
101.00046885710157 1.582305337605687E-94 41.96702188055513 1.111290725558582 668.9970167862665 0.0 0.0 282.0 271.8668929002016 2.3723041224389534 668.9897625277849 1.083333416345543 652.1667166400217 2.398845661871093 2.4182915583593325 689.1574340373386 
102.00000759220448 1.4806936136850193E-94 41.88526592576587 1.1088023448742932 667.4990116143249 0.0 0.0 282.0 278.50156692135954 2.3669925035083836 667.4918859893645 1.106678169205768 666.22025786187 2.392159818799118 2.4182915583593325 689.1574340373386 
103.00028881312753 1.5471267868397606E-94 41.74101074161311 1.104237991848913 664.7512710930458 0.0 0.0 282.0 268.8966992545229 2.3572496178389186 664.7443922305756 1.0930783845952405 658.0331875263364 2.447159780505443 2.4182915583593325 689.1574340373386 
104.00009057359773 1.616468722595383E-94 41.64488537613401 1.1026604050273945 663.8015638264912 0.0 0.0 282.0 275.83162600615356 2.353881560134917 663.7945999580467 1.110569474715274 668.562823778588 2.4238077172618087 2.4182915583593325 689.1574340373386 
105.00022422611916 3.1376251476203823E-94 40.98386943927395 1.0979704275393283 660.9781973786759 0.0 0.0 282.0 274.0110485725092 2.343870174538265 660.9713892197909 1.0752254234971166 647.2857049452659 2.3622613333198506 2.334934545524236 646.9011156649655 
106.00003614530813 4.0895869272215097E-94 40.390524995531194 1.0955869790572794 659.5433613924827 0.0 0.0 282.0 277.1515617846884 2.338782583490673 659.5366885443702 1.0731986664566657 646.0655972069194 2.331091309919554 2.398845661871093 652.1667166400217 
107.00016767102204 3.6647111703379106E-94 40.476108817633396 1.0958736259027337 659.7159227934457 0.0 0.0 282.0 274.5804366525427 2.3393956379505974 659.7095699020683 1.0770833104817565 648.4041529100109 2.3614360906946517 2.392159818799118 666.22025786187 
108.00027280464477 5.102454747114141E-94 40.476108817633396 1.0929791471307353 657.9734465727025 0.0 0.0 281.0 278.1555899242635 2.341520510993959 657.9672635893025 1.078306369387556 649.1404343713009 2.3337314002858958 2.447159780505443 658.0331875263364 
109.00013146469941 4.6728361099552715E-94 40.476108817633396 1.0931285159562871 658.0633666056847 0.0 0.0 282.0 279.0399355278747 2.333536859704807 658.0573944367553 1.077800444461751 648.8358675659744 2.325243755301681 2.4238077172618087 668.562823778588 
110.00016439970287 6.087877657619907E-94 40.476108817633396 1.0858353690541214 653.6728921705811 0.0 0.0 282.0 276.7373661518171 2.3179685993792005 653.6671450249344 1.0739932565296946 646.5439404308693 2.3363087877196085 2.3622613333198506 647.2857049452659 
111.00023608540016 4.669462502453063E-94 40.476108817633396 1.0861030839708492 653.8340565504507 0.0 0.0 280.0 272.3648479798146 2.335061529800372 653.8172283441039 1.0564667041124667 635.992955875703 2.335077234059358 2.331091309919554 646.0655972069194 
112.0000565406764 5.326764238945876E-94 40.13619561550776 1.086143282806083 653.8582562492614 0.0 0.0 281.0 278.4913804933783 2.326840612219082 653.8422120335614 1.074798679745371 647.0288052067151 2.3233351210383315 2.3614360906946517 648.4041529100109 
113.00079974351657 9.034139111955683E-94 40.103431103168404 1.0870421862305393 654.3993961107851 0.0 0.0 281.0 279.5353671292177 2.3287846627130886 654.3884902223782 1.0764149385431168 648.0017930029505 2.3181388446758007 2.3337314002858958 649.1404343713009 
114.00023531466124 9.444292924269973E-94 40.103431103168404 1.086807683149397 654.258225255937 0.0 0.0 279.0 281.6544185817486 2.3449500019001377 654.2410505301386 1.0948096101072609 659.0753852845774 2.3400143644232747 2.325243755301681 648.8358675659744 
115.00049814587543 8.835643770574728E-94 40.293703967555345 1.0867882368714024 654.246518596584 0.0 0.0 279.0 278.4643186492815 2.3449116703731967 654.2303560341219 1.0905029778317825 656.4827926547274 2.3575113531207936 2.3363087877196085 646.5439404308693 
116.00036056838144 1.4974511533712477E-93 40.91607450148378 1.087764965476103 654.8345092166136 0.0 0.0 278.0 275.51282309161905 2.3554622219302406 654.8184976966066 1.1028602546360309 663.9218732908855 2.409767595717695 2.335077234059358 635.992955875703 
117.00013234491662 2.3745126334853503E-93 41.0082393156269 1.0869783653415388 654.3609759356062 0.0 0.0 280.0 279.54826376847984 2.336967903083186 654.3510128632922 1.0959332007128724 659.7517868291511 2.3600639758419444 2.3233351210383315 647.0288052067151 
118.0003954196692 3.29947851980888E-93 41.486704625368624 1.0836089253820473 652.3325730799925 0.0 0.0 280.0 268.45095652980024 2.329736785427622 652.3262999197344 1.0905217789283488 656.4941109148702 2.4454899300833524 2.3181388446758007 648.0017930029505 
119.0005367539302 4.583481563812095E-93 42.10714536314721 1.0839014027541616 652.508644458005 0.0 0.0 279.0 276.69293011490527 2.3386978987741274 652.4967137579816 1.126999209052308 678.4535238494914 2.4520088878589803 2.3400143644232747 659.0753852845774 
120.00035164464045 3.1491803400079767E-93 42.484279634180616 1.0807067156830714 650.5854428412088 0.0 0.0 279.0 277.13064941150924 2.33180698888107 650.5741498978185 1.1317644110850524 681.322175473204 2.458487276380296 2.3575113531207936 656.4827926547274 
121.00041150384051 3.1491803400079767E-93 42.63441940577698 1.0778701908108457 648.8778548681291 0.0 0.0 281.0 278.4431496360954 2.309145706043793 648.8699433983057 1.1052564372763911 665.364375240379 2.389587878566813 2.409767595717695 663.9218732908855 
122.00066348407506 5.688190647108827E-93 42.93104516138898 1.0785483646812297 649.2861155380998 0.0 0.0 282.0 271.3470818586983 2.302413658625604 649.2806517324201 1.0509457183588307 632.6693224520127 2.3315869775281755 2.3600639758419444 659.7517868291511 
123.00004595401838 5.688190647108827E-93 42.87193645022301 1.077093329142431 648.4101841437428 0.0 0.0 282.0 263.8962418242445 2.299301005019876 648.4028834156047 1.0529569449401657 633.8800808539809 2.4020049564637094 2.3600639758419444 659.7517868291511 
124.00003787322977 4.561939057660974E-93 42.87193645022301 1.0767724944033301 648.2170416308046 0.0 0.0 281.0 259.9686471586802 2.3067973279444742 648.2100491523972 1.0579674175761091 636.8963853808192 2.4498969100380363 2.4454899300833524 656.4941109148702 
125.00018115389592 5.423896300075998E-93 42.87193645022301 1.0756994752541664 647.5710841030085 0.0 0.0 282.0 275.0525296398341 2.296333530269356 647.5660555359586 1.0763800369132623 647.9807822217903 2.3558437476298977 2.3600639758419444 659.7517868291511 
126.00045113989798 6.730488759543722E-93 42.87193645022301 1.0753825694480739 647.3803068077402 0.0 0.0 282.0 277.5954157918968 2.2956579514154827 647.3755422991659 1.0671350478027049 642.4152987772293 2.314214364616254 0.0 0.0 
127.0002766581469 5.27551097971672E-93 42.87193645022301 1.069837292857336 644.0420503001164 0.0 0.0 282.0 275.87118871267296 2.2838204564433204 644.0373687170168 1.0688354518341756 643.43894200417 2.3323890581206306 0.0 0.0 
128.00005438945843 5.395585387379714E-93 43.2342980479049 1.0668923958045218 642.2692222743223 0.0 0.0 282.0 276.22128090474035 2.277534583293271 642.2647524887025 1.0580235990606466 636.9302066345151 2.3058694266723476 0.0 0.0 
129.00031759223054 8.537183037149612E-93 43.461633525214836 1.0623459182288946 639.5322427737946 0.0 0.0 281.0 276.7338488436888 2.2758997791699365 639.5278379467519 1.0479065013319535 630.8397138018338 2.2795899975292118 0.0 0.0 
130.00025187806904 7.4886358684946955E-93 43.53920925611811 1.0626156000238065 639.6945912143316 0.0 0.0 281.0 274.2554387209491 2.2764782068222975 639.6903761170656 1.037448236722243 624.5438385067865 2.2772341048895326 0.0 0.0 
131.00002656134754 7.4886358684946955E-93 43.53920925611811 1.062814729374516 639.8144670834581 0.0 0.0 281.0 272.4406834297491 2.276905026010165 639.8103123088559 1.0490382370274611 631.5210186905407 2.318012900057136 0.0 0.0 
132.00050371481683 9.69089373016515E-93 43.53920925611811 1.0619656871811 639.3033436830218 0.0 0.0 281.0 278.13851352545174 2.2750867541543425 639.2993779173696 1.068672864286707 643.3410643005893 2.313024025857242 0.0 0.0 
133.0006482392387 9.076733958363155E-93 43.61256197957102 1.0624322079607522 639.5841891923726 0.0 0.0 281.0 275.4430708298624 2.27608650670737 639.5803083847707 1.0740976643851645 646.6067939598705 2.3475151943802977 0.0 0.0 
134.00046145257275 8.292561235068252E-93 43.61256197957102 1.0580979209295434 636.9749483995848 0.0 0.0 281.0 279.29495443389044 2.2668013594800187 636.9711820138853 1.083646600688472 652.355253614453 2.3357215848625956 0.0 0.0 
135.00043117853414 8.482154040028544E-93 43.61256197957102 1.0592243369767136 637.6530508599818 0.0 0.0 281.0 283.23543428158996 2.269214953469819 637.6494019250194 1.1011507605806792 662.8927578695676 2.340430177992934 0.0 0.0 
136.00040812161717 1.102082487919022E-92 43.74651245536572 1.0565796097050273 636.0609250424264 0.0 0.0 281.0 275.8505252843185 2.2635491931122083 636.0573232645305 1.0694975490439491 643.8375245244561 2.3340086949657035 0.0 0.0 
137.00028577733798 8.066681710836384E-93 43.74651245536572 1.0558567101366974 635.6257395022916 0.0 0.0 280.0 284.91408428503394 2.2700792252673563 635.6221830748597 1.105684181636239 665.6218773450162 2.3362196327195757 0.0 0.0 
138.00065895881306 7.200560543565155E-93 43.826300996594284 1.058869445611295 637.4394062579993 0.0 0.0 280.0 280.4726042242779 2.2765569503524685 637.435946098691 1.081221454124202 650.8953153827741 2.3207090659816827 2.313024025857242 643.3410643005893 
139.00012436668166 7.200560543565155E-93 43.97067812102055 1.0548610541794439 635.0263546160253 0.0 0.0 280.0 283.114054000493 2.267939427002767 635.0230395607747 1.0774228219474609 648.608538812371 2.290979658718184 2.3475151943802977 646.6067939598705 
140.0000382297786 7.200560543565155E-93 44.325085602629436 1.0535378758068876 634.2298012357464 0.0 0.0 280.0 276.4281405222862 2.2650948549247856 634.2265593789399 1.060782174559144 638.5908690846048 2.310151447960561 2.3357215848625956 652.355253614453 
141.00021831288214 1.1158023952513196E-92 44.44764120600696 1.0494330359960342 631.7586876696123 0.0 0.0 280.0 271.2252141144587 2.256269461066176 631.7554490985291 1.0459571486585129 629.666203492431 2.321562195271078 2.340430177992934 662.8927578695676 
142.0002862875422 1.0451697774697537E-92 44.44764120600696 1.048806470478397 631.3814952279947 0.0 0.0 281.0 264.81561500981167 2.2468983763283408 631.3784437482634 1.0340408098372411 622.4925675220193 2.350664130961293 2.3340086949657035 643.8375245244561 
143.00005579808035 1.3575620078137401E-92 44.44764120600696 1.050155741230348 632.1937562206689 0.0 0.0 281.0 270.66018140249827 2.2497891866662743 632.1907614532225 1.0570295602154185 636.3317952496875 2.351035870708295 2.3362196327195757 665.6218773450162 
144.00058564967208 1.6515382337139645E-92 44.86143697375124 1.050369025619884 632.3221534231698 0.0 0.0 281.0 274.5978485374779 2.2502460832165654 632.3191493838542 1.0415968261253967 627.0412893274894 2.2834894470846847 2.3207090659816827 650.8953153827741 
145.00033096631054 1.5781297603405666E-92 45.0630172878221 1.0488377732589924 631.4003395019131 0.0 0.0 281.0 280.4508226699435 2.2469656543461514 631.397348871268 1.0550967213641296 635.1682262612006 2.2648114211763835 2.290979658718184 648.608538812371 
146.00058254396595 2.4435220209854497E-92 45.0630172878221 1.0473984242682528 630.533851409488 0.0 0.0 281.0 274.3766452886969 2.2438821753482032 630.530891272845 1.0152620958850063 611.1877817227646 2.2275503116516266 2.310151447960561 638.5908690846048 
147.00027441287898 2.1807970950013943E-92 45.0630172878221 1.047763429007462 630.7535842624916 0.0 0.0 281.0 277.2120036800343 2.24466469458215 630.7507791775837 1.0307814375932698 620.5304254311477 2.238468815179378 2.321562195271078 629.666203492431 
148.00005759472646 2.47693964249769E-92 45.0630172878221 1.045256428796368 629.2443701354135 0.0 0.0 282.0 272.7842157101219 2.2313570655624018 629.2426924885972 1.03459726094724 622.8275510902408 2.2832243041221183 2.350664130961293 622.4925675220193 
149.00045243071997 2.173974624705571E-92 45.07879210426417 1.0417105343237811 627.109741662916 0.0 0.0 282.0 274.092350469027 2.223787563840142 627.1080930029199 1.053722952138462 634.3412171873493 2.314333895498595 2.351035870708295 636.3317952496875 
150.00035713409295 2.3205309222684764E-92 45.09407139483951 1.042336880490546 627.4868020553083 0.0 0.0 282.0 278.3733767560373 2.2251248393528607 627.4852046975066 1.0498936482919623 632.0359762717596 2.270461290648737 2.2834894470846847 627.0412893274894 
151.0002118974141 2.3205309222684764E-92 45.0630172878221 1.0418766001985509 627.2097133195275 0.0 0.0 282.0 272.825227629191 2.2241427140399095 627.2082453592545 1.0315479722615597 620.9918793014658 2.276152702951223 2.2648114211763835 635.1682262612006 
152.0005919840388 3.0121088551820098E-92 45.0630172878221 1.0411609960976678 626.7789196507954 0.0 0.0 282.0 276.81035037415484 2.222612050846077 626.776598338593 1.0403296562935598 626.278453088728 2.2624820648585193 2.2275503116516266 611.1877817227646 
153.00002588872246 3.0121088551820098E-92 45.09407139483951 1.0395493021733293 625.8086799083437 0.0 0.0 282.0 277.12199802104925 2.21917212695873 625.8065398023615 1.0559496270472113 635.6816754824175 2.2938694149936567 2.2832243041221183 622.8275510902408 
154.00019785886448 3.4314949282139185E-92 45.422191410258414 1.0404194264393207 626.3324947164713 0.0 0.0 283.0 280.8891918574916 2.213183823723276 626.3310221136871 1.0561437636895763 635.7985457411155 2.263520862218459 2.314333895498595 634.3412171873493 
155.0001731432906 2.8580842594880315E-92 45.645813506202174 1.0367551180501504 624.126581066191 0.0 0.0 283.0 276.03045224571093 2.2053890791570154 624.1251094014355 1.0213893598452737 614.8763946268575 2.2275672471076486 2.314333895498595 634.3412171873493 
156.00022781160806 4.5088674646749264E-92 45.802291221512 1.0384513049469322 625.1476855780534 0.0 0.0 282.0 280.31569934083257 2.216828992141449 625.1457757838889 1.0364337958723377 623.9331451151406 2.2258230508756047 2.276152702951223 620.9918793014658 
157.00010396990098 4.5088674646749264E-92 45.77074939773696 1.0344643792474406 622.7475563069589 0.0 0.0 280.0 277.17321492623404 2.2240918252338044 622.7457110654653 1.0152007566622685 611.1508555106876 2.204941973463552 2.2624820648585193 626.278453088728 
158.00002189536858 4.5088674646749264E-92 45.77074939773696 1.0357166105255433 623.5013995363771 0.0 0.0 280.0 271.3838624606236 2.226784477560353 623.4996537168992 1.014187754822749 610.5410284032914 2.249732253301825 2.314333895498595 634.3412171873493 
159.00038524527068 4.720070722953095E-92 45.708492700967334 1.031061576423825 620.699069007143 0.0 0.0 282.0 277.315670939748 2.201058271295152 620.6984325052329 1.034744492361119 622.9161844013979 2.246235065946699 2.263520862218459 635.7985457411155 
160.00000692670338 4.40676319171894E-92 45.76947800568896 1.0307555992968183 620.5148707766845 0.0 0.0 282.0 275.97583957123203 2.2004051423025826 620.5142501293283 1.0169735857158628 612.218098600945 2.2183757083667666 2.263520862218459 635.7985457411155 
161.000293092161 4.40676319171894E-92 45.754986632279426 1.033432155172027 622.1261574135602 0.0 0.0 283.0 276.1225485817403 2.1983236057016042 622.125580413554 1.015652045334969 611.422531291647 2.2143158334301996 2.263520862218459 635.7985457411155 
162.0001539036981 4.596555030515326E-92 45.76947800568896 1.0323806021076907 621.4931224688305 0.0 0.0 282.0 273.73653471018235 2.2038742802353237 621.4925470263616 0.9818403545616671 591.0678934461206 2.1592583323666013 2.204941973463552 611.1508555106876 
163.00150817224448 4.290874034607418E-92 45.940670083291565 1.0346529096733708 622.8610516233689 0.0 0.0 283.0 277.51584253690964 2.2009205046009512 622.8605028020689 1.0032639161019712 603.964877493396 2.176325762061921 2.249732253301825 610.5410284032914 
164.00095593063696 4.390488294868383E-92 45.97028583472918 1.0393454261356256 625.6859465336465 0.0 0.0 283.0 274.02966331457435 2.2109024526250654 625.6853940928933 1.003489278731056 604.1005457960923 2.204507856883401 2.246235065946699 622.9161844013979 
165.00063429933354 4.5793756690484426E-92 46.214061651980465 1.0362160456237024 623.8020594654693 0.0 0.0 283.0 277.8047161616408 2.2042456784950772 623.8015270141073 1.0399187840999824 626.0311080281928 2.253493449203851 2.2183757083667666 612.218098600945 
166.00182345268513 6.922054869636753E-92 46.62383515203239 1.0361230445714478 623.7460728320115 0.0 0.0 284.0 278.3167955993433 2.196287237694376 623.745575505203 1.033636203457825 622.2489944816125 2.235757971924137 2.2143158334301996 611.422531291647 
167.0004120132719 6.030596967255476E-92 46.60001128074629 1.0369595926890118 624.2496747987844 0.0 0.0 284.0 278.99832382610043 2.1980605501876056 624.2491962532796 1.0150367997359038 611.0521534410145 2.190164245652899 2.1592583323666013 591.0678934461206 
168.00006251563323 7.820567455224273E-92 46.655705660567286 1.037108497506998 624.3393154992127 0.0 0.0 284.0 280.6107482596739 2.1983762648682785 624.3388592225908 1.0261265220421318 617.7281662693546 2.201370297112483 2.176325762061921 603.964877493396 
169.000245992296 7.29853602271262E-92 46.63497439872627 1.0360501148328523 623.7021691293774 0.0 0.0 284.0 282.92396987599403 2.1961328398312254 623.701726512068 1.0277999954425319 618.7355972564017 2.186932402820427 2.314333895498595 634.3412171873493 
170.00006113184338 7.468638140678876E-92 46.57775214882727 1.036178087414358 623.7792086234438 0.0 0.0 284.0 278.1923361353291 2.196404157147799 623.7787806299749 1.026377036073961 617.8789757165237 2.221049595758637 2.314333895498595 634.3412171873493 
171.00051504508386 9.600795938844287E-92 46.57775214882727 1.0320503682310072 621.2943216750662 0.0 0.0 283.0 282.5272212610055 2.195383470752386 621.2935222229252 1.03229041676077 621.4388308899859 2.199571524882856 2.314333895498595 634.3412171873493 
172.00017010222578 8.997543187800105E-92 46.57775214882727 1.0311673342731456 620.7627352324337 0.0 0.0 283.0 273.8853602915189 2.193505222726645 620.7619780316406 1.0079284261411807 606.7729125369931 2.215426599987507 2.253493449203851 626.0311080281928 
173.00002897518465 1.2049306622486989E-91 46.80394292334379 1.0288869632471616 619.389951874791 0.0 0.0 282.0 276.7200017361283 2.1964146656455403 619.3889357120424 1.0315815501345096 621.0120931809747 2.2441893946399754 2.253493449203851 626.0311080281928 
174.0007001121293 1.2049306622486989E-91 46.80394292334379 1.0283277465335756 619.0533034132126 0.0 0.0 283.0 278.22001752416475 2.187464804839854 619.0525397696787 1.0257325606553915 617.4910015145443 2.2194341263058552 2.253493449203851 626.0311080281928 
175.00014608546928 1.2620726840577467E-91 46.77482952845462 1.0268660277470123 618.1733487037014 0.0 0.0 283.0 276.21466529567715 2.1843558853462235 618.1727155529813 1.0334987668095714 622.1662576193643 2.252473658317017 2.253493449203851 626.0311080281928 
176.00043968275364 1.2620726840577467E-91 46.77482952845462 1.025570950792707 617.3937123772098 0.0 0.0 284.0 272.1040110672688 2.1739201370748975 617.3933189292709 1.0206868069742157 614.453457798478 2.2581565607519636 2.253493449203851 626.0311080281928 
177.00013717669162 1.6355111029987253E-91 46.76885312653076 1.0269400676050275 618.2179206982263 0.0 0.0 284.0 279.3822364885556 2.1768223239810336 618.2175400106134 1.0295254415173238 619.7743157934248 2.2183740941554557 2.253493449203851 626.0311080281928 
178.00066965772686 1.456503485067817E-91 47.04638907505593 1.0262110217955842 617.7790351209418 0.0 0.0 285.0 276.0225324943698 2.16764496607726 617.778815332019 1.0144960024708531 610.7265934874503 2.2125968773940863 2.253493449203851 626.0311080281928 
179.00093078886775 2.2915098246997266E-91 47.05240094217224 1.0245474312509433 616.7775536130677 0.0 0.0 284.0 275.3387057785417 2.1717507047114593 616.7772001380542 1.0050956777135056 605.0675979835348 2.1975391954889125 2.253493449203851 626.0311080281928 
180.00025978982544 3.3777537327792924E-91 47.207405818000616 1.0267176277920351 618.0840119308054 0.0 0.0 285.0 279.26394368263095 2.1687150905391235 618.0838008036503 1.032237068664726 621.4067153361598 2.2251591349091466 2.252473658317017 622.1662576193643 
181.0003414026388 3.5381744864715126E-91 47.154196364672266 1.0248327488959552 616.9493148353648 0.0 0.0 284.0 283.8455313213522 2.1723555454186654 616.9489748989012 1.0426583699783412 627.6803387269633 2.2113447966046813 2.2581565607519636 614.453457798478 
182.000549944925 4.887293579830778E-91 47.17515844315692 1.0238939511106138 616.3841585685896 0.0 0.0 284.0 278.752095358092 2.170365585287319 616.3838262215985 1.0231595069180468 615.9420231646642 2.2096408723794867 2.2183740941554557 619.7743157934248 
183.00038884112107 4.6657037960059896E-91 47.187740162907474 1.0216354073259204 615.0245152102038 0.0 0.0 284.0 277.16561214770326 2.165578146308223 615.0241935515354 1.0155359715468213 611.3526548711898 2.2057305382653176 2.2125968773940863 610.7265934874503 
184.0000588169352 4.6657037960059896E-91 47.190886117107205 1.0193907870876902 613.673253826789 0.0 0.0 285.0 279.4611752861457 2.1532388003845244 613.6730581095893 1.0170167253101796 612.244068636727 2.1908018815487997 2.1975391954889125 605.0675979835348 
185.00017524770556 6.764164090446446E-91 47.190886117107205 1.01863637531493 613.2190979395881 0.0 0.0 285.0 276.90792979638354 2.1516452973365663 613.2189097409214 1.02573330612381 617.491450286534 2.229952210977089 2.2251591349091466 621.4067153361598 
186.00029083813055 6.764164090446446E-91 47.62360591935994 1.0186807054365132 613.2457846727808 0.0 0.0 284.0 279.6694955902052 2.1593151044296355 613.2454896580165 1.0274348807743954 618.5157982261833 2.2115955010427153 2.2113447966046813 627.6803387269633 
187.00085453544256 6.764164090446446E-91 47.90381889515991 1.0192634954343398 613.596624251472 0.0 0.0 284.0 282.04812486033774 2.160550467276499 613.5963327065253 1.037929963101154 624.8338377868948 2.2153447681890985 2.2183740941554557 619.7743157934248 
188.00010448493984 6.764164090446446E-91 47.95574281936156 1.0155864578175722 611.3830476061784 0.0 0.0 284.0 283.8471231444745 2.152756213845175 611.3827647320294 1.0213541617839101 614.8552053939093 2.166149153045867 2.2183740941554557 619.7743157934248 
189.0006198479068 1.0619701545408706E-90 48.045343807540036 1.016313199271908 611.8205459616883 0.0 0.0 284.0 280.37081124819315 2.154296742430919 611.8202748503808 1.0206505190655737 614.4316124774834 2.1914963606306688 2.2183740941554557 619.7743157934248 
190.00010275473196 1.2011656808563628E-90 48.13297291624076 1.0176467185606086 612.6233245734862 0.0 0.0 284.0 279.96037543150936 2.157123452373289 612.6230604740139 1.022176954933509 615.3505268699702 2.1979915047674736 2.2183740941554557 619.7743157934248 
191.00139008802802 1.4151048074480666E-90 48.45412382948051 1.0176934665453903 612.6514668603252 0.0 0.0 284.0 276.15208688925264 2.1572226439601065 612.6512308846702 1.0015751298775066 602.9482281862688 2.1833918945833415 2.2183740941554557 619.7743157934248 
192.00069725167415 1.9619897810747857E-90 48.45412382948051 1.0154530531863186 611.3027380181644 0.0 0.0 285.0 281.36568876863936 2.1449210897278554 611.3025105724395 1.05034241668998 632.3061348473733 2.247275201232174 2.2183740941554557 619.7743157934248 
193.00062989918237 1.7554802848164833E-90 48.45412382948051 1.0156957200920362 611.4488234954057 0.0 0.0 284.0 275.8587113455026 2.1529880466973994 611.4486052620614 1.0035828250699492 604.1568606921103 2.190095276474436 2.1908018815487997 612.244068636727 
194.00023095711978 1.6358989766352534E-90 48.48859234930739 1.0130742914644675 609.8707234616098 0.0 0.0 285.0 276.54864603847363 2.139896565235413 609.8705210920929 1.0234140628735648 616.0952658498928 2.227800695014725 2.1908018815487997 612.244068636727 
195.00001438137048 1.6358989766352534E-90 48.5195810703261 1.0094934151674033 607.7150359307772 0.0 0.0 285.0 279.0607930570899 2.1323328078037864 607.7148502240793 1.0328831266258494 621.7956422287608 2.2281727053701688 2.1908018815487997 612.244068636727 
196.00011455827038 1.3546867730413893E-90 48.51445982929775 1.0089628141689233 607.3956141296919 0.0 0.0 284.0 281.04194424074007 2.138716316290267 607.3954338264359 1.0118165909640113 609.1135877603399 2.167340499319113 2.1908018815487997 612.244068636727 
197.00067276207247 1.2036038493100695E-90 48.51445982929775 1.0112603041154524 608.7787030775019 0.0 0.0 286.0 282.0231374064859 2.128596309875998 608.7785446245348 0.9973349094940136 600.3956155154021 2.1288877963584927 2.1908018815487997 612.244068636727 
198.00001049715124 1.8550659792444734E-90 48.53171248195316 1.009775840254604 607.8850558332722 0.0 0.0 286.0 278.8013152928041 2.125471675560459 607.8848992102918 1.0135352411496523 610.14821517209 2.188469643808162 2.190095276474436 604.1568606921103 
199.0000569674839 1.8550659792444734E-90 48.52820754040836 1.008784400615392 607.2882091704657 0.0 0.0 286.0 284.3069140587002 2.123384814938111 607.2880570722997 1.0274094231587996 618.5004727416014 2.1754675745026057 2.227800695014725 616.0952658498928 
200.00063151438945 1.7397421811019678E-90 48.540341108911036 1.009971550148199 608.0028731892155 0.0 0.0 287.0 276.1978434605239 2.118476608450546 608.0027866253063 1.0023014181978884 603.3854537551279 2.1846131968129137 2.2281727053701688 621.7956422287608 
201.00008759973002 1.7397421811019678E-90 48.53710519404415 1.0126512074499394 609.6160268848635 0.0 0.0 287.0 279.78074200170346 2.1240973552415836 609.6159409543343 0.9824185281864134 591.4159539682223 2.1138551200376097 2.167340499319113 609.1135877603399 
202.00027148343165 1.8550659792444734E-90 48.528207540381544 1.011948906349341 609.193241622303 0.0 0.0 287.0 281.3502327636521 2.1226242451489616 609.1931583577518 0.9874927537148952 594.4706377363682 2.112920369380865 2.1288877963584927 600.3956155154021 
203.0000638571107 1.7397421811019678E-90 48.5195810703261 1.0107063448587958 608.445219604995 0.0 0.0 286.0 278.2291989079545 2.1274303495573563 608.4450799734038 1.002959481055927 603.7816075956663 2.170087143856576 2.188469643808162 610.14821517209 
204.00052765806342 2.2488154188281312E-90 48.59646459033741 1.0140659372065721 610.467694198356 0.0 0.0 287.0 285.4131168518684 2.1270648515151973 610.4676123848615 1.0035851144154473 604.1582388781014 2.116785120256629 2.1754675745026057 618.5004727416014 
205.0004773538629 1.7397421811019678E-90 48.782566512170355 1.0126661064409668 609.6249960774619 0.0 0.0 287.0 280.36076259882077 2.124128623429639 609.6249149243062 0.9753533357514642 587.1627081223786 2.0943112819341727 2.227800695014725 616.0952658498928 
206.00009724600716 1.7397421811019678E-90 48.98788415672295 1.0106796989721503 608.4291787812342 0.0 0.0 286.0 278.8109408617481 2.1273744753128243 608.4290999394678 0.9868857022454118 594.1051927517444 2.130853225900984 2.227800695014725 616.0952658498928 
207.0004871236086 2.725868057157024E-90 48.96366835673815 1.0121136770135888 609.29243356218 0.0 0.0 286.0 281.9391033436234 2.1303928562958143 609.2923569006026 0.996661663438809 599.9903213901636 2.1280848036850846 2.227800695014725 616.0952658498928 
208.00039965540955 2.725868057157024E-90 48.96366835673815 1.011532489696795 608.9425587974707 0.0 0.0 286.0 278.28070417519086 2.1291695227479583 608.9424835059162 0.9840775744662906 592.4146998286998 2.128838582554925 2.227800695014725 616.0952658498928 
209.00005142937724 2.725868057157024E-90 49.1429853185027 1.0083330361977505 607.016487791046 0.0 0.0 287.0 278.962817491449 2.115039771587551 607.0164144456274 0.985388169721162 593.2036781721487 2.126461452843378 2.227800695014725 616.0952658498928 
210.00000654461144 4.85173770457882E-90 49.264080619020476 1.0070861604625894 606.2658685984788 0.0 0.0 287.0 279.4447783179793 2.112424375909816 606.2657958861173 0.9880633774685688 594.8141532360798 2.128557050936349 2.227800695014725 616.0952658498928 
211.00011840825044 4.85173770457882E-90 49.2082796209 1.0034206323221082 604.0592206579092 0.0 0.0 287.0 276.124303146362 2.1047357103834083 604.0591488800383 0.9999530268230206 601.9717221474561 2.180075115765438 2.227800695014725 616.0952658498928 
212.00000020642133 4.268628093486135E-90 49.2082796209 1.0014255585761778 602.8581862628589 0.0 0.0 287.0 279.4536141327855 2.100550930547687 602.8581170671862 1.0070086270201717 606.2191934661436 2.1693016758698698 2.1280848036850846 599.9903213901636 
213.00001941181827 4.268628093486135E-90 49.13397659698304 0.9989637179311548 601.3761581945557 0.0 0.0 287.0 282.7526603231437 2.095387079200122 601.3760917304355 0.9934059882797897 598.030404944436 2.115030161912455 2.128838582554925 592.4146998286998 
214.00039522359882 6.2669668773107215E-90 49.29474336325924 1.0007614594693286 602.4583986005358 0.0 0.0 285.0 284.38856363753735 2.1138888569193757 602.4583242220218 1.0025258806340922 603.5205801417272 2.1221689523033502 2.128838582554925 592.4146998286998 
215.00011451584444 8.627777416688423E-90 49.36380433540616 1.001391029327815 602.8373996553449 0.0 0.0 287.0 283.57759127991346 2.10047854536051 602.8373425184665 0.9875730310630173 594.5189646999403 2.096494867653711 2.128838582554925 592.4146998286998 
216.00061866574194 8.627777416688423E-90 49.34214386380475 1.0021189294647752 603.2755955377952 0.0 0.0 287.0 286.347016907986 2.102005369496601 603.2755410455247 0.9951772543336425 599.0967071088465 2.09220516273567 2.128838582554925 592.4146998286998 
217.00003271766317 1.1874622940777874E-89 49.29364793675125 1.0045435101128737 604.7351930879505 0.0 0.0 287.0 284.2936779638623 2.1070910796093907 604.7351398478955 1.0017395268824447 603.0471951832412 2.1212121194615414 2.128838582554925 592.4146998286998 
218.00025948043475 2.1086933791620064E-89 49.31035583718927 1.0054399458769152 605.2748474179033 0.0 0.0 286.0 285.1737182772547 2.116345389077467 605.2747812761561 0.9765089664339033 587.8583977932137 2.061404540868944 2.128838582554925 592.4146998286998 
219.00037818371842 2.2444679599769177E-89 49.31035583718927 1.0036206411436355 604.1796259684685 0.0 0.0 286.0 285.31194751982696 2.1125159468263788 604.1795607923448 0.9779956589171357 588.7533866681218 2.0635427004934943 2.128838582554925 592.4146998286998 
220.0001208046743 2.2444679599769177E-89 49.31035583718927 1.0046115922853744 604.7761785557958 0.0 0.0 286.0 280.89341849102516 2.114601792421413 604.7761126325246 0.9755873989751631 587.303614183051 2.09084149190137 2.128838582554925 592.4146998286998 
221.00082985154089 2.2444679599769177E-89 49.31035583718927 1.0035589334888815 604.142477960307 0.0 0.0 286.0 284.60939503478176 2.1123860631071736 604.1424140486519 1.0037350407027668 604.2484945030675 2.1230799300536902 2.128838582554925 592.4146998286998 
222.000117226638 2.1946898244850863E-89 49.332002354317 1.0063887651164194 605.846036600085 0.0 0.0 286.0 283.444692268987 2.1183425627370873 605.8459729428077 0.9965995023553846 599.9529004179367 2.116648915226769 2.1212121194615414 603.0471951832412 
223.00001588550623 2.1459918308635464E-89 49.43213818471232 1.0051728046130928 605.1140283770821 0.0 0.0 285.0 283.3197781162471 2.123206890484767 605.1139637881586 0.9842239305628137 592.5028061988207 2.091286426024641 2.061404540868944 587.8583977932137 
224.00037558225486 2.288245051717858E-89 49.43213818471232 1.0046853089632573 604.8205559958813 0.0 0.0 285.0 282.8670114164124 2.1221771652095223 604.820492084714 1.007586370047394 606.5669947685362 2.1443539553490054 2.0635427004934943 588.7533866681218 
225.0004251989304 2.818413279210347E-89 49.502491687437264 1.0049184214179347 604.9608896935963 0.0 0.0 286.0 284.32377802978084 2.1152476631906647 604.9608316725299 1.0153593165058883 611.246308536545 2.149824797532486 2.09084149190137 587.303614183051 
226.00193409990965 3.4160698591342915E-89 49.500291625675494 1.007171761070185 606.3174001642509 0.0 0.0 286.0 280.82169980346225 2.119990705115392 606.3173416630019 1.0027733307035311 603.6695450835356 2.1496541951922654 2.0635427004934943 588.7533866681218 
227.0007858323521 3.1217752720695415E-89 49.61702975010422 1.007456415447799 606.4887620995745 0.0 0.0 286.0 282.85102217649546 2.1205898752831565 606.4887043309824 1.0186753016687131 613.2425316045695 2.1680760666366408 2.0635427004934943 588.7533866681218 
228.00007595790646 6.313608562591054E-89 49.61702975010422 1.008191134081211 606.9310627168885 0.0 0.0 287.0 285.5378941356154 2.114742217492344 606.9310164203026 1.0350725590080527 623.1136805228543 2.1822451356558243 2.0635427004934943 588.7533866681218 
229.00025967534785 8.153808925279143E-89 49.60462704307943 1.0087675618485052 607.2780722327997 0.0 0.0 286.0 285.9290465473571 2.1233494639100865 607.2779466782844 1.0361395548457846 623.7560120171615 2.1815062846853923 2.1443539553490054 606.5669947685362 
230.00019910981396 8.153808925279143E-89 49.60462704307943 1.0087593563021762 607.2731324939108 0.0 0.0 286.0 286.40467783893564 2.1233322173499682 607.2730141620913 1.0322764308817065 621.4304113907865 2.169763483193728 2.149824797532486 611.246308536545 
231.00060096442994 8.153808925279143E-89 49.534128384487126 1.0097974615725105 607.8980718666513 0.0 0.0 286.0 282.47456527662865 2.1255173186318452 607.8979531287076 1.0155150925451903 611.3400857122048 2.164230556876923 2.1496541951922654 603.6695450835356 
232.00040595494042 8.339673439797456E-89 49.49561681880941 1.0060191382322676 605.6235212158251 0.0 0.0 285.0 276.42288252950794 2.124994368684948 605.6233950752099 1.0097082705966416 607.8443788991833 2.198965488446118 2.1680760666366408 613.2425316045695 
233.00004818945905 1.0768487658489215E-88 49.51514394076935 1.0086058638704556 607.1807300500141 0.0 0.0 286.0 280.17580552710035 2.123009182194898 607.180626107741 0.994788896897542 598.8629159323184 2.1374540703315392 2.1822451356558243 623.1136805228543 
234.00035852155773 9.404836325218505E-89 49.56137964842442 1.0074304396903382 606.4731246935835 0.0 0.0 285.0 281.7692725020222 2.127975453728837 606.4730043127184 1.0049111641169346 604.9565207983983 2.1469925213156684 2.1815062846853923 623.7560120171615 
235.00009748623503 9.404836325218505E-89 49.60683174212267 1.0059400196433492 605.5758918252958 0.0 0.0 285.0 270.6257105331014 2.12482727419576 605.5757731457912 0.9869028051021733 594.1154886715146 2.195340152645422 2.169763483193728 621.4304113907865 
236.00021458161424 8.276716087730792E-89 49.50359175509777 1.0043216355624216 604.6016246085773 0.0 0.0 285.0 277.7718090510793 2.1214087956736214 604.6015067669816 0.9793459720749195 589.566275189108 2.1224841973819344 2.164230556876923 611.3400857122048 
237.00006182840323 8.276716087730792E-89 49.336387616071356 1.0023457934595783 603.412167662666 0.0 0.0 285.0 275.0104768644856 2.1172352807477037 603.4120550130953 0.9769445897663808 588.1206430393638 2.138539046747541 2.198965488446118 607.8443788991833 
238.00028099320775 1.139081573095412E-88 49.336387616071356 0.9989561293763618 601.3715898845691 0.0 0.0 285.0 280.26244476973216 2.1100756079464422 601.3715482647353 1.0051439476559811 605.0966564888995 2.15903581725356 2.198965488446118 607.8443788991833 
239.00024333374722 9.944378265788828E-89 49.17220677745495 0.9933428633141033 597.9924037150904 0.0 0.0 284.0 272.7650463611628 2.105606677104326 597.9922962976287 0.985218306553113 593.1014205449737 2.174404046476175 2.1374540703315392 598.8629159323184 
240.00018809081692 9.944378265788828E-89 49.08295836034588 0.9937234256120248 598.221502218439 0.0 0.0 285.0 278.28718875292867 2.099022668001808 598.2214603805153 0.9802127335710437 590.0880656097671 2.120428425951236 2.1469925213156684 604.9565207983983 
241.00029958055015 1.0172301671201253E-88 48.890277910790246 0.9930178482368992 597.7967446386131 0.0 0.0 284.0 280.0208957630272 2.1049179612262505 597.796700988255 0.9832123437500699 591.8938309375472 2.1137487947986857 2.195340152645422 594.1154886715146 
242.00004440312372 1.0172301671201253E-88 48.937833238757904 0.9889557918721057 595.3513867070071 0.0 0.0 285.0 278.8753654143668 2.088952089279657 595.3513454447018 0.9824236162822472 591.4190170019219 2.1207287926746856 2.1224841973819344 589.566275189108 
243.00042655523282 1.3130757683731127E-88 48.97264585208076 0.9901218691040349 596.0533652006285 0.0 0.0 284.0 279.02241500664536 2.098779342942247 596.0533333955977 0.9705239446512195 584.2554146800354 2.0939372009453807 2.138539046747541 588.1206430393638 
244.00119951159547 1.0555257317997181E-88 48.97264585208076 0.9884003930071471 595.0170365903026 0.0 0.0 284.0 277.71990574785343 2.095130298836107 595.0170048694545 0.9644492121507667 580.5984257147529 2.0905898846224154 2.15903581725356 605.0966564888995 
245.0008023347536 1.0797541876188783E-88 48.69050863505227 0.9866606289670234 593.9696986381475 0.0 0.0 284.0 271.1560229411484 2.0914424949500163 593.969668565804 0.9542814152393397 574.4774119740796 2.1186230928706458 2.174404046476175 593.1014205449737 
246.0002486344513 1.0797541876188783E-88 48.53710519397038 0.9874688816357523 594.4562667447226 0.0 0.0 284.0 279.5189333436189 2.093155762973129 594.4562366843685 0.9782820697868986 588.9258060117105 2.10692635009354 2.120428425951236 590.0880656097671 
247.00112604352378 1.0797541876188783E-88 48.53710519397038 0.9870168738601304 594.1841580637982 0.0 0.0 285.0 278.4689583872937 2.084856587849737 594.1841275371748 0.9733386720066319 585.9498805479984 2.1041838341387455 2.120428425951236 590.0880656097671 
248.00063105249268 9.859880607725829E-89 48.58026846821148 0.9863355171027804 593.7739812958737 0.0 0.0 285.0 277.42873714252704 2.083417399070377 593.7739587350575 0.9742880143993276 586.5213846683904 2.114133491394834 2.120428425951236 590.0880656097671 
249.00015555957322 9.859880607725829E-89 48.57622028118099 0.9848967361686598 592.907835173533 0.0 0.0 284.0 277.2765710057382 2.087703518827938 592.9077993471343 0.9734265034305857 586.0027550652092 2.113423261618025 2.120428425951236 590.0880656097671 
250.0001131882008 1.2611478522280158E-88 48.57810939314573 0.9819368577598491 591.1259883714295 0.0 0.0 284.0 275.37764357796027 2.0814294133063127 591.1259533789935 0.9693576453789009 583.5533025180907 2.1191019537244498 2.120428425951236 590.0880656097671 
251.0002809991542 1.295317233967035E-88 48.570823223212564 0.9824166785807931 591.4148405056376 0.0 0.0 284.0 280.89170397519945 2.082446501031757 591.4148062930188 0.9759499664646303 587.5218798117152 2.0916312995259867 2.120428425951236 590.0880656097671 
252.000044619701 0.0 0.0 0.0 0.0 0.0 0.0 285.0 280.2866810171647 0.0 0.0 0.8975213913445668 540.3078775894301 1.9276972977404578 2.120428425951236 590.0880656097671 
253.00066831539513 0.0 0.0 0.0 0.0 0.0 0.0 285.0 270.98132285645215 0.0 0.0 0.47422674983468793 285.4845034004822 1.0535209600099003 2.120428425951236 590.0880656097671 
254.00002919053819 0.0 0.0 0.0 0.0 0.0 0.0 286.0 278.52138890168436 0.0 0.0 0.13237610930772542 79.69041780325139 0.2861195620110218 2.120428425951236 590.0880656097671 
255.0000353003458 0.0 0.0 0.0 0.0 0.0 0.0 285.0 279.46642559884185 0.0 0.0 0.03151207908277174 18.97027160782865 0.0678803243258258 2.120428425951236 590.0880656097671 
256.00013134207444 0.0 0.0 0.0 0.0 0.0 0.0 284.0 282.0162825647128 0.0 0.0 0.010086815803298477 6.072263113585631 0.02153160469446391 2.10692635009354 588.9258060117105 
257.00016962843364 0.0 0.0 0.0 0.0 0.0 0.0 283.0 284.33692980068616 0.0 0.0 0.007347841652914319 4.423400675054416 0.015556898212817874 2.10692635009354 588.9258060117105 
258.00075247384973 0.0 0.0 0.0 0.0 0.0 0.0 284.0 283.39708719862705 0.0 0.0 0.007134478398653912 4.29495599598962 0.01515525808132028 2.10692635009354 588.9258060117105 
259.0001243926956 0.0 0.0 0.0 0.0 0.0 0.0 285.0 280.1808338812328 0.0 0.0 0.006112694052834388 3.6798418198062572 0.013133809935643647 2.10692635009354 588.9258060117105 
260.0002235694193 0.0 0.0 0.0 0.0 0.0 0.0 285.0 283.10686701107136 0.0 0.0 0.0056057159234771635 3.3746409859332416 0.011920025188937824 2.10692635009354 588.9258060117105 
261.0006557759468 0.0 0.0 0.0 0.0 0.0 0.0 285.0 284.1745687512888 0.0 0.0 3.316257629773212E-4 0.19963870931234767 7.025213768761716E-4 2.10692635009354 588.9258060117105 
262.0001208196748 0.0 0.0 0.0 0.0 0.0 0.0 285.0 281.58615758751387 0.0 0.0 1.2925895558655863E-4 0.07781389126310903 2.763413227758731E-4 2.10692635009354 588.9258060117105 
263.00025595047066 0.0 0.0 0.0 0.0 0.0 0.0 285.0 280.89785923137066 0.0 0.0 1.2259534258443294E-5 0.007380239623582767 2.6273748200778535E-5 2.10692635009354 588.9258060117105 
264.0008887767986 0.0 0.0 0.0 0.0 0.0 0.0 285.0 281.2299852774537 0.0 0.0 4.622917795050215E-6 0.0027829965126202156 9.895802931094238E-6 0.02153160469446391 6.072263113585631 
265.00075663626734 0.0 0.0 0.0 0.0 0.0 0.0 285.0 282.6250336403223 0.0 0.0 3.092254779085631E-6 0.001861537377009568 6.586597630904205E-6 0.01515525808132028 4.29495599598962 
266.0001335920555 0.0 0.0 0.0 0.0 0.0 0.0 285.0 286.0270455788712 0.0 0.0 1.4460140279295695E-6 8.705004448135969E-4 3.0434200481001674E-6 0.013133809935643647 3.6798418198062572 
267.0002460633775 0.0 0.0 0.0 0.0 0.0 0.0 285.0 286.75618124209234 0.0 0.0 1.3960473476723347E-6 8.404205032987432E-4 2.930784262987596E-6 0.011920025188937824 3.3746409859332416 
268.0003527036795 0.0 0.0 0.0 0.0 0.0 0.0 285.0 282.90413131994035 0.0 0.0 3.324055052977795E-7 2.0010811418926512E-4 7.073354258052879E-7 7.025213768761716E-4 0.19963870931234767 
269.00017307756247 0.0 0.0 0.0 0.0 0.0 0.0 285.0 279.80065838483597 0.0 0.0 1.5830682250365506E-7 9.530070714719921E-5 3.4060215475305723E-7 2.6273748200778535E-5 0.007380239623582767 
270.00130393348945 0.0 0.0 0.0 0.0 0.0 0.0 285.0 279.356627305274 0.0 0.0 4.323963863154664E-8 2.603026245619088E-5 9.317932675263027E-8 2.6273748200778535E-5 0.007380239623582767 
271.0001592292623 0.0 0.0 0.0 0.0 0.0 0.0 285.0 282.49470632115134 0.0 0.0 2.2014654303767998E-9 1.3252821890868534E-6 4.691352295926634E-9 2.6273748200778535E-5 0.007380239623582767 
272.0002806570697 0.0 0.0 0.0 0.0 0.0 0.0 285.0 277.59343354972157 0.0 0.0 8.29804866268107E-10 4.995425294934038E-7 1.799547356382E-9 2.6273748200778535E-5 0.007380239623582767 
273.000021038152 0.0 0.0 0.0 0.0 0.0 0.0 285.0 284.14541166305145 0.0 0.0 8.816007945138959E-10 5.307236782973678E-7 1.8677890140514274E-9 2.6273748200778535E-5 0.007380239623582767 
274.0001443855457 0.0 0.0 0.0 0.0 0.0 0.0 285.0 283.13928033611614 0.0 0.0 9.23773921776975E-10 5.561119009097409E-7 1.9640930790301424E-9 2.6273748200778535E-5 0.007380239623582767 
275.00068197675796 0.0 0.0 0.0 0.0 0.0 0.0 285.0 279.4128200307863 0.0 0.0 3.091828622347988E-10 1.861280830653502E-7 6.661400970966265E-10 2.6273748200778535E-5 0.007380239623582767 
276.00006261352195 0.0 0.0 0.0 0.0 0.0 0.0 284.0 282.08788670840556 0.0 0.0 5.09625377627657E-15 3.0679447733184766E-12 1.0875847272697013E-14 2.6273748200778535E-5 0.007380239623582767 
277.0002367295321 0.0 0.0 0.0 0.0 0.0 0.0 284.0 282.9381645887791 0.0 0.0 4.2110971885654864E-16 2.535080507516414E-13 8.959839374093937E-16 2.6273748200778535E-5 0.007380239623582767 
278.0003675273894 0.0 0.0 0.0 0.0 0.0 0.0 285.0 280.4347967109597 0.0 0.0 1.657402026581661E-17 9.977560200021469E-15 3.557889504812487E-17 2.6273748200778535E-5 0.007380239623582767 
279.0001434084041 0.0 0.0 0.0 0.0 0.0 0.0 286.0 280.6466886271261 0.0 0.0 4.235603927125527E-18 2.5498335641295488E-15 9.085564403424402E-18 1.9640930790301424E-9 5.561119009097409E-7 
280.0013726062254 0.0 0.0 0.0 0.0 0.0 0.0 286.0 281.7790221859101 0.0 0.0 4.12823826364825E-18 2.4851994347162727E-15 8.819675132084908E-18 6.661400970966265E-10 1.861280830653502E-7 
281.0005701225372 0.0 0.0 0.0 0.0 0.0 0.0 286.0 280.82233686237305 0.0 0.0 4.1066832018657036E-18 2.4722232875231357E-15 8.803513691771379E-18 1.0875847272697013E-14 3.0679447733184766E-12 
282.00010704829333 0.0 0.0 0.0 0.0 0.0 0.0 286.0 280.879476636073 0.0 0.0 2.6874738999506705E-18 1.6178592877703108E-15 5.7599768667559934E-18 8.959839374093937E-16 2.535080507516414E-13 
283.000202511405 0.0 0.0 0.0 0.0 0.0 0.0 287.0 282.8338010862368 0.0 0.0 8.210374568703292E-19 4.942645490359408E-16 1.7475441306438414E-18 3.557889504812487E-17 9.977560200021469E-15 
284.0003866535036 0.0 0.0 0.0 0.0 0.0 0.0 287.0 278.9750625029921 0.0 0.0 2.62120494772063E-19 1.5779653785278254E-16 5.656295456555014E-19 9.085564403424402E-18 2.5498335641295488E-15 
285.00068283932114 0.0 0.0 0.0 0.0 0.0 0.0 287.0 278.0438113547656 0.0 0.0 1.8205674783056053E-19 1.0959816219399867E-16 3.9417587343513514E-19 8.819675132084908E-18 2.4851994347162727E-15 
286.00016814485406 0.0 0.0 0.0 0.0 0.0 0.0 287.0 283.66425029817964 0.0 0.0 4.2119993494207938E-22 2.535623608351285E-19 8.938819769096425E-22 8.803513691771379E-18 2.4722232875231357E-15 
287.0005767353239 0.0 0.0 0.0 0.0 0.0 0.0 287.0 283.189082746016 0.0 0.0 7.915522947305401E-23 4.76514481427783E-20 1.6826724985551608E-22 5.7599768667559934E-18 1.6178592877703108E-15 
288.0001771948731 0.0 0.0 0.0 0.0 0.0 0.0 287.0 280.03911741874026 0.0 0.0 7.805269357246754E-23 4.698772153062521E-20 1.6778985008856761E-22 1.7475441306438414E-18 4.942645490359408E-16 
289.00061206567386 0.0 0.0 0.0 0.0 0.0 0.0 287.0 281.47622785955696 0.0 0.0 7.772955392996836E-23 4.67931914658415E-20 1.6624207245376701E-22 5.656295456555014E-19 1.5779653785278254E-16 
290.00004653958547 0.0 0.0 0.0 0.0 0.0 0.0 287.0 280.4766818220172 0.0 0.0 7.741088677009735E-23 4.660135383559876E-20 1.661505460378011E-22 3.9417587343513514E-19 1.0959816219399867E-16 
291.0001249751077 0.0 0.0 0.0 0.0 0.0 0.0 287.0 275.7355951628904 0.0 0.0 7.75628331709789E-23 4.66928255689288E-20 1.693391291804204E-22 8.938819769096425E-22 2.535623608351285E-19 
292.00025600592693 0.0 0.0 0.0 0.0 0.0 0.0 287.0 281.02153686382036 0.0 0.0 7.393549840079912E-23 4.450917003728047E-20 1.5838348382120293E-22 1.6826724985551608E-22 4.76514481427783E-20 
293.00012105423156 0.0 0.0 0.0 0.0 0.0 0.0 286.0 280.1663638917267 0.0 0.0 1.498823933198835E-23 9.022920077857061E-21 3.220557940118774E-23 1.6778985008856761E-22 4.698772153062521E-20 
294.00021149760704 0.0 0.0 0.0 0.0 0.0 0.0 285.0 280.61778015643733 0.0 0.0 5.258822501560279E-25 3.1658111459392705E-22 1.1281577183649627E-24 1.6624207245376701E-22 4.67931914658415E-20 
295.0005279402805 0.0 0.0 0.0 0.0 0.0 0.0 285.0 281.90633165518744 0.0 0.0 4.272122892092887E-27 2.5718179810399245E-24 9.122952173297169E-27 1.661505460378011E-22 4.660135383559876E-20 
296.00022479739926 0.0 0.0 0.0 0.0 0.0 0.0 285.0 279.6759359482727 0.0 0.0 4.4673561833325366E-30 2.6893484223661693E-27 9.615945015961531E-30 1.693391291804204E-22 4.66928255689288E-20 
297.0006496867606 0.0 0.0 0.0 0.0 0.0 0.0 285.0 281.4731311168042 0.0 0.0 4.4498833142512135E-35 2.678829755179228E-32 9.517177517265694E-35 1.5838348382120293E-22 4.450917003728047E-20 
298.00032867811757 0.0 0.0 0.0 0.0 0.0 0.0 285.0 282.31954946227376 0.0 0.0 -1.8282142818737257E-44 -1.100584997687998E-41 -3.8983662299839026E-44 3.220557940118774E-23 9.022920077857061E-21 
299.0000909807008 0.0 0.0 0.0 0.0 0.0 0.0 284.0 282.6312826763029 0.0 0.0 -3.1124064705532915E-47 -1.873668695273093E-44 -6.629374772427448E-47 1.5838348382120293E-22 4.450917003728047E-20 
300.0000632676798 0.0 0.0 0.0 0.0 0.0 0.0 284.0 277.5304126271592 0.0 0.0 -6.641511922383391E-48 -3.998190177274827E-45 -1.4406313670012404E-47 1.5838348382120293E-22 4.450917003728047E-20 
#####################################################################
# End of data export. Simulation finished at: 2021-12-09T08:55+0000 #
#####################################################################
