#####################################################################
# Alchemist log file - simulation started at: 2021-12-09T08:43+0000 #
#####################################################################
# random = 12.0
#
# The columns have the following meaning: 
# time localWarningInSystem[Min] localWarningInSystem[Max] localWarningInSystem[Mean] localWarningInSystem[Sum] meanWarningAtDetector[Sum] dataAtCollector[Sum] inSurveillanceArea[Sum] numDevicesAtDetector[Sum] localWarningInSurveillanceArea[Mean] localWarningInSurveillanceArea[Sum] sumWarningAtDetector[Mean] sumWarningAtDetector[Sum] meanWarningOverallAtDetector[Sum] meanWarningAtCollector[Sum] sumWarningAtCollector[Sum] 
0.0 0.0 0.0 0.0 0.0 0.0 0.0 0.0 0.0 0.0 0.0 0.0 0.0 0.0 0.0 0.0 
1.0005590746559656 0.0 0.0 0.0 0.0 0.0 0.0 73.0 1.0 0.0 0.0 0.0 0.0 0.0 0.0 0.0 
2.0 0.0 0.0 0.0 0.0 0.0 0.0 255.0 12.431123720999327 0.0 0.0 0.0 0.0 0.0 0.0 0.0 
3.000114259807339 0.0 0.0 0.0 0.0 0.0 0.0 274.0 50.171821382898806 0.0 0.0 0.0 0.0 0.0 0.0 0.0 
4.000559074655966 0.0 0.0 0.0 0.0 0.0 0.0 280.0 120.95167807931661 0.0 0.0 0.0 0.0 0.0 0.0 0.0 
5.0000860284767015 0.0 0.0 0.0 0.0 0.0 0.0 280.0 188.7706985620233 0.0 0.0 0.0 0.0 0.0 0.0 0.0 
6.000084554308309 0.0 0.0 0.0 0.0 0.0 0.0 281.0 240.52803055028366 0.0 0.0 0.0 0.0 0.0 0.0 0.0 
7.00023654399165 0.0 0.0 0.0 0.0 0.0 0.0 280.0 266.17412455870476 0.0 0.0 0.0 0.0 0.0 0.0 0.0 
8.00008888933608 0.0 0.0 0.0 0.0 0.0 0.0 280.0 274.9879282852265 0.0 0.0 0.0 0.0 0.0 0.0 0.0 
9.000022503673321 0.0 0.0 0.0 0.0 0.0 0.0 280.0 277.5070388681866 0.0 0.0 0.0 0.0 0.0 0.0 0.0 
10.000101779413749 0.0 0.0 0.0 0.0 0.0 0.0 280.0 276.8333440620389 0.0 0.0 0.0 0.0 0.0 0.0 0.0 
11.00023460099941 0.0 0.0 0.0 0.0 0.0 0.0 280.0 273.2883094471803 0.0 0.0 0.0 0.0 0.0 0.0 0.0 
12.000459160055737 0.0 0.0 0.0 0.0 0.0 0.0 280.0 277.85792663826254 0.0 0.0 0.0 0.0 0.0 0.0 0.0 
13.000146378894152 0.0 0.0 0.0 0.0 0.0 0.0 280.0 281.27223747467156 0.0 0.0 0.0 0.0 0.0 0.0 0.0 
14.000161140583755 0.0 0.0 0.0 0.0 0.0 0.0 280.0 278.8317223969155 0.0 0.0 0.0 0.0 0.0 0.0 0.0 
15.000413254591852 0.0 0.0 0.0 0.0 0.0 0.0 280.0 279.5208429202791 0.0 0.0 0.0 0.0 0.0 0.0 0.0 
16.00024841223719 0.0 0.0 0.0 0.0 0.0 0.0 280.0 278.21996351870285 0.0 0.0 0.0 0.0 0.0 0.0 0.0 
17.000053469805376 0.0 0.0 0.0 0.0 0.0 0.0 280.0 276.65141977278165 0.0 0.0 0.0 0.0 0.0 0.0 0.0 
18.000559074655968 0.0 0.0 0.0 0.0 0.0 0.0 280.0 277.3827198885786 0.0 0.0 0.0 0.0 0.0 0.0 0.0 
19.00051610696579 0.0 0.0 0.0 0.0 0.0 0.0 279.0 277.36534529716096 0.0 0.0 0.0 0.0 0.0 0.0 0.0 
20.00035422149106 0.0 0.0 0.0 0.0 0.0 0.0 281.0 280.1559740747522 0.0 0.0 0.0 0.0 0.0 0.0 0.0 
21.000559074655968 0.0 0.0 0.0 0.0 0.0 0.0 281.0 278.4202818242232 0.0 0.0 0.0 0.0 0.0 0.0 0.0 
22.000070482453708 0.0 0.0 0.0 0.0 0.0 0.0 281.0 275.3109734684712 0.0 0.0 0.0 0.0 0.0 0.0 0.0 
23.000138114997945 0.0 0.0 0.0 0.0 0.0 0.0 281.0 273.7756819845768 0.0 0.0 0.0 0.0 0.0 0.0 0.0 
24.000167764957187 0.0 0.0 0.0 0.0 0.0 0.0 281.0 273.51953005044504 0.0 0.0 0.0 0.0 0.0 0.0 0.0 
25.000042482815676 0.0 0.0 0.0 0.0 0.0 0.0 281.0 275.8530738036222 0.0 0.0 0.0 0.0 0.0 0.0 0.0 
26.000043111103803 0.0 0.0 0.0 0.0 0.0 0.0 281.0 276.4071641639153 0.0 0.0 0.0 0.0 0.0 0.0 0.0 
27.000223662824844 0.0 0.0 0.0 0.0 0.0 0.0 281.0 275.89959458587435 0.0 0.0 0.0 0.0 0.0 0.0 0.0 
28.00041684185665 0.0 0.0 0.0 0.0 0.0 0.0 281.0 275.5622122119307 0.0 0.0 0.0 0.0 0.0 0.0 0.0 
29.00009715041299 0.0 0.0 0.0 0.0 0.0 0.0 281.0 277.34976684166355 0.0 0.0 0.0 0.0 0.0 0.0 0.0 
30.000559074655968 0.0 4.1256098631522434E-39 6.853172530153255E-42 4.1256098631522434E-39 0.0 0.0 281.0 277.8089488751525 0.0 0.0 0.0 0.0 0.0 0.0 0.0 
31.000024768438962 1.751790994796846E-91 45.3213652776928 1.2482391320946422 751.439957520975 0.0 0.0 281.0 275.90769805969813 2.6738284847429354 751.345804212765 0.008297447731266647 4.995063534222586 0.01810411079266735 0.0 0.0 
32.00001443812273 3.2960592197651205E-91 45.3213652776928 1.247878862668069 751.2230753261786 0.0 0.0 281.0 279.19745471333925 2.6730715678977686 751.1331105792736 0.16434098864782792 98.93327516599186 0.3543487717951073 0.0 0.0 
33.00003500392121 3.523521488432227E-91 45.64353127272083 1.2513657307099217 753.3221698873731 0.0 0.0 281.0 273.52314868779325 2.6805498484356693 753.2345074104235 0.646542406623927 389.2185287876067 1.4229820424883721 0.0 0.0 
34.00003712018337 3.849011907427669E-91 45.955220265579094 1.252594116818656 754.0616583248308 0.0 0.0 281.0 277.3266190258291 2.683189088815105 753.9761339570446 1.0626162549579785 639.6949854847034 2.30664834025588 0.0 0.0 
35.00028028527921 4.505529214550577E-91 45.955220265579094 1.2532448402954444 754.4533938578578 0.0 0.0 280.0 278.44067354725047 2.694182182941879 754.371011223726 1.226031163099003 738.0707601856074 2.6507289713920303 0.0 0.0 
36.000346750436115 4.505529214550577E-91 45.90775773131422 1.254693062445498 755.3252235921899 0.0 0.0 280.0 273.0490769410971 2.697296684670727 755.2430717078034 1.2476637670567539 751.0935877681746 2.750764061107603 0.01810411079266735 4.995063534222586 
37.00007387681518 5.842804548596416E-91 46.09098832490556 1.2590029438835821 757.919772217915 0.0 0.0 281.0 276.1371406543259 2.6969378880837054 757.8395465515201 1.257975775001934 757.3014165511592 2.742483009553447 0.3543487717951073 98.93327516599186 
38.00009146583028 5.842804548596416E-91 46.0569447846565 1.2601064868317116 758.58410507269 0.0 0.0 280.0 273.3990455395882 2.7089535883873928 758.5070047484693 1.2342280728730832 743.0052998695915 2.7176587189731216 1.4229820424883721 389.2185287876067 
39.00055907465597 8.768895979489611E-91 46.356002305683006 1.2626132805631787 760.0931948990329 0.0 0.0 280.0 276.9684978109841 2.714350610017479 760.0181708048939 1.2571007236946283 756.774635664168 2.7323491358956837 2.30664834025588 639.6949854847034 
40.00012597034342 1.5195844821981866E-90 46.70030908658569 1.2639112446491185 760.8745692787693 0.0 0.0 280.0 268.74728683466935 2.717147443541727 760.8012841916835 1.242056081277428 747.7177609290075 2.782233710098796 2.6507289713920303 738.0707601856074 
41.00055907465597 1.6397478599884332E-90 46.75872097276264 1.2676487234360176 763.1245315084824 0.0 0.0 280.0 269.701955229866 2.7251880113154345 763.0526431683218 1.238801285900614 745.7583741121713 2.7651203843760204 2.750764061107603 751.0935877681746 
42.000121599784414 2.4259159215836255E-90 47.245186853063686 1.2685001292080573 763.6370777832511 0.0 0.0 280.0 278.0154286309279 2.7270192587637987 763.5653924538638 1.2523797119262061 753.9325865795772 2.711837218143892 2.742483009553447 757.3014165511592 
43.00021987429753 2.970288697598955E-90 47.18223524779769 1.2691310204375068 764.016874303379 0.0 0.0 280.0 279.68533019042064 2.7283896740637417 763.949108737848 1.2728675474571036 766.2662635691721 2.739744208419756 2.7176587189731216 743.0052998695915 
44.000535800707794 2.539902817550237E-90 47.43849910982662 1.2666958844731526 762.5509224528379 0.0 0.0 280.0 276.3916094577514 2.723159686755648 762.4847122915814 1.251281317090444 753.2713528884536 2.7253770632411225 2.7323491358956837 756.774635664168 
45.00044677972029 2.709396237504271E-90 47.38608219408428 1.2672523301465723 762.8859027482366 0.0 0.0 280.0 274.13000074945506 2.7243666741222596 762.8226687542328 1.239337663868784 746.081273649015 2.721633063179051 2.782233710098796 747.7177609290075 
46.00054682107648 5.688413432855253E-90 47.38608219408428 1.2702542065717801 764.6930323562115 0.0 0.0 281.0 274.68701552739634 2.7211061860947403 764.630838292622 1.2506590111392242 752.8967247058055 2.7409257887936613 2.7651203843760204 745.7583741121713 
47.000118198121726 6.001198220791859E-90 47.48728040889076 1.2743439136648043 767.1550360262128 0.0 0.0 281.0 279.17784951969753 2.7298779331986522 767.0956992288214 1.2632652474137038 760.4856789430421 2.724018686480303 2.711837218143892 753.9325865795772 
48.00040420407433 6.001198220791859E-90 47.38608219408428 1.2771657570035053 768.8537857161109 0.0 0.0 281.0 271.85183843592733 2.7359326764460876 768.7970820813514 1.2309127710438672 741.0094881684101 2.7257843553007954 2.739744208419756 766.2662635691721 
49.00012744163928 7.344921725470796E-90 47.503112140836464 1.2767135562763718 768.5815608783757 0.0 0.0 280.0 272.8380226187465 2.744735203388048 768.5258569486531 1.2491280800543596 751.9751041927188 2.7561228342557675 2.7253770632411225 753.2713528884536 
50.000189573569656 7.829321241846919E-90 47.541922194360765 1.2778145046696345 769.24433181112 0.0 0.0 280.0 270.9551205844173 2.747103362880762 769.1889416066134 1.2375588276884892 745.0104142684606 2.7495712672326094 2.721633063179051 746.081273649015 
51.00004391389764 9.581420124558342E-90 47.55460173080314 1.2854391521549762 773.8343695972961 0.0 0.0 280.0 268.48596370378016 2.763500832077866 773.7802329818029 1.2426653719281968 748.0845539007705 2.786307870925164 2.742483009553447 757.3014165511592 
52.00055907465597 1.0536820312340581E-89 47.884927226067724 1.2848524239409553 773.4811592124552 0.0 0.0 281.0 276.0291580723211 2.752410673772443 773.4273993300565 1.2554300085909573 755.7688651717503 2.738003732829323 2.7409257887936613 752.8967247058055 
53.00048347278756 1.9300399966683525E-89 48.11586201257232 1.2844865207716614 773.2608855045397 0.0 0.0 281.0 276.3690159939453 2.7516283017922487 773.2075528036219 1.2680422261267494 763.3614201283077 2.7621092667820313 2.7409257887936613 752.8967247058055 
54.00024596908231 2.0859840835227838E-89 48.33152873496227 1.2888553553613722 775.8909239275465 0.0 0.0 281.0 273.30490033172856 2.7609978601283234 775.8403986960598 1.2570171357769075 756.724315737694 2.7687916126611953 2.7561228342557675 751.9751041927188 
55.000039705388424 2.4986114832356982E-89 48.47997292133616 1.2877840434082632 775.2459941317752 0.0 0.0 281.0 269.98136289584255 2.7587077589205165 775.1968802566656 1.2533329371913402 754.506428189182 2.7946611577046774 2.7495712672326094 745.0104142684606 
56.00013675496874 2.336313032932662E-89 48.47997292133616 1.292565472859476 778.1244146614047 0.0 0.0 281.0 272.3029915046427 2.7689592789437185 778.0775573831846 1.2540139830331478 754.916417785951 2.772339788169679 2.786307870925164 748.0845539007705 
57.0001350724237 2.336313032932662E-89 48.611585842479485 1.2923714351735076 778.0076039744521 0.0 0.0 281.0 276.1007708552636 2.768546122524042 777.9614604292562 1.273671207227595 766.7500667510159 2.777066012441372 2.738003732829323 755.7688651717503 
58.00055907465597 3.997031008112636E-89 48.61833792050337 1.293847394294621 778.8961313653621 0.0 0.0 281.0 273.47964724656623 2.771714934905631 778.8518967084823 1.2518620590992608 753.6209595777568 2.755674753735149 2.7621092667820313 763.3614201283077 
59.00013167470004 5.976400742709204E-89 48.857152393911676 1.2916191118507308 777.5547053341404 0.0 0.0 281.0 275.23077170251656 2.766943645402898 777.5111643582147 1.261707080058275 759.5476621950808 2.7596756623421403 2.7687916126611953 756.724315737694 
60.00002151366596 6.364602871921257E-89 48.740035824427444 1.2922646335131136 777.9433093748943 0.0 0.0 282.0 280.16490243878815 2.7585135226330326 777.9008133825149 1.2831829206253684 772.4761182164643 2.7572194500174367 2.7946611577046774 754.506428189182 
61.00039567279119 8.896593976724796E-89 48.740035824427444 1.2945003335417447 779.2892007921304 0.0 0.0 282.0 280.06681378852477 2.7632937615188555 779.2488407483169 1.27312654295605 766.4221788595357 2.7365690654025587 2.772339788169679 754.916417785951 
62.000054337390495 8.896593976724796E-89 48.85335254107687 1.3008568299560406 783.1158116335355 0.0 0.0 282.0 276.27288594842264 2.7768654478596417 783.0760562964185 1.2933871679868336 778.6190751280703 2.8182971066998976 2.777066012441372 766.7500667510159 
63.00000352105847 1.2123372133745014E-88 48.85335254107687 1.3003061580518114 782.7843071471905 0.0 0.0 282.0 277.24367316815835 2.7756928732156956 782.7453902468261 1.2947282129303264 779.4263841840493 2.8113405628964485 2.777066012441372 766.7500667510159 
64.00002540118258 1.2507375422765957E-88 48.79693238274748 1.304727316555377 785.4458445663369 0.0 0.0 281.0 277.80371170588495 2.795043333176202 785.4071766225125 1.2834805450609494 772.6552881266887 2.7812993691916925 2.777066012441372 766.7500667510159 
65.00031864430962 1.5889217370981733E-88 48.82621932736119 1.3067502600003962 786.6636565202389 0.0 0.0 281.0 277.0202162998173 2.7993792777155266 786.6255770380627 1.2778902743176652 769.2899451392318 2.777017343408013 2.777066012441372 766.7500667510159 
66.00004603457435 1.8520422825673868E-88 48.952244833508786 1.3088479838639666 787.926486286108 0.0 0.0 281.0 276.6885218082406 2.8038779744016917 787.889710806875 1.280055952558544 770.5936834402427 2.7850583696215048 2.777066012441372 766.7500667510159 
67.00055907465597 2.5754878351366713E-88 48.90712079597671 1.3093259113450264 788.2141986297053 0.0 0.0 281.0 277.5435497435151 2.804901818889538 788.1774111079595 1.303686630594674 784.8193516179965 2.8277340703585714 2.777066012441372 766.7500667510159 
68.00055907465597 2.8606216655341776E-88 48.860681093577654 1.311221259311618 789.3551981055949 0.0 0.0 281.0 278.2045358240647 2.8089661089893303 789.3194766260021 1.3034326682403439 784.6664662806918 2.820466114818888 2.777066012441372 766.7500667510159 
69.0000001894594 3.128836433467653E-88 49.03689654297892 1.3103576569683213 788.8353094949296 0.0 0.0 280.0 278.1531146123374 2.8171416577185666 788.7996641611985 1.3077137337574378 787.2436677219677 2.8302529303658917 2.777066012441372 766.7500667510159 
70.00016158289655 3.736004573730287E-88 49.08050427372318 1.3129899950154045 790.419976999274 0.0 0.0 281.0 274.3225886218019 2.812758582211537 790.3851616014423 1.2948377934960889 779.4923516846409 2.8415171918609197 2.777066012441372 766.7500667510159 
71.00055907465597 5.579691071164548E-88 49.0249112110403 1.313934976161637 790.9888556493061 0.0 0.0 281.0 277.1533387130797 2.8147866479281327 790.9550480678056 1.2939746267914383 778.9727253284422 2.810620030577608 2.8277340703585714 784.8193516179965 
72.00024898755652 5.492926584816851E-88 49.15991526220963 1.3141279144844487 791.1050045196376 0.0 0.0 281.0 276.57221000837677 2.8152043218678333 791.0724144448611 1.3009711307699312 783.1846207235066 2.831754573967448 2.820466114818888 784.6664662806918 
73.00055907465597 5.492926584816851E-88 49.11787421046502 1.3168792849671929 792.76132955025 0.0 0.0 281.0 279.0663512098184 2.8211046908714996 792.7304181348915 1.29930504536362 782.1816373089106 2.802851844795938 2.8302529303658917 787.2436677219677 
74.00037313080485 5.904741271036617E-88 49.169201901152995 1.3150210429374147 791.6426678483243 0.0 0.0 281.0 278.3673025897455 2.8171265366380185 791.6125567952835 1.3145620357585788 791.3663455266556 2.8428854185254724 2.8415171918609197 779.4923516846409 
75.00020639252917 5.844267048542786E-88 49.1853211144914 1.3141750323358279 791.1333694661691 0.0 0.0 281.0 271.82535174256907 2.8153155422535434 791.103667373246 1.301776606967723 783.6695173945585 2.8829890676890546 2.810620030577608 778.9727253284422 
76.00055907465597 6.279491254558983E-88 49.11760133420264 1.3165746443296693 792.5779358864613 0.0 0.0 280.0 272.3976225912698 2.8305365931333064 792.5502460773258 1.3093779293453882 788.2455134659199 2.8937312520112384 2.831754573967448 783.1846207235066 
77.00027037715695 6.279491254558983E-88 49.1405282306381 1.3181268698210586 793.5123756322768 0.0 0.0 280.0 271.3456264848508 2.833876892558347 793.4855299163365 1.31198778734718 789.8166479830119 2.910740291688863 2.802851844795938 782.1816373089106 
78.00001654392335 6.215593337474801E-88 48.956324357333514 1.3196500841456116 794.4293506556584 0.0 0.0 280.0 264.27568979240544 2.8371528293890167 794.402792228925 1.268027318294527 763.3524456133157 2.888470166184965 2.8428854185254724 791.3663455266556 
79.000019536156 6.261585395877956E-88 48.981080756414485 1.3216947190577626 795.6602208727729 0.0 0.0 280.0 275.79094319400133 2.841551299409155 795.6343638345638 1.3321391880583968 801.947791211147 2.90781046659327 2.8829890676890546 783.6695173945585 
80.0001455483007 6.261585395877956E-88 49.12415078424098 1.3250919355578998 797.7053452058555 0.0 0.0 280.0 270.7957225660055 2.8488597436360386 797.6807282180911 1.2862149300178018 774.3013878707138 2.8593560508769875 2.8829890676890546 783.6695173945585 
81.00014042408287 9.287784830967297E-88 49.194065948749255 1.3268198624138035 798.7455571731095 0.0 0.0 280.0 278.9557226558211 2.8525773096707545 798.7216467078113 1.332127464386357 801.9407335605797 2.8747957773571966 2.8937312520112384 788.2455134659199 
82.00055907465597 8.065535262255059E-88 49.160188373685834 1.3257599952777057 798.1075171571789 0.0 0.0 280.0 276.4235359515645 2.850300608707745 798.0841704381684 1.3347397999896762 803.5133595937922 2.906819626728838 2.910740291688863 789.8166479830119 
83.00055907465597 1.1485668925655886E-87 49.160188373685834 1.3274493624913544 799.1245162197952 0.0 0.0 280.0 274.60480247194727 2.8539341344761535 799.1015576533227 1.3182044365822148 793.5590708225017 2.88982225976754 2.888470166184965 763.3524456133157 
84.00055907465597 1.1485668925655886E-87 49.14380437499688 1.3285781537192165 799.8040485389689 0.0 0.0 281.0 273.9652066038434 2.846199181670699 799.7819700494667 1.3192666403367748 794.1985174827353 2.898902847291681 2.90781046659327 801.947791211147 
85.00055907465597 1.1485668925655886E-87 49.057605381982015 1.3300420378528097 800.6853067873916 0.0 0.0 281.0 275.11043030296304 2.849336016311796 800.6634205836147 1.3146089798813185 791.3946058885523 2.876643408310749 2.8593560508769875 774.3013878707138 
86.00017839477363 1.0807665311751303E-87 49.09141226441555 1.333656015213208 802.8609211583515 0.0 0.0 282.0 275.7597017713374 2.8469700164254537 802.8455446319783 1.3280878094445032 799.5088612855828 2.899295495860897 2.8747957773571966 801.9407335605797 
87.0003329085685 9.711881937136254E-88 49.057605381982015 1.3322310823617969 802.0031115818016 0.0 0.0 281.0 278.45690513322864 2.8540303763994475 801.9825357682447 1.3277843221082544 799.3261619091802 2.8705560795008473 2.90781046659327 801.947791211147 
88.00030386015368 1.4394076164215015E-87 49.16647035462278 1.3367481078933041 804.7223609517681 0.0 0.0 281.0 275.7447520344476 2.863709368152449 804.7023324508382 1.3207997389459714 795.1214428454807 2.883541525193378 2.90781046659327 801.947791211147 
89.00031857740709 1.2107398893896724E-87 49.19297275946788 1.3385103887271586 805.783254013749 0.0 0.0 281.0 277.0139933664694 2.8674854512932018 805.7634118133896 1.3172153407918414 792.9636351566821 2.862539994893503 2.90781046659327 801.947791211147 
90.0001187622084 1.4738062177560328E-87 49.19297275946788 1.3372922420342481 805.049929704617 0.0 0.0 281.0 278.69001977692704 2.864878440948959 805.0308419066579 1.3234970738048293 796.7452384305032 2.858894046755765 2.90781046659327 801.947791211147 
91.00008016959463 1.4291049199205934E-87 49.11187128154474 1.3336114172151725 802.8340731635324 0.0 0.0 281.0 279.4910624711361 2.8569963901362074 802.8159856282738 1.333017069870789 802.4762760622052 2.871205501052755 2.90781046659327 801.947791211147 
92.00019745810368 1.4512915348716163E-87 49.027362517795154 1.3346226706471156 803.4428477295642 0.0 0.0 281.0 278.8896673514958 2.859167413204069 803.4260431103435 1.3523277163682716 814.1012852537086 2.919080125789186 2.90781046659327 801.947791211147 
93.0000449474873 1.4072418466712282E-87 49.04806733047487 1.339345093891847 806.2857465228929 0.0 0.0 281.0 280.68632001981064 2.869285558635453 806.2692419765632 1.347456573974531 811.1688575326707 2.889947958544681 2.90781046659327 801.947791211147 
94.0005283460439 1.4512915348716163E-87 49.07832296650226 1.3427074483475188 808.3098839052058 0.0 0.0 280.0 276.5347592650976 2.8867628054074195 808.2935855140773 1.3043825295338123 785.2382827793446 2.839564490432043 2.862539994893503 792.9636351566821 
95.000443319338 1.4512915348716163E-87 49.07832296650226 1.3425401843658011 808.2091909882124 0.0 0.0 279.0 275.9837526287097 2.8967504098017156 808.1933643346784 1.3253823395506297 797.8801684094788 2.8910403631002657 2.858894046755765 796.7452384305032 
96.00036526528694 1.4512915348716163E-87 48.82160817990652 1.3444437641556028 809.3551460216725 0.0 0.0 277.0 276.6787314118289 2.9218067319460603 809.3404647490584 1.3338075437713173 802.9521413503318 2.902110101680201 2.871205501052755 802.4762760622052 
97.00018070822337 1.2390266305164697E-87 48.82160817990652 1.342697178379832 808.3037013846588 0.0 0.0 277.0 275.5439879813185 2.918013059037824 808.2896173534766 1.3460269596428003 810.3082297049696 2.9407581549553075 2.919080125789186 814.1012852537086 
98.00055907465597 1.1827900491259177E-87 48.82160817990652 1.3449965487700244 809.6879223595545 0.0 0.0 279.0 275.2286127181819 2.9020579960723096 809.6741809041742 1.3266496821025293 798.6431086257302 2.9017444833887756 2.889947958544681 811.1688575326707 
99.00001069355208 1.1827900491259177E-87 48.855523849362285 1.3469710066831684 810.8765460232664 0.0 0.0 279.0 276.09223139581695 2.906318846590645 810.8629581987893 1.3390889751953048 806.1315630675708 2.919790821321112 2.839564490432043 785.2382827793446 
100.00010431153287 1.1827900491259177E-87 48.855523849362285 1.3425357725137619 808.2065350532841 0.0 0.0 278.0 272.71983337164426 2.907169505662535 808.1931225741844 1.3326753909906015 802.2705853763487 2.941739056737646 2.8910403631002657 797.8801684094788 
101.00028185311264 1.0944338603621966E-87 48.64427461661463 1.3420804424245043 807.9324263395511 0.0 0.0 278.0 274.6873906892861 2.9061845064036027 807.9192927802011 1.3460926354484402 810.3477665399719 2.9500726790062255 2.902110101680201 802.9521413503318 
102.00031395111803 1.0944338603621966E-87 48.67103632644098 1.3394121522516254 806.3261156554788 0.0 0.0 279.0 274.362358514656 2.8900108368572877 806.3130234831833 1.3342489902361963 803.2178921221987 2.9275805051052295 2.9407581549553075 810.3082297049696 
103.00021587337973 1.0944338603621966E-87 48.51985062421644 1.3377148983542533 805.3043688092598 0.0 0.0 280.0 273.93262243079323 2.876041279587369 805.2915582844633 1.3298982961136316 800.5987742604152 2.9226120173499224 2.9017444833887756 798.6431086257302 
104.00055907465597 1.33214071314145E-87 48.40112249155544 1.3387146219131538 805.9062023917182 0.0 0.0 281.0 273.77647158805047 2.867950177736149 805.8939999438576 1.34162583498429 807.6587526605347 2.950066336875775 2.919790821321112 806.1315630675708 
105.00051299950765 1.232285457088175E-87 48.441204452333515 1.3368594357585406 804.7893803266417 0.0 0.0 281.0 274.15269864405377 2.8639768078257477 804.7774829990353 1.3336183824709722 802.8382662475192 2.9284346651275697 2.941739056737646 802.2705853763487 
106.00033461388652 1.0123967510074905E-87 48.49209442955508 1.332978558792139 802.453092392867 0.0 0.0 281.0 273.8451237745098 2.8556630744120435 802.4413239097839 1.3367197778842739 804.7053062863312 2.9385416661607002 2.9500726790062255 810.3477665399719 
107.00038028149403 1.0123967510074905E-87 48.50152436468425 1.336513420163649 804.5810789385154 0.0 0.0 282.0 276.03044723308227 2.853095223511222 804.5728530301641 1.3281625624676399 799.5538626055259 2.8966147416715096 2.9500726790062255 810.3477665399719 
108.0000111313123 9.812540289169514E-88 48.49505792586882 1.339691771807129 806.4944466278909 0.0 0.0 282.0 276.83130864115213 2.8598802565496495 806.4862323470006 1.3273971210334523 799.0930668621351 2.8865704200314086 2.9226120173499224 800.5987742604152 
109.00054043486747 1.3829676365601465E-87 48.37316547577377 1.3357761008217726 804.1372126947075 0.0 0.0 282.0 272.51495148589066 2.851523146528973 804.1295273211708 1.3043239259610995 785.2030034285781 2.8813208198201616 2.9226120173499224 800.5987742604152 
110.00017759791993 1.7968836765036714E-87 48.347373332703306 1.3331428475055027 802.5519941983122 0.0 0.0 282.0 277.45151204565605 2.845903361195672 802.5447478571796 1.3314022457342087 801.5041519319946 2.8888080155789635 2.9226120173499224 800.5987742604152 
111.00001417562751 1.3907339807933525E-87 48.2210297441186 1.3340389487031092 803.0914471192722 0.0 0.0 282.0 274.368718308825 2.847816420684036 803.0842306328984 1.3072065225987162 786.9383266044237 2.868178017723794 2.9226120173499224 800.5987742604152 
112.00039468829343 1.3907339807933525E-87 48.22665585909256 1.335343874516227 803.8770124587683 0.0 0.0 281.0 275.31767955162064 2.86073783743005 803.8673323178438 1.3116983756331768 789.6424221311787 2.8681137492411737 2.9226120173499224 800.5987742604152 
113.00035549111169 1.9289398286106053E-87 48.139925958860644 1.3370437474631414 804.9003359728111 0.0 0.0 281.0 279.2172532110916 2.864380419346741 804.8908978364344 1.332712723105626 802.2930593095814 2.873364915967561 2.9226120173499224 800.5987742604152 
114.00002536744442 1.8692290927916257E-87 48.139925958860644 1.3368691247272761 804.7952130858206 0.0 0.0 281.0 276.2149058780723 2.8640071017659454 804.7859955962311 1.331882134527096 801.7930449853102 2.9027870253288954 2.9284346651275697 802.8382662475192 
115.00002872363596 3.253772149861059E-87 48.18353908029657 1.3357457591389383 804.1189470016401 0.0 0.0 281.0 277.0428117698684 2.861601440244882 804.110004708812 1.3346943697983573 803.4860106186003 2.9002232741054956 2.9284346651275697 802.8382662475192 
116.00055907465597 3.153050952458223E-87 47.98052635492917 1.337883954573888 805.40614065348 0.0 0.0 281.0 277.7879430628587 2.8661831895893655 805.3974762746112 1.3373881407397232 805.107660725308 2.898281515922834 2.9284346651275697 802.8382662475192 
117.00019747664044 3.253772149861059E-87 47.99332286800329 1.3392537800537438 806.2307755923532 0.0 0.0 281.0 277.13811131794125 2.8691186407285474 806.2223380447216 1.327724005345819 799.2898512181922 2.884084933021798 2.9284346651275697 802.8382662475192 
118.00008280053467 2.7732825411846604E-87 47.86976606623132 1.3385741735444885 805.8216524737818 0.0 0.0 280.0 278.64916011970513 2.8779043759459975 805.8132252648796 1.3324187482656693 802.11608645594 2.8785878490046706 2.9284346651275697 802.8382662475192 
119.00015671357833 4.675115525161082E-87 47.86976606623132 1.3401659874388012 806.7799244381588 0.0 0.0 280.0 279.6513262199054 2.8813277556425727 806.7717715799204 1.326181607822079 798.361327908902 2.8548454917074344 2.9027870253288954 801.7930449853102 
120.0001363439706 4.379852223357429E-87 47.74785366713669 1.344682611463977 809.4989321013151 0.0 0.0 280.0 280.2828285309069 2.891038814713259 809.4908681197129 1.3269166726186785 798.8038369164489 2.849992063742729 2.9002232741054956 803.4860106186003 
121.00031095117677 4.379852223357429E-87 47.60376688349939 1.3450622468820457 809.7274726229916 0.0 0.0 280.0 281.11643732911676 2.891856083588136 809.7197034046778 1.343452994022618 808.758702401621 2.8769527320622936 2.898281515922834 805.107660725308 
122.00055907465597 4.111611256549444E-87 47.450360217187324 1.3464759536587814 810.5785241025862 0.0 0.0 280.0 281.250631991866 2.894896516084332 810.5710245036129 1.3492454535883454 812.2457630601757 2.887978445800138 2.884084933021798 799.2898512181922 
123.00055907465597 7.5110979345999095E-87 47.162318064542994 1.3425640710835227 808.22357079228 0.0 0.0 281.0 279.522870496196 2.8762139414073298 808.2161175354595 1.3409443676665518 807.248509335268 2.887951557961171 2.8888080155789635 801.5041519319946 
124.00032414236371 6.593409176235736E-87 47.271704091265136 1.3443499232919258 809.29865382174 0.0 0.0 282.0 274.6075618639449 2.8698280160812812 809.2915005349217 1.3325130440016424 802.1728524889891 2.9211608269055165 2.8888080155789635 801.5041519319946 
125.00015371140255 6.593409176235736E-87 47.34213882799082 1.3441324592578312 809.1677404732147 0.0 0.0 281.0 269.69904753375187 2.8795757275401357 809.1607794387784 1.3319136614909524 801.812024217551 2.9729879714061913 2.8888080155789635 801.5041519319946 
126.0000885225824 6.593409176235736E-87 47.54139395389364 1.3450541606916677 809.7226047363846 0.0 0.0 280.0 269.63338598413105 2.89184183599549 809.7157140787376 1.322289521930588 796.0182922022236 2.9522245151387607 0.0 0.0 
127.00033469466872 6.593409176235736E-87 47.730614499711564 1.3468374285648494 810.7961319960391 0.0 0.0 279.0 271.73531452043346 2.90605539408952 810.7894549509759 1.3475303133386356 811.2132486298597 2.985306676320348 0.0 0.0 
128.00010015773134 6.593409176235736E-87 47.69853970189277 1.3473524751224113 811.1061900236916 0.0 0.0 279.0 270.2639877474777 2.9071685226319848 811.1000178143241 1.314869242664668 791.5512840841204 2.9288078322285016 0.0 0.0 
129.00010082357764 6.593409176235736E-87 47.69853970189277 1.3505961595675446 813.058888059662 0.0 0.0 279.0 275.09995078788376 2.914168648113172 813.0530528235754 1.340203465978975 806.802486519347 2.9327612898827207 0.0 0.0 
130.0000598078687 1.110114568839993E-86 47.8538121369499 1.3511504878480356 813.3925936845167 0.0 0.0 279.0 271.08763599498036 2.915365572162571 813.3869946333575 1.3388149424501183 805.9665953549635 2.9730850409197096 0.0 0.0 
131.0002002726805 1.0401655590568114E-86 47.82378000487049 1.3546304763389643 815.4875467560571 0.0 0.0 279.0 270.8671761363773 2.9228750538190784 815.4821400155226 1.3299231935928375 800.6137625428952 2.955743010145308 0.0 0.0 
132.00019716503857 9.609676317003645E-87 48.02319467273146 1.35582408581201 816.2060996588308 0.0 0.0 279.0 273.24126237346496 2.9254517721799447 816.2010444382047 1.3535449732026585 814.8340738680049 2.9821047772583236 0.0 0.0 
133.0003737660948 9.609676317003645E-87 47.96879921539215 1.353315320278365 814.6958228075767 0.0 0.0 279.0 266.3691187789692 2.9200387971719888 814.6908244109852 1.3162727754721628 792.3962108342404 2.974805091771032 2.9522245151387607 796.0182922022236 
134.00034225786257 1.025590742594443E-86 48.02319467273146 1.353528524309835 814.8241716345211 0.0 0.0 279.0 273.6460355952283 2.9204987035332004 814.8191382857628 1.3456436034584516 810.0774492819895 2.9603112923595933 2.9522245151387607 796.0182922022236 
135.00027452468169 1.5639998691332151E-86 48.17390333632968 1.3573952857359237 817.1519620130259 0.0 0.0 279.0 267.90077051798164 2.928842223067057 817.1469802357091 1.353537977408144 814.8298623997003 3.0415360912334837 2.9522245151387607 796.0182922022236 
136.00041815837474 2.0283083368534E-86 48.15008990517087 1.3570380179473958 816.9368868043329 0.0 0.0 279.0 271.79158985794686 2.9280717031204246 816.9320051705987 1.3391514182237603 806.1691537707048 2.9661298724955136 2.955743010145308 800.6137625428952 
137.0002341352187 2.8063832606512185E-86 48.605914821599306 1.3594516344494385 818.3898839385621 0.0 0.0 279.0 270.7769118248038 2.933280071623392 818.3851399829258 1.3445560060491264 809.4227156415799 2.9892604586807865 2.9821047772583236 814.8340738680049 
138.00006467822007 4.419391929145301E-86 48.67076593256256 1.3585145197207813 817.82574087191 0.0 0.0 279.0 268.0456342795399 2.931258331140381 817.8210743881659 1.3261813296676637 798.3611604599267 2.978452391533191 2.9821047772583236 814.8340738680049 
139.00055907465597 3.8872289771042164E-86 48.65049067107941 1.3585523605109822 817.8485210276115 0.0 0.0 279.0 273.10383780339805 2.931340668324133 817.8440464624327 1.3615204333749706 819.6353008917264 3.001185583784309 2.9821047772583236 814.8340738680049 
140.00036955322815 3.8872289771042164E-86 48.65049067107941 1.3598582274537632 818.6346529271649 0.0 0.0 279.0 270.1807498196349 2.9341593904222636 818.6304699278114 1.3289193375659694 800.0094412147055 2.9610156968946506 2.9821047772583236 814.8340738680049 
141.00055907465597 5.037880446928187E-86 48.618337920658824 1.3580644437878213 817.5547951602688 0.0 0.0 279.0 274.96312561437645 2.9302890870329077 817.5506552821813 1.36681420763257 822.822152994797 2.992481814266137 2.9821047772583236 814.8340738680049 
142.00000425236823 7.917314848476348E-86 48.73191316203709 1.3601748938470042 818.8252860958963 0.0 0.0 280.0 269.4676636138259 2.9243613886424256 818.8211888198791 1.3438217343309533 808.9806840672355 3.0021438313525652 2.9821047772583236 814.8340738680049 
143.0004105817823 1.0612000118691995E-85 48.8262193274113 1.3592743981163087 818.2831876660172 0.0 0.0 279.0 273.3169215671804 2.9329005726913335 818.2792597808816 1.3537431796131152 814.9533941270856 2.9817158390859926 2.9821047772583236 814.8340738680049 
144.0003639994458 1.6950298551193234E-85 48.98244136098289 1.359141389979876 818.2031167678857 0.0 0.0 279.0 276.16521117235857 2.932614047248806 818.1993191824166 1.3629056358262628 820.4691927674064 2.970936090336665 2.9821047772583236 814.8340738680049 
145.00001051809977 1.6950298551193234E-85 49.0576053820769 1.3630767240312724 820.5721878668261 0.0 0.0 279.0 276.48993728516615 2.9411056208924924 820.5684682290055 1.3761812263628392 828.4610982704348 2.9963517168293063 2.9821047772583236 814.8340738680049 
146.00036250072046 1.6419394460364332E-85 49.07832296664466 1.3595336983666644 818.4392864167316 0.0 0.0 280.0 276.1402758488303 2.922984524564022 818.4356668779263 1.3681814195008015 823.6452145394713 2.982705844005045 2.9821047772583236 814.8340738680049 
147.00017270087892 1.4429334106651865E-85 49.47912102938454 1.3625346071482134 820.245833503224 0.0 0.0 280.0 277.35502843172713 2.9294373837256766 820.2424674431892 1.3751547326718117 827.8431490684358 2.984777863049327 2.978452391533191 798.3611604599267 
148.00049349063283 1.7514805618196568E-85 49.544036200926165 1.3639276465060302 821.08444319663 0.0 0.0 280.0 275.1777888466597 2.9324332058722162 821.0812976442205 1.3515958210585586 813.6606842772607 2.9568545037283718 2.978452391533191 798.3611604599267 
149.00014116766272 1.8081128692730175E-85 49.55724970562932 1.3683774599669478 823.7632309001033 0.0 0.0 280.0 275.81648692439967 2.9420005841933246 823.7601635741311 1.3620989944820647 819.983594678196 2.972931762788171 2.978452391533191 798.3611604599267 
150.00002085493426 1.723804363792939E-85 49.556423758351706 1.3685543437769048 823.8697149536966 0.0 0.0 280.0 277.38219317693125 2.9423809948553035 823.8666785594845 1.3758233163827613 828.245636462416 2.985936577169215 2.978452391533191 798.3611604599267 
151.00055907465597 2.231682778258567E-85 49.69730882296632 1.3703676166055443 824.9613051965373 0.0 0.0 282.0 274.70389875228426 2.925387769034547 824.9593508677414 1.3440721911547893 809.1314590751762 2.94546769357946 2.978452391533191 798.3611604599267 
152.00023599106703 2.231682778258567E-85 49.69730882296632 1.3702208810950287 824.8729704192078 0.0 0.0 282.0 274.5090547146657 2.9250755730144484 824.8713115900746 1.3618582488448299 819.8386658045971 2.9865632908057114 2.978452391533191 798.3611604599267 
153.00005192332512 3.1343175581853514E-85 49.6606015967134 1.3699825373895733 824.7294875085234 0.0 0.0 284.0 266.45431517608955 2.903972878131816 824.7282973894356 1.3061933253925835 786.3283818863458 2.9510814316018537 2.978452391533191 798.3611604599267 
154.00022280245466 2.846655507227986E-85 49.698413219876215 1.3696394234846812 824.5229329377778 0.0 0.0 283.0 277.2881328909869 2.913503418832102 824.5214675294845 1.3471531501348886 810.9861963812023 2.9247057489475523 2.978452391533191 798.3611604599267 
155.00046766851742 3.928602198074779E-85 49.698413219876215 1.3718784826645771 825.8708465640752 0.0 0.0 283.0 279.5768702610268 2.9182664326089305 825.8694004283274 1.359943582734577 818.6860368062104 2.9283038902390053 2.978452391533191 798.3611604599267 
156.00003268129237 3.928602198074779E-85 49.68847453113147 1.3725160142161792 826.2546405581395 0.0 0.0 283.0 264.33434527748807 2.919622669231309 826.2532153924604 1.2782150966345172 769.4854881739855 2.911031055636032 2.978452391533191 798.3611604599267 
157.00001194579306 5.000895623630376E-85 49.627505562216164 1.3728058579921139 826.4291265112529 0.0 0.0 283.0 279.9021244598061 2.9202393012733534 826.4277222603589 1.343844757595476 808.9945440724666 2.89027654089363 2.978452391533191 798.3611604599267 
158.0003189604656 5.247842402145409E-85 49.74924201704166 1.3712841200512353 825.513040270844 0.0 0.0 284.0 280.3896979754775 2.9067314577718184 825.5117340071962 1.3656122001214406 822.0985444731199 2.9319855558495576 2.978452391533191 798.3611604599267 
159.00055907465597 4.920834511458496E-85 49.832226554965395 1.3712063678198383 825.4662334275423 0.0 0.0 284.0 275.489451800876 2.9065666630288294 825.4649323001872 1.350958068384058 813.2767571671927 2.952115777394736 2.978452391533191 798.3611604599267 
160.00004493989806 4.5385928593401915E-85 49.806763258188674 1.371024580847374 825.3567976701194 0.0 0.0 284.0 280.0610930503535 2.9061814636910994 825.3555356882721 1.382010854441513 831.9705343737929 2.97067516702225 2.978452391533191 798.3611604599267 
161.00036777797266 4.612691220553949E-85 49.81257438620756 1.3753107443889192 827.9370681221288 0.0 0.0 283.0 278.8058048315713 2.9255684147783447 827.9358613822715 1.3516696336535439 813.7051194594289 2.918537223251124 2.9283038902390053 818.6860368062104 
162.00001043961217 4.612691220553949E-85 49.81257438620756 1.3763221997816955 828.545964268581 0.0 0.0 283.0 282.85114448199573 2.927720061880629 828.5447775122179 1.3623661171616308 820.1444025313008 2.89956190219165 2.89027654089363 808.9945440724666 
163.00021040563644 4.612691220553949E-85 49.88236082943824 1.3740701059277431 827.1902037685014 0.0 0.0 283.0 283.0538965281674 2.9229295186268724 827.1890537714046 1.3598115299577316 818.6065410345486 2.8920518356230684 2.89027654089363 808.9945440724666 
164.00002990467894 5.246064267974782E-85 49.84773232625964 1.3774508278667603 829.2253983757902 0.0 0.0 283.0 280.70539214773686 2.9301211489018537 829.2242851392242 1.3647343568124393 821.5700828010978 2.926805489966152 2.89027654089363 808.9945440724666 
165.00010735197398 8.227329394076707E-85 49.845516920683174 1.3790781107841112 830.2050226920342 0.0 0.0 283.0 282.90468117748827 2.9335827629347433 830.203921910532 1.3700988159543697 824.7994872045181 2.915467795624975 2.89027654089363 808.9945440724666 
166.00049620918693 1.3750311322865975E-84 49.832226554965395 1.3839413996849343 833.1327226103298 0.0 0.0 282.0 280.9329735544201 2.9543661267461054 833.1312477424018 1.391042526801905 837.4076011347523 2.9808092319662736 2.94546769357946 809.1314590751762 
167.00000939386703 2.0167727689371883E-84 49.825582701059375 1.3857406644531045 834.2158800007692 0.0 0.0 282.0 272.8793959015209 2.9582071438465998 834.2144145647409 1.3652106300899745 821.8567993141753 3.0117949968299333 2.94546769357946 809.1314590751762 
168.00005523900452 1.8894742102545943E-84 49.83804065390505 1.3827417608843493 832.4105400523775 0.0 0.0 283.0 274.90990071804157 2.9413762116166295 832.4094678875056 1.3956182371268104 840.1621787503299 3.0561364889219953 2.94546769357946 809.1314590751762 
169.00055907465597 1.8013619887339443E-84 49.83804065390505 1.381329839273758 831.5605632428021 0.0 0.0 283.0 259.95657756026134 2.9383729843760396 831.5595545784187 1.3109771980671887 789.2082732364382 3.0359234632310446 2.94546769357946 809.1314590751762 
170.00045745638616 2.078700708514397E-84 49.85576399674868 1.3838873109218068 833.1001611749273 0.0 0.0 282.0 274.1045999352466 2.95425106700043 833.0988008941207 1.381903631125787 831.9059859377331 3.0349946193323984 2.94546769357946 809.1314590751762 
171.00005298367327 2.766389496790724E-84 49.85576399674868 1.3858213337722782 834.2644429309119 0.0 0.0 283.0 278.3290758772728 2.947927530413007 834.263491106881 1.390754624486613 837.2342839409347 3.008073379692846 2.94546769357946 809.1314590751762 
172.00055907465597 2.812147973579345E-84 49.8646280315669 1.3842638313454132 833.3268264699379 0.0 0.0 283.0 279.8113944774217 2.944614453549824 833.3258903546 1.3988410578405763 842.102316820018 3.00953547082218 2.94546769357946 809.1314590751762 
173.0002998175122 2.812147973579345E-84 49.82226110624741 1.3811285504745154 831.4393873856583 0.0 0.0 283.0 277.8626898101076 2.9379452290178834 831.4384998120613 1.3934637916062682 838.8652025469837 3.0189918737210357 2.94546769357946 809.1314590751762 
174.0004518566282 2.812147973579345E-84 49.82226110624741 1.384799621263471 833.6493720006098 0.0 0.0 282.0 280.7527617316615 2.956199408320268 833.648233146316 1.3800904504195324 830.814451152554 2.959238748100479 2.94546769357946 809.1314590751762 
175.00019701627318 2.9979263017947004E-84 49.82226110624741 1.3832386890093287 832.7096907836169 0.0 0.0 283.0 279.7867671500658 2.9424342476263066 832.7088920782454 1.3735719055650488 826.8902871501626 2.9554302927652527 2.94546769357946 809.1314590751762 
176.000050211316 2.6770048994942115E-84 49.675502012067724 1.385791869395858 834.2467053763073 0.0 0.0 284.0 280.61165083214803 2.937485673785865 834.245931355186 1.3832727143167838 832.7301740187155 2.9675538116442115 2.94546769357946 809.1314590751762 
177.00004444797557 2.4654960862880657E-84 49.675502012067724 1.3834544881513793 832.8396018671297 0.0 0.0 284.0 276.4397898693381 2.9325312019422474 832.838861351598 1.3772689407476029 829.1159023300634 2.9992639725343193 2.94546769357946 809.1314590751762 
178.0005262586505 2.270067815985545E-84 49.67964180971935 1.3854320766392043 834.0301101368004 0.0 0.0 284.0 276.11816534656396 2.9367233353018753 834.0294272257319 1.343170462682172 808.5886185346593 2.9284151497956543 2.94546769357946 809.1314590751762 
179.0001825963 2.980737690177556E-84 49.675502012067724 1.3871019162372553 835.0353535748275 0.0 0.0 284.0 272.65162898223366 2.9402631179101197 835.0347254864739 1.3303427111567767 800.8663121163687 2.9373245085895094 2.94546769357946 809.1314590751762 
180.00001982229472 3.602373879900243E-84 49.67881382258544 1.3860183933032966 834.383072768584 0.0 0.0 284.0 278.4853228294629 2.9379664108853096 834.3824606914277 1.3811053174565298 831.4254011088375 2.9855268229628766 2.9554302927652527 826.8902871501626 
181.00004952447685 4.151320068842135E-84 49.67881382258544 1.3871291584835144 835.0517534070757 0.0 0.0 284.0 280.0817148780268 2.940320976926675 835.051157447175 1.391403526461964 837.6249229301106 2.990644795555073 2.9554302927652527 826.8902871501626 
182.00055907465597 4.291457300992292E-84 49.578178295616475 1.3851168021334972 833.8403148843646 0.0 0.0 285.0 277.7936030612972 2.9257540175672645 833.83989500667 1.3560882918225583 816.36515167717 2.938747122614746 2.9675538116442115 832.7301740187155 
183.0002035587564 6.293766542255774E-84 49.578178295616475 1.3815334246944952 831.6831216660858 0.0 0.0 285.0 272.1773619884708 2.918184963830272 831.6827146916271 1.345544209469718 810.0176141007714 2.9760653427711707 2.9992639725343193 829.1159023300634 
184.00036791907783 6.916537350363478E-84 49.58699297745731 1.3827948789488327 832.4425171271969 0.0 0.0 285.0 275.91952408553965 2.9208495391329614 832.4421186528937 1.3751258738967171 827.8257760858139 3.0002435631527624 3.0189918737210357 838.8652025469837 
185.0000371303188 6.916537350363478E-84 49.58699297745731 1.3841776175987006 833.2749257944175 0.0 0.0 285.0 278.84341897597824 2.923770297967716 833.2745349207992 1.3689681912074114 824.1188511068549 2.9554896942999074 3.0189918737210357 838.8652025469837 
186.00007164368705 7.857169071281471E-84 49.53000071236102 1.383799974732838 833.0475847891689 0.0 0.0 285.0 279.5557707383705 2.9229727076639707 833.047221684232 1.3844725478922926 833.4524738311626 2.981345981983576 3.0189918737210357 838.8652025469837 
187.00015736424328 6.916537350363478E-84 49.41868348959541 1.3860665322894035 834.4120524382208 0.0 0.0 285.0 282.78236724431406 2.927760371240321 834.411705803491 1.3841633026371296 833.2663081875571 2.946669964989876 3.0189918737210357 838.8652025469837 
188.00005508874665 6.579981463100941E-84 49.40001773518905 1.387835468995968 835.4769523355727 0.0 0.0 285.0 279.36999243665275 2.9314968515518074 835.4766026922646 1.3789993156847362 830.1575880422074 2.97153456175307 3.0189918737210357 838.8652025469837 
189.0002608334556 6.690380958727449E-84 49.40001773518905 1.3872551443128114 835.1275968763113 0.0 0.0 285.0 281.39307631862107 2.930271064795138 835.1272534666136 1.3804055759306992 831.0041567102796 2.9531791172051958 2.9760653427711707 810.0176141007714 
190.00037094705007 6.471331789772758E-84 49.41868348959541 1.3879172686110384 835.5261957038448 0.0 0.0 285.0 268.34493338332794 2.931669703147627 835.5258653970737 1.3274481590264917 799.1237917339535 2.9779723494626724 2.938747122614746 816.36515167717 
191.00011436908227 6.471331789772758E-84 49.41868348959541 1.384847663658933 833.6782935226778 0.0 0.0 285.0 277.85840584042114 2.9251858930892185 833.6779795304276 1.3568155339187857 816.8029514191022 2.939637362953152 2.938747122614746 816.36515167717 
192.00055907465597 1.0109508054484184E-83 49.41868348959541 1.3870828653850753 835.0238849618156 0.0 0.0 285.0 282.5318672665766 2.9299072632510463 835.0235700265478 1.3950204571697973 839.8023152162214 2.9724162564070857 2.981345981983576 833.4524738311626 
193.00055907465597 1.16403367526749E-83 49.26736500051943 1.3880730006331616 835.6199463811644 0.0 0.0 285.0 281.58815106896895 2.9319987789663537 835.619652005411 1.3822197223654327 832.0962728639947 2.9550116711416266 2.938747122614746 816.36515167717 
194.0001684620053 1.16403367526749E-83 49.27530315990985 1.3857879726486748 834.2443595345021 0.0 0.0 284.0 283.7137809047547 2.9374780093779886 834.243754663349 1.3940121331954363 839.195304183656 2.9578940490923196 2.97153456175307 830.1575880422074 
195.00012604581167 1.0706949741361714E-83 49.231522351410824 1.3826821813303563 832.3746731608736 0.0 0.0 285.0 283.4056813646078 2.9206118888719 832.3743883284914 1.3858070666551192 834.2558541263707 2.9436807692400553 2.9531791172051958 831.0041567102796 
196.00018615841205 1.0706949741361714E-83 49.192972759580506 1.3818438077297115 831.869972253286 0.0 0.0 285.0 283.75708158677105 2.918841088262922 831.8697101549329 1.3825844347753284 832.3158297347569 2.9331984424157542 2.9779723494626724 799.1237917339535 
197.00022216762312 9.361279015940233E-84 49.2271464106991 1.3793768615728976 830.3848706668844 0.0 0.0 285.0 277.72369766485554 2.9136302307776036 830.384615771617 1.3544307603835302 815.3673177508787 2.935893928413798 2.939637362953152 816.8029514191022 
198.00013604595895 9.204965246636425E-84 49.41319282992591 1.376857901432962 828.868456662643 0.0 0.0 285.0 270.63716847697435 2.908309510336204 828.8682104458185 1.2913081941923215 777.3675329037745 2.872360575151053 2.9724162564070857 839.8023152162214 
199.00055907465597 8.0416310381661865E-84 49.41319282992591 1.3802577787707757 830.9151828200064 0.0 0.0 285.0 280.45337997927646 2.915491040368468 830.9149465050131 1.3609625664690708 819.299465014384 2.92133924388761 2.9550116711416266 832.0962728639947 
200.0004194243206 8.0416310381661865E-84 49.50771722628993 1.3807139917646083 831.189823042294 0.0 0.0 285.0 274.55362785937007 2.916454749803788 831.1896036940794 1.3360657984587108 804.311610672138 2.929524613982216 2.9578940490923196 839.195304183656 
201.00027629797268 8.0416310381661865E-84 49.484893930250784 1.3767451428075321 828.8005759701349 0.0 0.0 285.0 275.10422923030916 2.908071473461267 828.8003699364612 1.3358612378124903 804.1884651631099 2.9232137485238985 2.9436807692400553 834.2558541263707 
202.0005055183309 8.0416310381661865E-84 49.484893930250784 1.3784377414483902 829.8195203519308 0.0 0.0 285.0 281.2840596627633 2.9116467686869174 829.8193290757712 1.373007985675635 826.5508073767295 2.938491460794816 2.9331984424157542 832.3158297347569 
203.00026996659685 8.0416310381661865E-84 49.65839450787847 1.3790620249408034 830.1953390143638 0.0 0.0 285.0 275.07429443262146 2.912965451042532 830.1951535471212 1.3588811316148683 818.0464412321544 2.9739108953073483 2.935893928413798 815.3673177508787 
204.00019531843103 8.0416310381661865E-84 49.74951840251337 1.3813178307992007 831.5533341411196 0.0 0.0 285.0 278.0320844401487 2.917730364110124 831.5531537713857 1.372241275530678 826.0892478694633 2.971201145842193 2.872360575151053 777.3675329037745 
205.00055907465597 8.57012165546478E-84 49.74951840251337 1.3836174878760998 832.9377277014132 0.0 0.0 285.0 279.4082744856488 2.9225879144543994 832.9375556195042 1.3822400991896626 832.108539712175 2.978109868950622 2.92133924388761 819.299465014384 
206.00055488118895 1.1053761938376845E-83 49.73293799326492 1.3853077198574746 833.9552473542008 0.0 0.0 286.0 272.38051813671126 2.915926863006596 833.955082819887 1.3314788770112165 801.5502839607542 2.942759230520466 2.92133924388761 819.299465014384 
207.0001123456218 1.0372574559913691E-83 49.79486639689891 1.3854149999637326 834.0198299781666 0.0 0.0 286.0 277.2327091702809 2.9161526956369084 834.0196709521559 1.3678139854252278 823.4240192259774 2.9701546462189525 2.92133924388761 819.299465014384 
208.0005072979409 1.0372574559913691E-83 49.7583635475587 1.3851171323997211 833.8405137046327 0.0 0.0 286.0 279.3647884337689 2.915525754359186 833.8403657467273 1.3748947733941626 827.68665358329 2.962745084030215 2.92133924388761 819.299465014384 
209.0001535325174 1.425463230726339E-83 49.7583635475587 1.3841244177083958 833.2428994604538 0.0 0.0 286.0 275.2322809027936 2.91343618736533 833.2427495864844 1.3480955906464833 811.5535455691861 2.9486132328199184 2.92133924388761 819.299465014384 
210.00017634280533 1.3095601004386837E-83 49.765827861882364 1.38374323976495 833.0134303384996 0.0 0.0 286.0 281.4732474061692 2.9126338785862718 833.0132892756731 1.3790067499670946 830.1620634801831 2.949346238515696 2.92133924388761 819.299465014384 
211.00026916171066 1.5383889367877845E-83 49.79348322534021 1.3882167022432113 835.7064547504128 0.0 0.0 286.0 281.51625174065987 2.9220500709515163 835.7063202921329 1.3763978749832886 828.5915207399337 2.943316826707589 2.942759230520466 801.5502839607542 
212.00010210352417 1.3547905071335524E-83 49.80897694126909 1.3853981551828731 834.00968942009 0.0 0.0 286.0 284.0151116151404 2.9161173495882977 834.0095619822538 1.380261876519949 830.9176496650141 2.925610700570621 2.9701546462189525 823.4240192259774 
213.0005452997197 1.9833357876730955E-83 49.80344291792708 1.384619727898553 833.5410761949292 0.0 0.0 286.0 285.17278356398856 2.9144788701406683 833.5409568602314 1.3709836519625949 825.3321584814703 2.8941477099138315 2.962745084030215 827.68665358329 
214.0001807470308 1.861319647338485E-83 49.81257438621739 1.3840602242887852 833.2042550218496 0.0 0.0 286.0 278.32342235361835 2.9133011858716094 833.2041391592809 1.3332796326557859 802.6343388587879 2.8838188754341223 2.9486132328199184 811.5535455691861 
215.0002404223161 2.251813122531747E-83 49.88236082944809 1.3855354840142384 834.0923613765716 0.0 0.0 286.0 282.6504966207733 2.9164064961503806 834.0922578990087 1.3758313101038286 828.2504486825167 2.9302989330804685 2.949346238515696 830.1620634801831 
216.00030403621474 1.9083967693209073E-83 49.86324292230045 1.3867210114494146 834.8060488925466 0.0 0.0 286.0 279.9481410149763 2.918901904815037 834.8059447771001 1.3512383292041843 813.4454741809215 2.905700574512495 2.943316826707589 828.5915207399337 
217.00017287182337 1.844437979373598E-83 49.85576399680182 1.3837273034624575 833.0038366843988 0.0 0.0 286.0 282.98077861453004 2.9126004653032216 833.0037330767216 1.3760671746429538 828.3924391350695 2.9273805916814117 2.925610700570621 830.9176496650141 
218.0001838998781 2.551255839550241E-83 49.905644696976395 1.3832220606053478 832.699680484419 0.0 0.0 286.0 283.1108483487777 2.9115370083251055 832.6995843809799 1.4004892174130839 843.0945088826837 2.977966099850881 2.8838188754341223 802.6343388587879 
219.0003510971818 2.382054860314271E-83 49.927829913173795 1.3852653854765569 833.9297620568873 0.0 0.0 286.0 280.4389318438245 2.9158380062557074 833.9296697891324 1.376449548737195 828.6226283398028 2.9547346471896416 2.8838188754341223 802.6343388587879 
220.00030033764278 2.382054860314271E-83 49.967788158272576 1.3884479625956998 835.8456734826113 0.0 0.0 285.0 278.7184645591211 2.9327915256365427 835.8455848064146 1.386842346778925 834.8790927609163 2.9954208239541433 2.8838188754341223 802.6343388587879 
221.00004466320007 2.465258906674696E-83 49.905644696976395 1.389658280080031 836.5742846081779 0.0 0.0 285.0 281.111601419603 2.935348068487854 836.574199519038 1.404690265468504 845.6235398120391 3.0081417328266498 2.8838188754341223 802.6343388587879 
222.00017219598303 2.465258906674696E-83 49.94225559209887 1.3832006164702961 832.6867711151174 0.0 0.0 286.0 279.07043924481474 2.911491929824719 832.6866919298697 1.378379225281651 829.7842936195428 2.9733865609879735 2.8838188754341223 802.6343388587879 
223.00002286812477 2.465258906674696E-83 49.954465191214815 1.3845541675695827 833.5016088768882 0.0 0.0 286.0 279.0478691784116 2.9143410184850413 833.5015312867217 1.3700514271805315 824.7709591626866 2.9556611974534106 2.8838188754341223 802.6343388587879 
224.00034340384545 2.6266027456937515E-83 49.87737284272688 1.3849028810816244 833.7115344111381 0.0 0.0 287.0 281.2689419056837 2.9049179778462704 833.7114596418794 1.3916016669510525 837.7442035045283 2.9784454615875946 2.8838188754341223 802.6343388587879 
225.0000905570634 2.4521867278318283E-83 49.87737284272688 1.3859106110594945 834.318187857816 0.0 0.0 287.0 279.7636391667875 2.907031766237512 834.3181169101658 1.3759118422549776 828.2989290375077 2.9607097316306294 2.8838188754341223 802.6343388587879 
226.0000915983279 2.301556709147574E-83 49.77550549144244 1.3863050578635854 834.5556448338777 0.0 0.0 287.0 279.4693105354391 2.907859154646337 834.5555773834985 1.3749915500749885 827.7449131451338 2.9618454761964594 2.9733865609879735 829.7842936195428 
227.00042091058884 2.8988321420229023E-83 49.711391722158695 1.3882822611736778 835.7459212265535 0.0 0.0 287.0 279.5364188504743 2.9120064716218006 835.7458573554567 1.3816883279242458 831.7763734104042 2.9755563759129586 2.9556611974534106 824.7709591626866 
228.0000960374925 2.9492707788740083E-83 49.618959338792514 1.3900644391294146 836.8187923559082 0.0 0.0 286.0 282.98152325223174 2.9259396089937852 836.8187281722228 1.3749159308774552 827.6993903882342 2.9249237931710317 2.9784454615875946 837.7442035045283 
229.0001380990751 2.9492707788740083E-83 49.63853512212058 1.3881361000886245 835.6579322533523 0.0 0.0 287.0 282.92147858570064 2.9116998932717864 835.6578693690026 1.396349803734612 840.6025818482441 2.971151522501373 2.9607097316306294 828.2989290375077 
230.0005544384352 4.0476694842888266E-83 49.63853512212058 1.3878024635458897 835.4570830546263 0.0 0.0 287.0 281.65704344247547 2.9110000755981096 835.4570216966578 1.3755074786218333 828.0555021303375 2.939942463393273 2.9607097316306294 828.2989290375077 
231.00055907465597 4.0476694842888266E-83 49.63853512212058 1.391008782454482 837.3872870375976 0.0 0.0 287.0 283.89803133901484 2.917725542785372 837.3872307794019 1.3995070290345089 842.5032314787672 2.9676261843207286 2.9607097316306294 828.2989290375077 
232.0001618873175 4.865362766655442E-83 49.53522915514041 1.390903911346792 837.3241546307689 0.0 0.0 288.0 280.20029065745763 2.9073753452346764 837.3240994275869 1.3683370191866722 823.7388855503821 2.939821666913956 2.9249237931710317 827.6993903882342 
233.00028597692577 4.287184262888948E-83 49.45823425457817 1.3939620801354686 839.1651722415517 0.0 0.0 288.0 269.9216362351516 2.913767767752568 839.1651171127396 1.3124313802525989 790.0836909120726 2.9270854383224165 2.971151522501373 840.6025818482441 
234.0002537708352 5.3937521774228424E-83 49.45164026295941 1.3923663165561198 838.2045225667841 0.0 0.0 288.0 276.6240945607019 2.9104321848461043 838.2044692356777 1.343344397268193 808.6933271554534 2.9234377737041095 2.939942463393273 828.0555021303375 
235.00016514106136 5.3937521774228424E-83 49.46263073746407 1.3943593564953836 839.404332610221 0.0 0.0 288.0 282.4185121861964 2.914598195408204 839.4042802775625 1.3937723392017598 839.0509481994558 2.9709488294672264 2.9676261843207286 842.5032314787672 
236.00031775148844 6.4787667014957374E-83 49.46070722811689 1.3949295199877407 839.7475710326199 0.0 0.0 288.0 281.8604708170732 2.915790001020553 839.7475202939193 1.382876246444483 832.4915003595858 2.9535588936835024 2.939821666913956 823.7388855503821 
237.00055907465597 5.709746420409312E-83 49.337209896171096 1.3898584244911603 836.6947715436785 0.0 0.0 287.0 282.5624369367385 2.9153126283888886 836.6947243476106 1.392271457217375 838.147417244856 2.966237927203695 2.9270854383224165 790.0836909120726 
238.00025828952218 6.592373836916713E-83 49.15336104377091 1.391086842438161 837.4342791477725 0.0 0.0 287.0 282.9719661559187 2.917889322513317 837.434235561322 1.3834888409744563 832.8602822666211 2.9432607532850503 2.9234377737041095 808.6933271554534 
239.00015968432288 5.514464851495452E-83 49.15336104377091 1.3895109061389028 836.4855654956212 0.0 0.0 287.0 268.68595520191604 2.9145836972434696 836.4855211088767 1.300613576931532 782.9693733127905 2.914068853075678 2.9709488294672264 839.0509481994558 
240.00032112813156 8.196551374278963E-83 49.139436230916324 1.392946151519349 838.5535832146486 0.0 0.0 288.0 266.38150586872223 2.9116442350213547 838.5535396861505 1.2968933276417405 780.7297832403175 2.930870822635396 2.9535588936835024 832.4915003595858 
241.00055907465597 8.196551374278963E-83 49.139436230916324 1.3883012116080082 835.7573293880213 0.0 0.0 288.0 280.9886903614901 2.9019350259810457 835.7572874825413 1.372492815910984 826.2406751784057 2.940476622441467 2.966237927203695 838.147417244856 
242.00051586479253 8.98102036096204E-83 49.12060305695114 1.3907592268381554 837.2370545565695 0.0 0.0 289.0 282.0607639592293 2.8970138874970024 837.2370134866336 1.3694093166051988 824.3844085963192 2.92271919363971 2.9432607532850503 832.8602822666211 
243.00008845863866 9.299268339905183E-83 49.096867168777905 1.3926866433792193 838.3973593142902 0.0 0.0 289.0 282.9246264975339 2.901028781278901 838.3973177896022 1.3710269790925758 825.358241413727 2.917237186565381 2.914068853075678 782.9693733127905 
244.00032272653453 1.357643709918181E-82 49.046432422039835 1.390173079731557 836.8841939983964 0.0 0.0 289.0 272.1781316215443 2.8957929256002988 836.8841554984856 1.311926025797724 789.7794675302383 2.901700672368504 2.930870822635396 780.7297832403175 
245.00055907465597 1.1558540638697459E-82 49.06823568124424 1.3838080119087752 833.0524231690821 0.0 0.0 290.0 281.5335729305 2.8725945144133256 833.0524091798638 1.3583620882187561 817.7339771076948 2.9045700255065583 2.914068853075678 782.9693733127905 
246.00012705042187 1.0409213002562249E-82 49.05760538184452 1.3832076500772184 832.6910053464856 0.0 0.0 290.0 283.23203387003747 2.8713482452549033 832.6909911239217 1.3859692533381636 834.3534905095784 2.9458302407009014 2.914068853075678 782.9693733127905 
247.00017032387336 1.077950703774733E-82 48.982441360719925 1.3842008044752931 833.2888842941268 0.0 0.0 289.0 282.02294427870356 2.883352497394622 833.2888717470457 1.3689874684147645 824.13045598568 2.9222106665592764 2.914068853075678 782.9693733127905 
248.00019219924872 1.077950703774733E-82 48.982441360719925 1.380704711186866 831.1842361344933 0.0 0.0 289.0 283.8228670224468 2.8760699780793337 831.1842236649275 1.3748788275099124 827.6770541609758 2.9161746650086404 2.914068853075678 782.9693733127905 
249.00008453274427 9.876662123946271E-83 48.90494719430147 1.3756816190838135 828.1603346884563 0.0 0.0 289.0 282.84310268056606 2.865606654993862 828.1603232932263 1.3573235771112482 817.1087934209598 2.8889118584722087 2.917237186565381 825.358241413727 
250.00055907465597 1.022869325357792E-82 48.78121145960436 1.3772200835407267 829.0864902915168 0.0 0.0 289.0 282.2702193493703 2.868811347945854 829.0864795563515 1.341392154567712 807.5180770497526 2.8607979931821106 2.901700672368504 789.7794675302383 
251.00008906159076 1.022869325357792E-82 48.812929554237854 1.376507365044045 828.6574337565149 0.0 0.0 289.0 285.5868180573244 2.867326725736335 828.6574237378005 1.3666119623539266 822.7004013370541 2.880736607289478 2.9045700255065583 817.7339771076948 
252.00000502498094 0.0 0.0 0.0 0.0 0.0 0.0 289.0 282.45650945765533 0.0 0.0 1.2845675388964046 773.3096584156273 2.737800803034984 2.9458302407009014 834.3534905095784 
253.0000873140521 0.0 0.0 0.0 0.0 0.0 0.0 289.0 277.04886750751814 0.0 0.0 0.8490713224798638 511.1409361328764 1.844948657366397 2.9222106665592764 824.13045598568 
254.00023148106155 0.0 0.0 0.0 0.0 0.0 0.0 289.0 278.3798481650922 0.0 0.0 0.3120763415343304 187.86995760366494 0.6748691000515573 2.9161746650086404 827.6770541609758 
255.0001648088324 0.0 0.0 0.0 0.0 0.0 0.0 290.0 274.5143680391786 0.0 0.0 0.054661247488814284 32.90607098826586 0.11987012273095125 2.8889118584722087 817.1087934209598 
256.00039957597176 0.0 0.0 0.0 0.0 0.0 0.0 290.0 283.2221309040393 0.0 0.0 0.00633317717744203 3.8125726608200528 0.013461422130574323 2.8607979931821106 807.5180770497526 
257.00048908661347 0.0 0.0 0.0 0.0 0.0 0.0 290.0 285.42006746261904 0.0 0.0 9.00337228294778E-4 0.5420030114334589 0.001898966026642272 2.880736607289478 822.7004013370541 
258.00055907465594 0.0 0.0 0.0 0.0 0.0 0.0 289.0 284.3396192282098 0.0 0.0 4.628975726996525E-4 0.2786643387651907 9.800404865195232E-4 2.737800803034984 773.3096584156273 
259.0000612416382 0.0 0.0 0.0 0.0 0.0 0.0 289.0 284.0011998892038 0.0 0.0 2.657685840247246E-4 0.1599926875828826 5.633521536011111E-4 1.844948657366397 511.1409361328764 
260.00008697589277 0.0 0.0 0.0 0.0 0.0 0.0 289.0 286.9365630033338 0.0 0.0 1.3456743445413306E-4 0.081009595541389 2.8232580293522156E-4 0.6748691000515573 187.86995760366494 
261.00015840494535 0.0 0.0 0.0 0.0 0.0 0.0 289.0 284.1686217788474 0.0 0.0 1.0456857617310633E-4 0.06295028285621057 2.2152439795130254E-4 0.11987012273095125 32.90607098826586 
262.0000173290865 0.0 0.0 0.0 0.0 0.0 0.0 288.0 283.2057339297619 0.0 0.0 7.55317708867849E-5 0.04547012607384422 1.6055510403303243E-4 0.013461422130574323 3.8125726608200528 
263.00011997386133 0.0 0.0 0.0 0.0 0.0 0.0 289.0 282.3297148034781 0.0 0.0 2.3418924603058703E-5 0.014098192611041255 4.993520650440431E-5 0.001898966026642272 0.5420030114334589 
264.00006012903265 0.0 0.0 0.0 0.0 0.0 0.0 288.0 283.296885087105 0.0 0.0 4.292051087231754E-6 0.0025838147545135066 9.120519463950561E-6 9.800404865195232E-4 0.2786643387651907 
265.0001972278911 0.0 0.0 0.0 0.0 0.0 0.0 289.0 284.375839488853 0.0 0.0 7.745677724697494E-7 4.6628979902679226E-4 1.6396955517209822E-6 5.633521536011111E-4 0.1599926875828826 
266.00055907465594 0.0 0.0 0.0 0.0 0.0 0.0 290.0 284.48473269688463 0.0 0.0 1.8114176690617432E-7 1.0904734367751697E-4 3.8331527545875625E-7 2.2152439795130254E-4 0.06295028285621057 
267.00055907465594 0.0 0.0 0.0 0.0 0.0 0.0 291.0 284.4754667516964 0.0 0.0 1.5025862432277745E-7 9.045569184231266E-5 3.1797361254096003E-7 1.6055510403303243E-4 0.04547012607384422 
268.0000621444072 0.0 0.0 0.0 0.0 0.0 0.0 290.0 280.2883520431033 0.0 0.0 1.2520314728164664E-8 7.537229466355129E-6 2.689098355823234E-8 4.993520650440431E-5 0.014098192611041255 
269.00017356311724 0.0 0.0 0.0 0.0 0.0 0.0 290.0 278.02683824580276 0.0 0.0 1.1432143699564839E-8 6.882150507138082E-6 2.4753547357372712E-8 9.120519463950561E-6 0.0025838147545135066 
270.00055907465594 0.0 0.0 0.0 0.0 0.0 0.0 290.0 283.74074705265616 0.0 0.0 1.1090047446971981E-8 6.676208563077041E-6 2.3529255605428013E-8 1.6396955517209822E-6 4.6628979902679226E-4 
271.0000181558874 0.0 0.0 0.0 0.0 0.0 0.0 291.0 285.33976497927057 0.0 0.0 4.824991661436036E-9 2.9046449801845196E-6 1.0179601081523064E-8 3.8331527545875625E-7 1.0904734367751697E-4 
272.0002054916278 0.0 0.0 0.0 0.0 0.0 0.0 291.0 285.5053869425004 0.0 0.0 7.638753551295292E-10 4.5985296378797207E-7 1.6106630025884047E-9 3.1797361254096003E-7 9.045569184231266E-5 
273.0001102142616 0.0 0.0 0.0 0.0 0.0 0.0 291.0 281.44857198358034 0.0 0.0 2.0168724269616565E-10 1.214157201030935E-7 4.3139575819264367E-10 2.689098355823234E-8 7.537229466355129E-6 
274.0000648200717 0.0 0.0 0.0 0.0 0.0 0.0 291.0 285.12993753848593 0.0 0.0 5.835086517334951E-11 3.512722083435601E-8 1.2319723820517672E-10 2.4753547357372712E-8 6.882150507138082E-6 
275.00002759638323 0.0 0.0 0.0 0.0 0.0 0.0 291.0 284.92913511956675 0.0 0.0 7.980925402604007E-12 4.804517092367566E-9 1.6862147461162277E-11 2.3529255605428013E-8 6.676208563077041E-6 
276.0002247625005 0.0 0.0 0.0 0.0 0.0 0.0 291.0 280.88447701447086 0.0 0.0 1.2577171234103414E-12 7.571457082930162E-10 2.6955769017239384E-12 1.0179601081523064E-8 2.9046449801845196E-6 
277.000118480848 0.0 0.0 0.0 0.0 0.0 0.0 291.0 288.47861130129644 0.0 0.0 9.900086940083362E-13 5.959852337930157E-10 2.065959868236295E-12 1.6106630025884047E-9 4.5985296378797207E-7 
278.00026780738466 0.0 0.0 0.0 0.0 0.0 0.0 291.0 276.5394663238091 0.0 0.0 8.815195464428885E-13 5.306747669586206E-10 1.9189838398589957E-12 4.3139575819264367E-10 1.214157201030935E-7 
279.00055907465594 0.0 0.0 0.0 0.0 0.0 0.0 291.0 287.21259915525945 0.0 0.0 9.079379025315013E-13 5.465786173239711E-10 1.903045405847622E-12 1.2319723820517672E-10 3.512722083435601E-8 
280.0005580025448 0.0 0.0 0.0 0.0 0.0 0.0 291.0 286.13202347110894 0.0 0.0 6.527262919081214E-13 3.9294122772869293E-10 1.373286439461987E-12 1.2319723820517672E-10 3.512722083435601E-8 
281.00055907465594 0.0 0.0 0.0 0.0 0.0 0.0 291.0 286.62809567580354 0.0 0.0 5.44217994666359E-13 3.276192327891492E-10 1.1430115809711463E-12 1.2319723820517672E-10 3.512722083435601E-8 
282.00055907465594 0.0 0.0 0.0 0.0 0.0 0.0 291.0 285.36973773257444 0.0 0.0 1.1364100783910704E-13 6.841188671914223E-11 2.397306990668098E-13 1.2319723820517672E-10 3.512722083435601E-8 
283.00055907465594 0.0 0.0 0.0 0.0 0.0 0.0 290.0 287.03275533547617 0.0 0.0 1.26810642436971E-14 7.634000674705676E-12 2.6596270052117435E-14 1.9189838398589957E-12 5.306747669586206E-10 
284.0000570568388 0.0 0.0 0.0 0.0 0.0 0.0 290.0 282.1387082426164 0.0 0.0 1.6521746414211206E-15 9.946091341355116E-13 3.5252487697655025E-15 1.903045405847622E-12 5.465786173239711E-10 
285.00055907465594 0.0 0.0 0.0 0.0 0.0 0.0 290.0 279.04454710799547 0.0 0.0 2.491690872161905E-16 1.4999979050414724E-13 5.375478290428464E-16 1.373286439461987E-12 3.9294122772869293E-10 
286.0003523938845 0.0 0.0 0.0 0.0 0.0 0.0 291.0 283.8967052677588 0.0 0.0 1.66122863092496E-16 1.0000596358168205E-13 3.522617970763727E-16 1.373286439461987E-12 3.9294122772869293E-10 
287.0000085060063 0.0 0.0 0.0 0.0 0.0 0.0 291.0 284.4301362723245 0.0 0.0 7.097455600840584E-17 4.2726682717060725E-14 1.502185502458591E-16 1.373286439461987E-12 3.9294122772869293E-10 
288.000237519317 0.0 0.0 0.0 0.0 0.0 0.0 291.0 284.5586357398788 0.0 0.0 6.841277311175191E-17 4.1184489413274636E-14 1.4473111774025465E-16 1.373286439461987E-12 3.9294122772869293E-10 
289.00033584203794 0.0 0.0 0.0 0.0 0.0 0.0 291.0 284.47865393863384 0.0 0.0 3.549162801891308E-23 2.136596006738576E-20 7.510567057166513E-23 1.373286439461987E-12 3.9294122772869293E-10 
290.00012775228186 0.0 0.0 0.0 0.0 0.0 0.0 290.0 282.02768056536013 0.0 0.0 9.861431517035647E-24 5.936581773255408E-21 2.1049642224319187E-23 1.373286439461987E-12 3.9294122772869293E-10 
291.0000011808229 0.0 0.0 0.0 0.0 0.0 0.0 290.0 284.9939037964219 0.0 0.0 9.531751979034087E-24 5.7381146913785936E-21 2.0134166432828226E-23 3.522617970763727E-16 1.0000596358168205E-13 
292.0000035355505 0.0 0.0 0.0 0.0 0.0 0.0 290.0 283.90164675900087 0.0 0.0 3.911227027556543E-24 2.354558670589056E-21 8.29357172622461E-24 1.502185502458591E-16 4.2726682717060725E-14 
293.0001553114699 0.0 0.0 0.0 0.0 0.0 0.0 290.0 285.6420950752697 0.0 0.0 5.396509898934833E-25 3.2486989591587523E-22 1.1373320022396158E-24 1.4473111774025465E-16 4.1184489413274636E-14 
294.0001107169803 0.0 0.0 0.0 0.0 0.0 0.0 290.0 288.8294197719853 0.0 0.0 2.0342114971521594E-26 1.2245953212856129E-23 4.2398565985845994E-26 7.510567057166513E-23 2.136596006738576E-20 
295.00014010111477 0.0 0.0 0.0 0.0 0.0 0.0 290.0 286.62434169850417 0.0 0.0 2.8926151091980864E-28 1.7413542957372654E-25 6.0753887315298915E-28 2.1049642224319187E-23 5.936581773255408E-21 
296.0001915248168 0.0 0.0 0.0 0.0 0.0 0.0 290.0 286.0295729618839 0.0 0.0 3.287894474595808E-31 1.979312473706692E-28 6.9199574477931825E-31 2.0134166432828226E-23 5.7381146913785936E-21 
297.00055907465594 0.0 0.0 0.0 0.0 0.0 0.0 290.0 283.62112696285396 0.0 0.0 -9.77128489584651E-31 -5.882313507299565E-28 -2.0740039962079325E-30 8.29357172622461E-24 2.354558670589056E-21 
298.0002986430732 0.0 0.0 0.0 0.0 0.0 0.0 290.0 287.7967270835108 0.0 0.0 -1.0218434618917793E-30 -6.15149764058846E-28 -2.1374453083350955E-30 1.1373320022396158E-24 3.2486989591587523E-22 
299.00011829068603 0.0 0.0 0.0 0.0 0.0 0.0 290.0 286.26091064959735 0.0 0.0 -9.943622210908255E-31 -5.986060570966822E-28 -2.091120494720344E-30 4.2398565985845994E-26 1.2245953212856129E-23 
300.00055907465594 0.0 0.0 0.0 0.0 0.0 0.0 290.0 284.44295721598155 0.0 0.0 -9.80927946111793E-31 -5.905186235593044E-28 -2.0760528906712052E-30 6.0753887315298915E-28 1.7413542957372654E-25 
#####################################################################
# End of data export. Simulation finished at: 2021-12-09T08:55+0000 #
#####################################################################
