#####################################################################
# Alchemist log file - simulation started at: 2021-12-09T08:43+0000 #
#####################################################################
# random = 15.0
#
# The columns have the following meaning: 
# time localWarningInSystem[Min] localWarningInSystem[Max] localWarningInSystem[Mean] localWarningInSystem[Sum] meanWarningAtDetector[Sum] dataAtCollector[Sum] inSurveillanceArea[Sum] numDevicesAtDetector[Sum] localWarningInSurveillanceArea[Mean] localWarningInSurveillanceArea[Sum] sumWarningAtDetector[Mean] sumWarningAtDetector[Sum] meanWarningOverallAtDetector[Sum] meanWarningAtCollector[Sum] sumWarningAtCollector[Sum] 
0.0 0.0 0.0 0.0 0.0 0.0 0.0 0.0 0.0 0.0 0.0 0.0 0.0 0.0 0.0 0.0 
1.0003675412420963 0.0 0.0 0.0 0.0 0.0 0.0 11.0 1.0 0.0 0.0 0.0 0.0 0.0 0.0 0.0 
2.0 0.0 0.0 0.0 0.0 0.0 0.0 213.0 13.019272507200176 0.0 0.0 0.0 0.0 0.0 0.0 0.0 
3.0003675412420963 0.0 0.0 0.0 0.0 0.0 0.0 278.0 47.5759158024347 0.0 0.0 0.0 0.0 0.0 0.0 0.0 
4.000367541242096 0.0 0.0 0.0 0.0 0.0 0.0 283.0 102.84772854803585 0.0 0.0 0.0 0.0 0.0 0.0 0.0 
5.000104367748109 0.0 0.0 0.0 0.0 0.0 0.0 282.0 171.96847597216393 0.0 0.0 0.0 0.0 0.0 0.0 0.0 
6.000278909194854 0.0 0.0 0.0 0.0 0.0 0.0 282.0 228.9412490141782 0.0 0.0 0.0 0.0 0.0 0.0 0.0 
7.000367541242096 0.0 0.0 0.0 0.0 0.0 0.0 282.0 262.00400694887276 0.0 0.0 0.0 0.0 0.0 0.0 0.0 
8.000041558086318 0.0 0.0 0.0 0.0 0.0 0.0 282.0 270.84875702348245 0.0 0.0 0.0 0.0 0.0 0.0 0.0 
9.000191669621344 0.0 0.0 0.0 0.0 0.0 0.0 282.0 276.682849782386 0.0 0.0 0.0 0.0 0.0 0.0 0.0 
10.00033743849964 0.0 0.0 0.0 0.0 0.0 0.0 282.0 275.7954430870997 0.0 0.0 0.0 0.0 0.0 0.0 0.0 
11.000034170511492 0.0 0.0 0.0 0.0 0.0 0.0 282.0 273.9049112580527 0.0 0.0 0.0 0.0 0.0 0.0 0.0 
12.00000303440982 0.0 0.0 0.0 0.0 0.0 0.0 282.0 276.37574788890873 0.0 0.0 0.0 0.0 0.0 0.0 0.0 
13.000225977977113 0.0 0.0 0.0 0.0 0.0 0.0 282.0 271.65892155585396 0.0 0.0 0.0 0.0 0.0 0.0 0.0 
14.000367541242095 0.0 0.0 0.0 0.0 0.0 0.0 280.0 279.5619581922268 0.0 0.0 0.0 0.0 0.0 0.0 0.0 
15.000137348336851 0.0 0.0 0.0 0.0 0.0 0.0 280.0 277.1144791528103 0.0 0.0 0.0 0.0 0.0 0.0 0.0 
16.000355740547413 0.0 0.0 0.0 0.0 0.0 0.0 280.0 269.69342784286323 0.0 0.0 0.0 0.0 0.0 0.0 0.0 
17.000367541242095 0.0 0.0 0.0 0.0 0.0 0.0 280.0 276.9840122145607 0.0 0.0 0.0 0.0 0.0 0.0 0.0 
18.00000595776702 0.0 0.0 0.0 0.0 0.0 0.0 281.0 268.428428673814 0.0 0.0 0.0 0.0 0.0 0.0 0.0 
19.000294283818832 0.0 0.0 0.0 0.0 0.0 0.0 280.0 274.5384766052968 0.0 0.0 0.0 0.0 0.0 0.0 0.0 
20.000367541242095 0.0 0.0 0.0 0.0 0.0 0.0 282.0 276.16866839153283 0.0 0.0 0.0 0.0 0.0 0.0 0.0 
21.000190619834054 0.0 0.0 0.0 0.0 0.0 0.0 282.0 274.8921235752703 0.0 0.0 0.0 0.0 0.0 0.0 0.0 
22.000169868693657 0.0 0.0 0.0 0.0 0.0 0.0 281.0 272.5868172500898 0.0 0.0 0.0 0.0 0.0 0.0 0.0 
23.000367541242095 0.0 0.0 0.0 0.0 0.0 0.0 281.0 275.2648947762248 0.0 0.0 0.0 0.0 0.0 0.0 0.0 
24.000362910366196 0.0 0.0 0.0 0.0 0.0 0.0 281.0 276.7030003671726 0.0 0.0 0.0 0.0 0.0 0.0 0.0 
25.000245162948396 0.0 0.0 0.0 0.0 0.0 0.0 281.0 278.34912885360035 0.0 0.0 0.0 0.0 0.0 0.0 0.0 
26.00017084833917 0.0 0.0 0.0 0.0 0.0 0.0 281.0 277.46504931234955 0.0 0.0 0.0 0.0 0.0 0.0 0.0 
27.00002139649595 0.0 0.0 0.0 0.0 0.0 0.0 280.0 275.3649838709665 0.0 0.0 0.0 0.0 0.0 0.0 0.0 
28.000021714875345 0.0 0.0 0.0 0.0 0.0 0.0 281.0 278.54061271441475 0.0 0.0 0.0 0.0 0.0 0.0 0.0 
29.000133938780213 0.0 0.0 0.0 0.0 0.0 0.0 281.0 276.7152977031502 0.0 0.0 0.0 0.0 0.0 0.0 0.0 
30.000367541242095 0.0 6.826864659307156E-21 1.1340306743035065E-23 6.826864659307156E-21 0.0 0.0 281.0 277.12988813503875 2.4294892026004073E-23 6.826864659307156E-21 0.0 0.0 0.0 0.0 0.0 
31.000367541242095 6.208055761466193E-93 47.898230442190716 1.125997991741746 677.8507910285316 0.0 0.0 282.0 273.005307862612 2.4033676451172514 677.7496759230651 0.0312929563645324 18.838359731448513 0.06900363908282979 0.0 0.0 
32.0002991631645 6.208055761466193E-93 47.898230442190716 1.123373443140312 676.2708127704678 0.0 0.0 281.0 274.35199063176447 2.4063180403446967 676.17536933686 0.28132441897889393 169.35730022529506 0.6172993308169819 0.0 0.0 
33.00027091378348 6.208055761466193E-93 47.898230442190716 1.119318422315808 673.829690234116 0.0 0.0 281.0 270.90938007129375 2.397632895179221 673.7348435453608 0.6538058584267352 393.59112677289164 1.452851601776625 0.0 0.0 
34.000054409266674 6.208055761466193E-93 47.898230442190716 1.1134358641619049 670.2883902254669 0.0 0.0 282.0 276.9293991566978 2.37657835824702 670.1950970256597 0.9547053009642006 574.7325911804536 2.0753758645005647 0.0 0.0 
35.00004965570012 7.104242987163125E-93 47.898230442190716 1.1130781931482159 670.0730722752259 0.0 0.0 284.0 280.5638775966661 2.359095784102943 669.9832026852356 1.0837197863681465 652.3993113936345 2.3253147090143687 0.06900363908282979 18.838359731448513 
36.0003675412421 9.302170546015532E-93 47.98132603698292 1.109809546504226 668.1053469955433 0.0 0.0 283.0 281.5936095938258 2.3604851301693603 668.0172918379287 1.1210254582437444 674.8573258627333 2.396564775870291 0.6172993308169819 169.35730022529506 
37.00006900973859 8.696107770035152E-93 47.98132603698292 1.1059587859482716 665.7871891408596 0.0 0.0 284.0 280.39370314537655 2.344024862869378 665.7030610549032 1.1059557175940156 665.7853419915956 2.3744660972161844 1.452851601776625 393.59112677289164 
38.000262919886616 1.0643601102145313E-92 47.845039742006314 1.105136556896758 665.2922072518483 0.0 0.0 285.0 281.52616562791826 2.334062986538685 665.2079511635247 1.1166122545336479 672.200577229254 2.3877019591765913 2.0753758645005647 574.7325911804536 
39.0003675412421 1.0142578030046156E-92 47.94215728345548 1.1011044235834129 662.8648629972148 0.0 0.0 285.0 279.20378686766713 2.3255563972716073 662.783573222408 1.1139809666210385 670.61654190587 2.4018891342033224 2.3253147090143687 652.3993113936345 
40.00002205248655 9.181514870346433E-93 47.69218032035473 1.102364241203371 663.6232732044291 0.0 0.0 284.0 276.33473204412957 2.3364303871908105 663.54622996219 1.089539431616533 655.902737833154 2.3735805230896885 2.396564775870291 674.8573258627333 
41.00001848046472 8.333850072046473E-93 47.69218032035473 1.0955836273582114 659.5413436696432 0.0 0.0 283.0 282.1960229358478 2.3302646164306675 659.4648864498789 1.1334966994667774 682.3650130790043 2.418053259503688 2.3744660972161844 665.7853419915956 
42.00005728723563 8.60771484540241E-93 47.71364663104984 1.0955324517451612 659.5105359505872 0.0 0.0 283.0 279.33384023190365 2.3301575131267263 659.4345762148635 1.1218084486178888 675.3286860679736 2.417640073638461 2.3877019591765913 672.200577229254 
43.0003675412421 1.2052809244039163E-92 47.71364663104984 1.0954937000908502 659.4872074546913 0.0 0.0 284.0 274.0553167211652 2.321890104640651 659.4167897179447 1.0720677420284466 645.3847807011246 2.3549434779175065 2.4018891342033224 670.61654190587 
44.000035075496676 1.2052809244039163E-92 48.16641020066853 1.093221570957559 658.1193857164503 0.0 0.0 283.0 277.6692153872053 2.3252501994939605 658.0458064567906 1.087562784981262 654.7127965587173 2.357887588099137 2.3735805230896885 655.902737833154 
45.0003675412421 1.2052809244039163E-92 48.34092744610887 1.0914742992662636 657.0675281582905 0.0 0.0 285.0 276.95737974922145 2.3052589749412573 656.9988078582579 1.0651425617079056 641.2158221481598 2.3152147912749825 2.3735805230896885 655.902737833154 
46.00015045941659 1.2052809244039163E-92 48.40972790054491 1.0917698197771497 657.2454315058436 0.0 0.0 284.0 281.2435404506307 2.3140006867019265 657.1761950233468 1.100330850119424 662.3991717719017 2.355251148917245 2.3735805230896885 655.902737833154 
47.000150664739486 1.577472342964815E-92 48.37558419466512 1.0915971594142624 657.1414899673863 0.0 0.0 285.0 278.40405275493856 2.3055225776704225 657.0739346360705 1.0696988127081326 643.9586852502903 2.3130363185378133 2.3735805230896885 655.902737833154 
48.0003675412421 1.9300394629664477E-92 48.37558419466512 1.0928479815008632 657.8944848635201 0.0 0.0 284.0 280.38880564260677 2.316301538812293 657.8296370226916 1.079063604743406 649.5962900555277 2.3167697032938093 2.3549434779175065 645.3847807011246 
49.0003675412421 1.9300394629664477E-92 48.37558419466512 1.0899082709201289 656.1247790939177 0.0 0.0 283.0 282.4210886639433 2.3182349003980374 656.0604768126449 1.1038851548973134 664.5388632481765 2.3530072289995325 2.3549434779175065 645.3847807011246 
50.0003675412421 3.303434457659933E-92 48.37558419466512 1.0877238195501269 654.8097393691766 0.0 0.0 284.0 282.55441648831425 2.3054404055714053 654.7450751822789 1.0939095980563325 658.5335780299205 2.3306433720428354 2.3549434779175065 645.3847807011246 
51.0003675412421 2.8488263903260233E-92 48.37558419466512 1.0833252268463736 652.1617865615168 0.0 0.0 283.0 284.73880833291145 2.304231111089744 652.0974044383973 1.1052388229942023 665.3537714425174 2.336716148171126 2.3549434779175065 645.3847807011246 
52.0003675412421 2.669720494441065E-92 48.48859234935237 1.082462906174712 651.6426695171767 0.0 0.0 281.0 278.53814486075504 2.3187922657989377 651.5806266895015 1.077430860526678 648.6133780370611 2.3286339411835737 2.3549434779175065 645.3847807011246 
53.00026493137683 2.7134578559823914E-92 48.420755816767866 1.079551866553662 649.8902236653043 0.0 0.0 281.0 271.9711361315025 2.3125603545442623 649.8294596269375 1.056039465690747 635.7357583458308 2.337511867577162 2.3549434779175065 645.3847807011246 
54.00013888391571 2.9018912279341835E-92 48.420755816767866 1.0798125744723412 650.0471698323497 0.0 0.0 280.0 280.0337398240738 2.3213800302600687 649.9864084728192 1.0919631062703523 657.3617899747454 2.3474378136995964 2.3549434779175065 645.3847807011246 
55.0003675412421 2.7134578559823914E-92 48.54357723958847 1.0778456121303273 648.8630585024564 0.0 0.0 281.0 282.65740185801735 2.3089129795774994 648.8045472612772 1.1076289132999657 666.792605806588 2.3590134255232664 2.3549434779175065 645.3847807011246 
56.00018583595828 2.4609737784331886E-92 48.58026846835051 1.0738660534147222 646.467364155663 0.0 0.0 279.0 273.4846888023675 2.3168896005726696 646.4121985597748 1.0616530814413212 639.1151550276848 2.3369321252552404 2.3549434779175065 645.3847807011246 
57.00025053436774 3.337283379035462E-92 48.705659150092266 1.0741488984846799 646.6376368877771 0.0 0.0 280.0 277.85852077289775 2.3092339614042863 646.5855091932001 1.081100165924427 650.8222998865031 2.3422794380253684 2.3549434779175065 645.3847807011246 
58.000131032287484 3.1207513282848557E-92 48.64724741320885 1.0763356288755168 647.9540485830614 0.0 0.0 281.0 279.3768213783227 2.3057157728500517 647.9061321708645 1.0700576251780332 644.1746903571773 2.3057556714229257 2.3474378136995964 657.3617899747454 
59.0003675412421 3.5687997641782164E-92 48.718919717749564 1.0774232044101957 648.6087690549375 0.0 0.0 280.0 275.5491692149143 2.316282905102188 648.5592134286125 1.0510352149044107 632.7231993724495 2.2962261188272994 2.3590134255232664 666.792605806588 
60.0003587952363 3.5687997641782164E-92 48.78717397213216 1.0753283371471518 647.3476589625853 0.0 0.0 280.0 277.8922411825901 2.3117827268158377 647.2991635084343 1.0710855590581907 644.7935065530269 2.320300501406813 2.3369321252552404 639.1151550276848 
61.0000639564316 4.596963631239528E-92 48.718919717749564 1.0728672711013743 645.866097203027 0.0 0.0 279.0 278.481711794691 2.3147636066995156 645.8190462691648 1.0895323854517425 655.8984960419558 2.3552659591719007 2.3369321252552404 639.1151550276848 
62.00031052034292 4.596963631239528E-92 48.979448080970286 1.0675101393986473 642.641103917986 0.0 0.0 279.0 272.544622734253 2.3032072385337745 642.5948195509231 1.0609155282449232 638.6711480034445 2.3433635989442596 2.3369321252552404 639.1151550276848 
63.00004910577506 4.0292239261493306E-92 48.94870952142284 1.0637434896831317 640.373580789246 0.0 0.0 279.0 271.9047838669915 2.29508145432068 640.32772575547 1.0450667334814299 629.1301735558274 2.313788542475887 2.3369321252552404 639.1151550276848 
64.0003675412421 5.184847605774931E-92 49.155818773397975 1.0585138594079886 637.225343363609 0.0 0.0 280.0 270.6528220143811 2.2756424279022514 637.1798798126305 1.034755146086097 622.9225979438287 2.301555894771826 2.3369321252552404 639.1151550276848 
65.0003675412421 4.615516517564255E-92 49.155818773397975 1.0582040203928047 637.0388202764692 0.0 0.0 280.0 270.78885878962205 2.2749801894151274 636.994453036236 1.0352728324939815 623.2342451613803 2.3015505436491233 2.3369321252552404 639.1151550276848 
66.0003121394474 5.933688375810013E-92 49.17548503391825 1.0595706765153545 637.8615472622436 0.0 0.0 280.0 270.6144576998073 2.277921760469948 637.8180929315854 1.044611971106189 628.8564066059228 2.3238093483664253 2.3369321252552404 639.1151550276848 
67.0003675412421 5.933688375810013E-92 49.22140357859749 1.0602451665658281 638.2675902726285 0.0 0.0 278.0 272.9275693821894 2.2957759522144596 638.2257147156196 1.055025324781838 635.1252455186682 2.327083507746634 2.3369321252552404 639.1151550276848 
68.0000701608386 5.933688375810013E-92 49.356948727587536 1.0590362536608542 637.539824703834 0.0 0.0 279.0 271.25490172557426 2.2849467480840286 637.5001427154436 1.06741901612421 642.5862477067676 2.368938749563558 2.3369321252552404 639.1151550276848 
69.0003675412421 6.1352204174059125E-92 49.35064240928973 1.0593190875761263 637.7100907208285 0.0 0.0 277.0 272.2660026634088 2.3020637302029563 637.6716532662189 1.0713211871887784 644.9353546876488 2.3687693225692805 2.3369321252552404 639.1151550276848 
70.0003675412421 6.1352204174059125E-92 49.41319282992591 1.0605046218089555 638.4237823289913 0.0 0.0 276.0 276.3527904145735 2.3129928618211197 638.3860298626294 1.0813978017134303 651.0014766314788 2.355689897883326 2.3369321252552404 639.1151550276848 
71.00016819979122 6.1352204174059125E-92 49.41319282992591 1.0600479278373796 638.1488525581021 0.0 0.0 276.0 272.3172003556791 2.311997884036627 638.1114159941086 1.0630584418228488 639.9611819773562 2.350057877877305 2.3369321252552404 639.1151550276848 
72.0003675412421 9.796976161931446E-92 49.41319282992591 1.0605043311755873 638.4236073677033 0.0 0.0 277.0 274.06850981720396 2.304649745382355 638.387979470912 1.0738810240021648 646.4763764493024 2.3588130459806713 2.327083507746634 635.1252455186682 
73.00022932165479 9.433142997382728E-92 49.55174365045286 1.0617733144357218 639.187535290305 0.0 0.0 278.0 273.6498908246679 2.2991149808260927 639.1539646696543 1.0733555201554859 646.160023133599 2.3612654154048416 2.368938749563558 642.5862477067676 
74.0003675412421 1.3681519839038342E-91 49.56165499025732 1.0627443039325684 639.7720709674064 0.0 0.0 278.0 270.54369844893324 2.3012253470626214 639.7406464834089 1.0613532945053525 638.9346832922221 2.3616690647585896 2.368938749563558 642.5862477067676 
75.00015441086296 1.1967316855545706E-91 49.61372205844025 1.0602656624367026 638.2799287868943 0.0 0.0 279.0 271.9117328405335 2.2876390685150407 638.2513001156959 1.0716243627051922 645.1178663485202 2.3725267740721536 2.368938749563558 642.5862477067676 
76.00017003217887 1.1967316855545706E-91 49.722992400285385 1.0583623455462114 637.1341320188188 0.0 0.0 279.0 273.5912302956028 2.2835360980059285 637.1065713436539 1.055991109809453 635.7066481052929 2.323563688128603 2.368938749563558 642.5862477067676 
77.00000206763085 1.1379301023844804E-91 49.86462803158855 1.0559616943732417 635.6889400126918 0.0 0.0 279.0 273.93561635347515 2.278355198924217 635.6611004998566 1.0482480087444486 631.0453012641555 2.3036263398837513 2.368938749563558 642.5862477067676 
78.00006136037382 1.1379301023844804E-91 49.85216343273024 1.05435186458856 634.7198224823134 0.0 0.0 279.0 271.4281645280773 2.274884783220063 634.692854518398 1.0502266069903177 632.2364174081781 2.3292955559988613 2.3616690647585896 638.9346832922221 
79.0002347209531 1.3893768772674327E-91 49.85077866964862 1.0511176778964328 632.7728420936529 0.0 0.0 279.0 269.5149120133545 2.267908681489952 632.7465221356966 1.0260694910271246 617.6938335983228 2.291872568326446 2.3725267740721536 645.1178663485202 
80.0003675412421 1.2136779251168139E-91 49.8308423457176 1.0525206874924797 633.6174538704722 0.0 0.0 280.0 273.10710884155947 2.262829604372944 633.5922892244234 1.044873657891857 629.0139420509008 2.3031767452666982 2.3588130459806713 646.4763764493024 
81.0003675412421 1.2136779251168139E-91 49.8397019496105 1.0522445807010752 633.4512375820468 0.0 0.0 280.0 275.5655204251032 2.2622379808028827 633.4266346248068 1.0730782053330632 645.993079610513 2.3442449498542737 2.3588130459806713 646.4763764493024 
82.0003675412421 1.234411385732806E-91 49.89649616739412 1.0515675408613951 633.0436595985599 0.0 0.0 278.0 274.17661989509406 2.2770456225533877 633.0186830698415 1.0512536032534112 632.8546691585527 2.3082007116460064 2.3588130459806713 646.4763764493024 
83.00010478574899 1.1732107789523484E-91 49.88762646764886 1.0512969320814365 632.8807531130249 0.0 0.0 278.0 274.2365896991638 2.2764610255788433 632.8561651109185 1.0567797222889652 636.1813928179607 2.3198268090915533 2.3588130459806713 646.4763764493024 
84.0003675412421 1.0239373640452133E-91 49.87737284276429 1.0525806345829556 633.6535420189385 0.0 0.0 278.0 274.6864807799397 2.2792446413349445 633.630010291114 1.0493284231843187 631.6957107569568 2.299697127297025 2.3588130459806713 646.4763764493024 
85.00031695106715 1.8658288103821194E-91 49.93948109939026 1.051824918973291 633.1986012219204 0.0 0.0 279.0 280.1822628455464 2.2694467721459297 633.1756494287139 1.0737658715392284 646.4070546666156 2.3070948464105836 2.3588130459806713 646.4763764493024 
86.00007099834792 1.633032458112651E-91 49.98389148427575 1.0508889629900289 632.6351557199972 0.0 0.0 279.0 277.4391437874545 2.267433892013797 632.614055871849 1.0708868295727572 644.6738714027979 2.3236586683553244 2.3588130459806713 646.4763764493024 
87.0003675412421 2.278510690200032E-91 49.98194770407147 1.048674400309521 631.3019889863316 0.0 0.0 279.0 276.4667192721994 2.2626568507979017 631.2812613726142 1.0626679339344618 639.7260962285424 2.3139352827444326 2.3198268090915533 636.1813928179607 
88.00003875842579 2.278510690200032E-91 49.98194770407147 1.046668465098051 630.0944159890263 0.0 0.0 278.0 276.8109297802607 2.266455397799843 630.0746005883559 1.0618283131558286 639.2206445198125 2.3092319549204268 2.299697127297025 631.6957107569568 
89.0003675412421 2.278510690200032E-91 49.98389148427575 1.0486688517207392 631.2986487358847 0.0 0.0 276.0 274.720527358761 2.28724388475821 631.2793121932657 1.0451670131842834 629.1905419369405 2.2902931498645263 2.3070948464105836 646.4070546666156 
90.00000472772227 2.278510690200032E-91 49.98389148427575 1.0480826127205434 630.9457328577666 0.0 0.0 276.0 275.9057970170658 2.2859659094914746 630.9265910196468 1.0594467296536492 637.7869312514918 2.31161120261653 2.3236586683553244 644.6738714027979 
91.0003675412421 2.278510690200032E-91 49.98389148427279 1.0465905556067074 630.0475144752373 0.0 0.0 276.0 269.7690040409585 2.2827137967336717 630.0290078984931 1.0352921470286545 623.2458725112472 2.31029459713845 2.323563688128603 635.7066481052929 
92.0003675412421 2.1647510292894306E-91 49.98389148427279 1.047031335761078 630.3128641281688 0.0 0.0 277.0 270.1632433214529 2.2754312977498925 630.2944694767205 1.033651207378331 622.2580268417545 2.303266792297732 2.323563688128603 635.7066481052929 
93.00034980186311 2.1647510292894306E-91 49.9178453456646 1.0490879368099375 631.550937959583 0.0 0.0 276.0 273.0397865362204 2.288161153238254 631.5324782937583 1.0467778768061613 630.1602818373074 2.3079430651170423 2.323563688128603 635.7066481052929 
94.0003675412421 2.1647510292894306E-91 49.89122959298487 1.0479628674694206 630.8736462165915 0.0 0.0 276.0 270.9861922898735 2.285708489562803 630.8555431193336 1.0333724347665585 622.0902057294617 2.2956527802125533 2.3092319549204268 639.2206445198125 
95.00036567280021 2.8251798418627615E-91 49.898713838710115 1.0495252914909343 631.8142254775429 0.0 0.0 276.0 268.0037462170239 2.2891189418478755 631.7968279500137 1.0170880794680703 612.2870238397774 2.2846211386312487 2.31029459713845 623.2458725112472 
96.00030434202 2.8251798418627615E-91 49.83471822861123 1.0495842516048755 631.8497194661354 0.0 0.0 277.0 273.45216118283395 2.2809863419147813 631.8332167103946 1.0396566419094873 625.8732984295059 2.2887853426436746 2.303266792297732 622.2580268417545 
97.0003675412421 2.6432838412913757E-91 49.789057334658196 1.0481855230256187 631.0076848614221 0.0 0.0 277.0 273.50876244802015 2.277948327752912 630.9916867875563 1.0370385688522479 624.2972184490583 2.282549242157113 2.3079430651170423 630.1602818373074 
98.0003675412421 2.6432838412913757E-91 49.51872016363777 1.047893642129414 630.8319725619072 0.0 0.0 277.0 277.6066416597515 2.277317128436256 630.8168445768429 1.0513520546100747 632.913936875264 2.279894793190844 2.2956527802125533 622.0902057294617 
99.0003675412421 3.939900056940102E-91 49.51872016363777 1.0451778614953162 629.1970726201805 0.0 0.0 279.0 275.818914796496 2.255135982831673 629.182939210037 1.0477017765555792 630.7164694864563 2.2867049199718945 2.2846211386312487 612.2870238397774 
100.0003675412421 3.6864388558014834E-91 49.51872016363777 1.0475867516913828 630.6472245182125 0.0 0.0 280.0 272.29486564326396 2.2522628941190987 630.6336103533475 1.045987632504481 629.6845547677003 2.3125098348077406 2.2887853426436746 625.8732984295059 
101.00005882750345 3.6864388558014834E-91 49.51872016363777 1.042544785413538 627.6119608189499 0.0 0.0 280.0 275.7241857302202 2.2414235683021007 627.5985991245884 1.0564082058089892 635.9577398970105 2.306499657303395 2.282549242157113 624.2972184490583 
102.00019945543994 3.6864388558014834E-91 49.51872016363777 1.0444975382482318 628.7875180254351 0.0 0.0 278.0 276.67595227065686 2.2617786605338157 628.7744676284005 1.0469754254106185 630.2792060971932 2.2780411558161937 2.279894793190844 632.913936875264 
103.00007562080334 3.384064761417688E-91 49.429392031025884 1.0397374317594885 625.9219339192122 0.0 0.0 278.0 279.07946178264035 2.2514734666162424 625.9096237193153 1.0452049262039955 629.2133655748032 2.254602906124503 2.2867049199718945 630.7164694864563 
104.0003675412421 2.7595314821071116E-91 49.389864330687516 1.0410230976962058 626.6959048131156 0.0 0.0 280.0 276.36899110471825 2.238155872364405 626.6836442620332 1.0462097730581317 629.8182833809932 2.278903580548045 2.3125098348077406 629.6845547677003 
105.00016846208287 2.7595314821071116E-91 49.389864330687516 1.0394793967551519 625.7665968466017 0.0 0.0 280.0 270.3797380642452 2.234839950624793 625.7551861749424 1.0332545024262143 622.0192104605761 2.3005392893485883 2.306499657303395 635.9577398970105 
106.00025355069818 3.1520748305171047E-91 49.40989872676022 1.042711140211774 627.712106407488 0.0 0.0 279.0 273.0527626834913 2.2498240165319583 627.7009006124166 1.0413603114788452 626.8989075102706 2.295889268247176 2.306499657303395 635.9577398970105 
107.00007704259582 4.394555850048961E-91 49.36133620680231 1.043018409899197 627.8970827593165 0.0 0.0 280.0 267.22093227021395 2.242450074092711 627.8860207459588 1.0092397217884466 607.562312516642 2.2736329349464084 2.254602906124503 629.2133655748032 
108.00016456820045 4.394555850048961E-91 49.28461159619281 1.0436088648018464 628.2525366107118 0.0 0.0 279.0 271.8334123987274 2.2517636218298533 628.2420504905293 1.0456097062397796 629.4570431563549 2.315598504252532 2.254602906124503 629.2133655748032 
109.0003675412421 7.474353140081976E-91 49.080504273686365 1.0423579736315087 627.4995001261682 0.0 0.0 278.0 274.9030906784075 2.257155209223699 627.4891481641881 1.0467010208878127 630.1140145744642 2.2921314308233676 2.254602906124503 629.2133655748032 
110.00030435255407 9.095176751682271E-91 48.80316794453802 1.0428515485645053 627.7966322358321 0.0 0.0 279.0 274.383892858802 2.2501300516401614 627.786284407605 1.0446718029364075 628.8924253677172 2.2920165568586977 2.254602906124503 629.2133655748032 
111.00027847159714 9.095176751682271E-91 48.743826863353135 1.039710504507401 625.9057237134556 0.0 0.0 278.0 272.57641106997306 2.251422700506987 625.8955107409425 1.0346270718386488 622.8454972468719 2.2850308095331893 2.254602906124503 629.2133655748032 
112.0003675412421 1.4462687015577978E-90 48.743826863353135 1.0369743159519467 624.2585382030721 0.0 0.0 279.0 273.61945756458 2.237449261619693 624.2483439918946 1.0461148192128027 629.7611211661039 2.3015948016689087 2.254602906124503 629.2133655748032 
113.00032994382389 1.3035877408451724E-90 48.53198210321741 1.0365815239998415 624.0220774479051 0.0 0.0 279.0 272.2439235051022 2.236602374991216 624.0120626225495 1.042303310952637 627.4665931934921 2.3047955859398 2.254602906124503 629.2133655748032 
114.00020084503451 1.8344051569586094E-90 48.38606670659459 1.036588286726876 624.0261486095792 0.0 0.0 280.0 270.2346508529757 2.228630433563504 624.0165213977814 1.0206325826578408 614.4208147600255 2.273656664016445 2.254602906124503 629.2133655748032 
115.0001441445168 1.4987499214464262E-90 48.38606670659459 1.0363471876133652 623.8810069432458 0.0 0.0 280.0 275.4216108248294 2.228113036687787 623.8716502725804 1.028763321089357 619.3155192957926 2.2486090232392213 2.254602906124503 629.2133655748032 
116.00029445269807 1.7343476958993829E-90 48.24434220848796 1.034313672256257 622.6568306982668 0.0 0.0 280.0 278.91462010061423 2.2237421850033936 622.6478118009501 1.0437552694825516 628.3406722284968 2.252806511189096 2.254602906124503 629.2133655748032 
117.000085943511 1.7343476958993829E-90 48.278929712754255 1.033361568675867 622.0836643428715 0.0 0.0 278.0 278.3937646880702 2.2376791454098117 622.0748024239276 1.0430289933744312 627.9034540114048 2.255450852913129 2.254602906124503 629.2133655748032 
118.00004355747706 1.7343476958993829E-90 48.278929712754255 1.032029074102308 621.281502609589 0.0 0.0 280.0 277.6708694041344 2.21883139471929 621.2727905214009 1.0356849667302284 623.4823499715947 2.2454006475708153 2.254602906124503 629.2133655748032 
119.00035223883602 1.3259013417848758E-90 48.278929712754255 1.0308912082413022 620.596507361264 0.0 0.0 279.0 276.91682686268325 2.224329294887291 620.5878732735544 1.037137212143234 624.356601710226 2.2546719489163807 2.254602906124503 629.2133655748032 
120.0003675412421 1.8782224408799634E-90 48.1008949613429 1.0332874564405143 622.0390487771898 0.0 0.0 278.0 273.39286034742406 2.237518714941118 622.0302027536311 1.0259035596245947 617.5939428940083 2.2589980664058964 2.254602906124503 629.2133655748032 
121.0003675412421 1.8782224408799634E-90 47.940825575347155 1.0335158536792761 622.1765439149241 0.0 0.0 279.0 278.1861646889234 2.229994602399138 622.1684940693597 1.0425486248618203 627.6142721668259 2.2560944857507352 2.254602906124503 629.2133655748032 
122.00002184746974 2.768309736286348E-90 47.70702019596544 1.0323727655249348 621.4884048460106 0.0 0.0 278.0 277.40303685061616 2.235541252289951 621.4804681366064 1.031269353492609 620.8241508025438 2.237986136888843 2.2486090232392213 619.3155192957926 
123.0000336041211 3.3590532141169674E-90 48.210047316049334 1.0311814693908752 620.7712445733065 0.0 0.0 279.0 280.59213844770755 2.22495846292653 620.7634111565019 1.0626118604058041 639.6923399642956 2.279794236229151 2.252806511189096 628.3406722284968 
124.0003675412421 3.418904792992652E-90 48.0936803684197 1.0312598303676241 620.8184178813099 0.0 0.0 279.0 276.39307506763623 2.2251281878625444 620.8107644136503 1.0360121801161408 623.6793324299141 2.2564940611384467 2.252806511189096 628.3406722284968 
125.0003675412421 3.300212731801037E-90 48.209243821990086 1.0311050458158535 620.7252375811441 0.0 0.0 279.0 276.67491016536724 2.2247953434812024 620.7179008312556 1.0363645515150088 623.8914600120388 2.254962185183839 2.252806511189096 628.3406722284968 
126.0003675412421 3.418904792992652E-90 48.3057587924141 1.028610443305372 619.2234868698341 0.0 0.0 279.0 271.78220291410975 2.2194130581920977 619.2162432355954 1.0218023662178195 615.1250244631218 2.2633013415433876 2.252806511189096 628.3406722284968 
127.0000276119842 3.418904792992652E-90 48.48320502734308 1.0251029929801223 617.1120017740336 0.0 0.0 279.0 274.2544024664009 2.2118455472631924 617.1049076864309 1.0332007077077283 621.986826040045 2.2679192036534217 2.252806511189096 628.3406722284968 
128.0002465770372 5.793791599923785E-90 48.48320502734308 1.0253031607138117 617.2325027497145 0.0 0.0 279.0 277.09827899830213 2.212278860950933 617.2258022053105 1.0318041842813666 621.1461189373821 2.241609443345507 2.252806511189096 628.3406722284968 
129.0003675412421 5.210384206661501E-90 48.76414102307542 1.026217039433226 617.7826577388016 0.0 0.0 279.0 277.77030173118146 2.2142516113507753 617.7761995668661 1.0408416277417825 626.58665990055 2.2557726869841668 2.279794236229151 639.6923399642956 
130.00019418119237 4.940353713051504E-90 48.697001135934215 1.0239467213445468 616.4159262494167 0.0 0.0 278.0 273.9142728818065 2.217299154956429 616.409165077887 1.0296545833926054 619.8520592023431 2.2629418054086146 2.279794236229151 639.6923399642956 
131.0001149382287 4.0836098933968095E-90 48.77823047679263 1.0215886476613167 614.9963658921123 0.0 0.0 278.0 272.82882106561357 2.2121931928229452 614.9897076047782 1.0235537307370886 616.1793459037252 2.2584833358039473 2.279794236229151 639.6923399642956 
132.00011896108103 4.231793165304336E-90 48.930221278981094 1.0218139775614796 615.1320144920107 0.0 0.0 279.0 275.6444215164135 2.204763522486613 615.1290227737652 1.0299215984032453 620.0128022387506 2.2493210594571433 2.279794236229151 639.6923399642956 
133.00001229651474 4.231793165304336E-90 48.930221278981094 1.021146824022288 614.7303880614174 0.0 0.0 278.0 272.84023043263267 2.2112375653027314 614.7240431541591 1.0076292727894491 606.5928222192526 2.223252858485718 0.0 0.0 
134.00029974742864 4.231793165304336E-90 48.86611035980788 1.0230045945124746 615.8487658965096 0.0 0.0 276.0 266.8013746030571 2.2313142747227577 615.8427398234811 0.9791932830690395 589.4743564075635 2.2094127411621254 0.0 0.0 
135.00017584907715 4.231793165304336E-90 48.86611035980788 1.020638856481864 614.4245916020822 0.0 0.0 278.0 271.88363387863023 2.210151007610148 614.4219801156211 1.017618244153024 612.6061829801214 2.25319256713183 0.0 0.0 
136.0003675412421 4.231793165304336E-90 48.86611035980788 1.0141806617739604 610.5367583879241 0.0 0.0 277.0 274.31605659964214 2.204094448804946 610.5341623189701 1.0209917773641741 614.6370499732304 2.2406163809444037 0.0 0.0 
137.00003965596696 4.231793165304336E-90 49.13807126567912 1.0157960406511284 611.509216471979 0.0 0.0 278.0 264.66491818051514 2.1996643035201644 611.5066763786057 0.9728155935843553 585.6349873377802 2.2127412705991767 0.0 0.0 
138.00027043641512 4.011408738779625E-90 49.361336206883166 1.0165144610443158 611.9417055486784 0.0 0.0 278.0 267.2670602331296 2.2012201754418195 611.939208772826 1.0111273684192523 608.6986757883864 2.277492315205007 0.0 0.0 
139.00001486527603 4.860721727420442E-90 49.36928950733774 1.0182673950919858 612.9969718453754 0.0 0.0 279.0 271.6256689587677 2.1971132039709946 612.9945839079074 1.0243931346179622 616.684667040018 2.270347531601035 2.2094127411621254 589.4743564075635 
140.0003675412421 4.689785896895875E-90 49.36188466929459 1.0192382830619617 613.5814464033004 0.0 0.0 279.0 274.36033140240454 2.199208100680378 613.5790600898251 1.0252447625803582 617.1973470733758 2.2495866801098585 2.279794236229151 639.6923399642956 
141.00034224996227 4.774515419448045E-90 49.39809666081676 1.015754629969124 611.4842872414125 0.0 0.0 279.0 272.3054774113406 2.19169147989383 611.4819228903784 1.0401910646974215 626.1950209478446 2.2996049396462332 2.223252858485718 606.5928222192526 
142.00011516973615 4.211084703452608E-90 49.39809666081676 1.0148095981251295 610.915378071328 0.0 0.0 277.0 271.40351131673265 2.2054622311536844 610.9130380295707 1.0354200856276965 623.3228915478795 2.2966648018803664 2.223252858485718 606.5928222192526 
143.00002820378847 4.803809037465378E-90 49.39809666081676 1.015049325858773 611.059694166981 0.0 0.0 278.0 275.4805909364726 2.1980483381513234 611.057438006068 1.0442828275951357 628.6582622122748 2.2820419401425163 2.2127412705991767 585.6349873377802 
144.00007757676804 4.470092727179621E-90 49.39809666081676 1.012865970308797 609.7453141258956 0.0 0.0 277.0 272.4692882083593 2.2012388901293845 609.7431725658394 1.023533130588336 616.1669446141753 2.261417969951123 2.277492315205007 608.6986757883864 
145.0003675412421 6.43955316017069E-90 49.39343150532755 1.012713206041104 609.6533500367451 0.0 0.0 276.0 274.54576247907835 2.2088812819142083 609.6512338083218 1.0416688044481035 627.0846202777649 2.284080492138543 2.270347531601035 616.684667040018 
146.0000006855445 5.645627631094085E-90 49.44284964165818 1.0138701622019566 610.3498376455782 0.0 0.0 276.0 274.25376094383705 2.211404933565806 610.3477616641627 1.0289255531166503 619.4131829762271 2.258540341778844 2.270347531601035 616.684667040018 
147.0001731507322 5.645627631094085E-90 49.45521189928254 1.013712847493573 610.2551341911313 0.0 0.0 276.0 276.32236810750084 2.2110622879130375 610.2531914639987 1.042407944160524 627.529582384637 2.271005372031634 2.2495866801098585 617.1973470733758 
148.0003675412421 5.25296398637655E-90 49.52532310000184 1.0140560556071143 610.4617454754828 0.0 0.0 276.0 278.38178338037653 2.2118109918578477 610.4598337527661 1.054614609130624 634.8779946966322 2.280601794367934 2.2495866801098585 617.1973470733758 
149.00004848233436 5.25296398637655E-90 49.70642083157595 1.0145260713173083 610.7446949330193 0.0 0.0 276.0 270.7810837800455 2.2128365506577925 610.7428879815506 1.0058237232763463 605.5058814123604 2.2361454240437664 2.2495866801098585 617.1973470733758 
150.0003675412421 7.298388696082809E-90 49.70283105304064 1.0138073450536031 610.312021722269 0.0 0.0 276.0 268.25074146640344 2.211269089988923 610.3102688369428 0.9845332729459411 592.689030313455 2.209459057125049 2.2495866801098585 617.1973470733758 
151.0003675412421 6.913460192563646E-90 49.71608690868422 1.0141852916774103 610.539545589801 0.0 0.0 276.0 273.8478272151636 2.2120850892603183 610.535484635848 1.0138276581814112 610.32425022521 2.2286985309752896 2.2495866801098585 617.1973470733758 
152.00014180977234 7.431238144290067E-90 49.71194407406068 1.0132471102219516 609.974760353615 0.0 0.0 276.0 268.4509728886382 2.2100389344510365 609.9707459084862 0.9845091274266331 592.6744947108357 2.2077569260912884 2.2495866801098585 617.1973470733758 
153.0003675412421 7.431238144290067E-90 49.71194407406068 1.0133996017002906 610.066560223575 0.0 0.0 276.0 271.9694154438916 2.210371591939714 610.062559375361 1.0154248594359017 611.2857653804125 2.2476268678325826 2.2495866801098585 617.1973470733758 
154.0003675412421 6.913460192563646E-90 49.87515611990902 1.0142832288179164 610.5985037483856 0.0 0.0 276.0 272.806914280182 2.2122990596558285 610.5945404650087 1.0164269097915635 611.8889996945207 2.2429380183014342 2.2495866801098585 617.1973470733758 
155.00000287127025 1.0321982242710365E-89 49.90009993339194 1.012498859779942 609.524313587525 0.0 0.0 276.0 269.4167216832604 2.2084079501374245 609.5205942379293 0.9955652034176432 599.3302524574206 2.224547343286371 2.2495866801098585 617.1973470733758 
156.0003675412421 1.342263533522607E-89 49.90314947712137 1.0118819782770634 609.1529509227918 0.0 0.0 276.0 269.8467516678792 2.207063131366077 609.1494242570373 0.9957538151063027 599.4437966939954 2.2214230595288997 2.209459057125049 592.689030313455 
157.00007747938733 1.2946864006763159E-89 49.90314947712137 1.0129749265314665 609.8109057719427 0.0 0.0 276.0 268.2831910779762 2.2094473974823354 609.8074817051247 0.9746825931611425 586.7589210830002 2.187087900383813 2.2286985309752896 610.32425022521 
158.00001624398067 1.1827613567743365E-89 49.88236082943824 1.0154347154903838 611.2916987252115 0.0 0.0 276.0 271.8390819247922 2.214812717310755 611.2883099777683 0.9959888541666492 599.5852902083186 2.205662577885698 2.2077569260912884 592.6744947108357 
159.0003675412421 9.684653178316094E-90 49.88236082943824 1.0137168578629105 610.2575484334717 0.0 0.0 276.0 269.2819918955561 2.2110659842227927 610.2542116454903 0.9873840455490613 594.4051954205346 2.2073707611724775 2.2476268678325826 611.2857653804125 
160.00025948631975 1.179205287545265E-89 49.9178453456646 1.0161188730245743 611.703561560794 0.0 0.0 276.0 271.89528196402324 2.2163052563018746 611.7002507393175 1.000152302212608 602.0916859319905 2.2144249123515807 2.2429380183014342 611.8889996945207 
161.0003675412421 1.179205287545265E-89 49.89122959298487 1.0120973051983257 609.2825777293922 0.0 0.0 276.0 275.18177557709123 2.2075339903904023 609.2793813477512 1.0116686565216937 609.0245312260591 2.213171747834162 2.224547343286371 599.3302524574206 
162.0002872681782 1.2008966717111253E-89 49.905644696938964 1.009732532890514 607.858984800089 0.0 0.0 276.0 269.9663095684526 2.2023759990393166 607.8557757348512 0.9808217037399356 590.4546656514409 2.187142042261853 2.224547343286371 599.3302524574206 
163.0003675412421 1.096165854478668E-89 49.93226813975421 1.012819821918232 609.7175327947754 0.0 0.0 277.0 271.6142206300599 2.2011350846580626 609.7144184502833 1.0034757912223775 604.092426315867 2.224082468563545 2.2214230595288997 599.4437966939954 
164.0003675412421 1.0376257502427816E-89 49.93226813975421 1.01171191667134 609.0505738361463 0.0 0.0 277.0 269.0362228913747 2.1987281971742987 609.0477106172806 0.9872147112896426 594.3032561963677 2.2090083253819763 2.2214230595288997 599.4437966939954 
165.0003675412421 9.821137301729752E-90 49.946417620133836 1.0104749487307634 608.3059191359195 0.0 0.0 277.0 267.21496242295365 2.1960402641893597 608.3031531804526 0.9819303980153663 591.1220996052541 2.212159432410874 2.2073707611724775 594.4051954205346 
166.0003675412421 9.821137301729752E-90 49.95307758645322 1.0096205157713445 607.7915504943496 0.0 0.0 277.0 271.88827115424726 2.194189001006654 607.7903532788431 1.0125830828003217 609.5750158457986 2.2420055608061715 2.2144249123515807 602.0916859319905 
167.00010644903978 9.821137301729752E-90 49.886240719471026 1.0108267650049776 608.5177125329967 0.0 0.0 277.0 271.3417331326014 2.1968106503807587 608.5165501554704 1.0116999782635083 609.0433869146311 2.24456216109226 2.213171747834162 609.0245312260591 
168.00033109252146 8.79576419259003E-90 49.886240719471026 1.010335820281615 608.2221638095323 0.0 0.0 278.0 264.48867048390133 2.1878453912447458 608.2210187660395 0.9897468701817155 595.8276158493927 2.2527528863874684 2.187142042261853 590.4546656514409 
169.0003675412421 8.79576419259003E-90 49.886240719471026 1.0105362640689353 608.3428309694989 0.0 0.0 278.0 267.5149094709032 2.188279545415142 608.3417136254095 1.0080177372263341 606.8266778102513 2.268384513634946 2.187142042261853 590.4546656514409 
170.0002405693104 9.39216488995052E-90 49.78435525685191 1.0108414365898895 608.5265448271136 0.0 0.0 279.0 265.13039144431826 2.181094907656165 608.5254792360704 0.9946439819920687 598.7756771592248 2.2584196172205986 2.187142042261853 590.4546656514409 
171.0000119618107 9.925023086657286E-90 49.799016141969545 1.0067695720332812 606.0752823640349 0.0 0.0 279.0 269.2246802683128 2.1723092790156167 606.074288845357 1.00213718386846 603.286584688815 2.2408294220558522 2.212159432410874 591.1220996052541 
172.00006741581745 9.294785994404473E-90 49.73708257744185 1.0068102953849543 606.0997978217424 0.0 0.0 279.0 274.31980999916516 2.172397189675023 606.0988159193314 1.0021892617061379 603.3179355470908 2.1993232481056575 2.2420055608061715 609.5750158457986 
173.00030154818293 1.233515847061257E-89 49.76693378142894 1.0036009307188936 604.1677602927734 0.0 0.0 279.0 275.5178439262847 2.1654724189506984 604.1668048872447 1.0042710903411074 604.5711963853474 2.1943086798657645 2.24456216109226 609.0433869146311 
174.0003675412421 1.8274748870640257E-89 49.7658278618529 1.004475549679425 604.6942809070138 0.0 0.0 278.0 271.3280966187858 2.175155893822629 604.6933384826906 0.9848370070636522 592.8718782523226 2.1850736641008606 2.268384513634946 606.8266778102513 
175.0003675412421 2.00763496117804E-89 49.7658278618529 1.0011432323277956 602.6882258613327 0.0 0.0 278.0 273.42130291550103 2.1679400274521052 602.687327631685 0.9969760004994106 600.1795523006518 2.1950723879263103 2.268384513634946 606.8266778102513 
176.0003675412421 2.00763496117804E-89 49.72934629963117 1.0011293343431222 602.679859274559 0.0 0.0 280.0 274.6552662285494 2.1524263536359274 602.6793790180593 0.9955823532821553 599.3405766758577 2.1821557798827254 2.268384513634946 606.8266778102513 
177.0000336351295 2.00763496117804E-89 49.59360501733232 1.0046463479750267 604.7971014809658 0.0 0.0 280.0 276.259771116793 2.1599880412872765 604.7966515604372 1.0046981198103664 604.8282681258386 2.1893461566292918 2.268384513634946 606.8266778102513 
178.00025328807445 2.7845778498332127E-89 49.61372205836583 1.0035389454518584 604.1304451620184 0.0 0.0 280.0 275.6943038283503 2.157607191555684 604.1300136355912 1.0020740720293853 603.2485913616929 2.1881068378448645 2.268384513634946 606.8266778102513 
179.00014254834377 3.388022039408632E-89 49.5327524555193 1.003517424406101 604.1174894924728 0.0 0.0 279.0 270.7302077082206 2.165293292772707 604.1168286835855 0.9786008697745033 589.1177236042557 2.176032473772477 2.268384513634946 606.8266778102513 
180.00006327887397 3.388022039408632E-89 49.52092104458112 1.0038761426852338 604.3334378965109 0.0 0.0 279.0 273.41105737843793 2.166067382118832 604.3327996111544 0.9906665791562388 596.3812806520598 2.1812624784468295 2.268384513634946 606.8266778102513 
181.0003675412421 3.1736237053435364E-89 49.40962422810233 1.0051021207104873 605.0714766677135 0.0 0.0 278.0 275.264273283926 2.1765134147656573 605.0707293048528 0.9949483491745802 598.9589062031002 2.175941320162875 2.268384513634946 606.8266778102513 
182.0003675412421 3.1736237053435364E-89 49.41868348959541 1.0045093585297076 604.7146338348841 0.0 0.0 279.0 273.149550580998 2.1674333130966454 604.7138943539641 0.9948901687245273 598.9238815721609 2.1926592238509284 2.268384513634946 606.8266778102513 
183.0003675412421 2.8401988284804454E-89 49.34378862929694 1.0034131316093464 604.0547052288272 0.0 0.0 279.0 273.47389870613915 2.1650686296539017 604.054147673439 0.9940640156467554 598.4265374193496 2.188240048687015 2.1881068378448645 603.2485913616929 
184.0003675412421 3.0320722053444266E-89 49.3679181570824 1.0019572686389118 603.1782757206246 0.0 0.0 282.0 275.54375665939983 2.1389281571503322 603.1777403163936 0.9951764221612152 599.096206141046 2.1742325553091373 2.176032473772477 589.1177236042557 
185.00008588107818 2.8401988284804454E-89 49.24328461993706 1.0010917551858518 602.6572366218828 0.0 0.0 280.0 274.05926417570834 2.1523454730412994 602.6567324515639 0.9938106716362178 598.2740243249997 2.1830096717381053 2.176032473772477 589.1177236042557 
186.0003675412421 3.588802222793643E-89 49.24328461993706 1.0014219104194753 602.8559900725238 0.0 0.0 280.0 274.75602550805485 2.1530553168792657 602.8554887261944 0.98826251966423 594.9340368378614 2.1653175239296805 2.176032473772477 589.1177236042557 
187.000209314487 3.331338115500699E-89 49.17903672491957 1.002265646247678 603.3639190411023 0.0 0.0 280.0 275.2908593139188 2.1548694220780718 603.3634381818603 0.9846977450562608 592.7880425238696 2.153315384321945 2.1926592238509284 598.9238815721609 
188.0003505523952 3.0345662677866866E-89 49.13397659697916 1.0049150763585974 604.9588759678757 0.0 0.0 282.0 275.69009546921166 2.145242620220474 604.9584189021735 0.9970750779075582 600.2391969003451 2.177224378985273 2.1926592238509284 598.9238815721609 
189.0000256128629 4.206120499876066E-89 49.164558362347464 1.001115284837751 602.671401472326 0.0 0.0 282.0 275.92279892528205 2.1371310434247124 602.6709542457687 0.9900538499028237 596.0124176414984 2.160069483069046 2.1926592238509284 598.9238815721609 
190.0003675412421 4.206120499876066E-89 49.1178742103894 1.003321353267272 603.9994546668983 0.0 0.0 282.0 276.82495652970925 2.1418405564777956 603.9990369267388 1.0016241864191922 602.9777602243548 2.1781914744368156 2.1926592238509284 598.9238815721609 
191.0001395173576 4.206120499876066E-89 49.1178742103894 1.0059022529669548 605.5531562861071 0.0 0.0 281.0 273.7371219737209 2.154991979757628 605.5527463118939 0.9871660570464023 594.273966341933 2.1709659327790556 2.1926592238509284 598.9238815721609 
192.00013542447024 4.206120499876066E-89 49.1178742103894 1.0065974842249956 605.9716855034482 0.0 0.0 283.0 272.954889112758 2.1412413168238706 605.9712926611558 0.9859423165095589 593.5372745387552 2.174488526173877 2.1926592238509284 598.9238815721609 
193.0003675412421 4.206120499876066E-89 49.1178742103894 1.0068676487491826 606.1343245470079 0.0 0.0 282.0 278.7413835007321 2.149411124735697 606.1339371754664 1.008136947867944 606.8984426164957 2.177281446315637 2.1926592238509284 598.9238815721609 
194.0003675412421 4.206120499876066E-89 49.029269174423604 1.0027491601932381 603.6549944363294 0.0 0.0 281.0 278.84001278663004 2.1482370874187904 603.6546215646798 1.0130408568695284 609.8505958354558 2.1870985793639197 2.1926592238509284 598.9238815721609 
195.0003675412421 4.0517169375601344E-89 48.94870952126053 1.0047977082896218 604.8882203903524 0.0 0.0 282.0 277.32697477146576 2.144992374938125 604.8878497325512 0.9999258333989149 601.9553517061454 2.1705618510503464 2.1926592238509284 598.9238815721609 
196.00034850581596 3.7592046022655616E-89 48.927231190225754 1.0046533344471622 604.8013073371917 0.0 0.0 282.0 275.517715243749 2.1446841956946274 604.8009431858848 0.9797664396465215 589.8193966672062 2.14076759509056 2.1926592238509284 598.9238815721609 
197.0002454530898 3.358431534425788E-89 48.927231190225754 1.0050300471763292 605.0280884001501 0.0 0.0 281.0 279.8513537473974 2.153123600365287 605.0277317026455 1.0057091381420784 605.4369011615225 2.1634231639558505 2.1926592238509284 598.9238815721609 
198.00016401254766 3.358431534425788E-89 48.927231190225754 1.006799603007936 606.0933610107779 0.0 0.0 282.0 278.7102855939213 2.149266458287559 606.0931412370921 1.0023847907068741 603.4356440055335 2.165100016741881 2.1926592238509284 598.9238815721609 
199.0003675412421 4.235148973214075E-89 48.96965317068751 1.0043945232482059 604.6455029954194 0.0 0.0 283.0 281.0135203532093 2.1365558310894515 604.6453001983143 1.0296936630053333 619.8755851292103 2.205856801302945 2.1926592238509284 598.9238815721609 
200.00008904167842 4.235148973214075E-89 48.83245863162299 1.0045838761667945 604.7594934524102 0.0 0.0 284.0 282.37222377606577 2.129434115613421 604.7592888342115 1.0164252514993926 611.8880014026397 2.166955351415496 2.177281446315637 606.8984426164957 
201.00000469661438 5.3377669588072824E-89 48.83245863162299 1.0052684813202013 605.171625754761 0.0 0.0 284.0 278.01162568702654 2.130885316159713 605.1714297893585 0.9786810628736031 589.1659998499103 2.119213534304382 2.1870985793639197 609.8505958354558 
202.00007631464933 4.379089063783771E-89 48.650490670969944 1.0059981121034263 605.6108634862627 0.0 0.0 285.0 277.93064347669775 2.1249497267047643 605.6106721108578 0.9846118229371175 592.7363174081439 2.1326770952402736 2.1705618510503464 601.9553517061454 
203.0003675412421 3.981450825844829E-89 48.58566657573289 1.0044053401273974 604.6520147566936 0.0 0.0 285.0 279.13181911162815 2.121585350979536 604.651825029168 0.9887785208592964 595.2446695572961 2.132485903798917 2.1634231639558505 605.4369011615225 
204.0003675412421 3.55035032599137E-89 48.378809340888765 1.0043716060458951 604.6317068396288 0.0 0.0 285.0 281.68746006941797 2.1215141287679633 604.6315266988698 0.9931415945237074 597.8712399032742 2.122463100614905 2.1634231639558505 605.4369011615225 
205.0003675412421 3.164662079654105E-89 48.378809340888765 1.0017645647009497 603.0622679499718 0.0 0.0 286.0 281.0210814702357 2.1086087270650777 603.0620959406124 1.0045401636574849 604.7331785218072 2.151913925311178 2.165100016741881 603.4356440055335 
206.00000688684855 4.383032017974036E-89 48.198531846859815 1.0022046387238546 603.3271925117605 0.0 0.0 285.0 283.17336665403724 2.1169369221486725 603.327022812372 1.0096177067962622 607.7898594913523 2.146352486015785 2.205856801302945 619.8755851292103 
207.0003675412421 4.383032017974036E-89 48.02212750226871 1.002604872387116 603.5681331770435 0.0 0.0 286.0 284.88863602283874 2.1103775111647702 603.5679681931241 1.0061889509686572 605.7257484831277 2.1261843116640438 2.166955351415496 611.8880014026397 
208.0003675412421 4.467974486163428E-89 47.629956156711245 1.0041349154665633 604.4892191108711 0.0 0.0 286.0 287.0527776359431 2.1135981084981927 604.4890590304832 0.9967520772166799 600.0447504844424 2.0903638537351266 2.1326770952402736 592.7363174081439 
209.0003675412421 5.796711223614715E-89 47.49150168806723 1.0054361611996887 605.2725690422121 0.0 0.0 287.0 285.90361277377644 2.108963425304331 605.2725030623423 1.0021880494233562 603.3172057528594 2.1102118993866616 2.132485903798917 595.2446695572961 
210.00005651564473 8.563343642902427E-89 47.53558369392516 1.006539258806342 605.9366338014178 0.0 0.0 287.0 290.0237110004353 2.1112769540308194 605.9364858068452 1.0035851200236767 604.1582422542521 2.0831339622895357 2.122463100614905 597.8712399032742 
211.0003675412421 8.563343642902427E-89 47.03175469719404 1.0037480772254495 604.2563424897212 0.0 0.0 287.0 285.32642088284786 2.1054223075335425 604.2562022621272 0.9919503557090908 597.1541141368708 2.0928805411331193 2.151913925311178 604.7331785218072 
212.00020560294428 1.3493640550959277E-88 46.92083849291014 1.0015632004899842 602.9410466949706 0.0 0.0 287.0 288.1344454571216 2.100839448865298 602.940921824341 1.009954178410978 607.9924154034102 2.1100997294469184 2.146352486015785 607.7898594913523 
213.00000344796283 1.3493640550959277E-88 46.98970621334285 1.0015504038689265 602.9333431290937 0.0 0.0 287.0 289.4389774897618 2.1008126329370316 602.9332256529278 1.0078535078134434 606.7278117036922 2.096220132359864 2.1261843116640438 605.7257484831277 
214.0003675412421 1.2023765755409203E-88 47.182235247631 1.0030317944874867 603.8251402814665 0.0 0.0 287.0 284.3762472642535 2.103919960445086 603.8250286477393 0.9839421004489284 592.3331444702524 2.0829206031396614 2.1261843116640438 605.7257484831277 
215.00029881889043 1.1131445819688334E-88 47.076456094055445 1.0016750617579941 603.0083871783121 0.0 0.0 286.0 288.2078358044165 2.1084205434689114 603.0082754321083 1.007382073846465 606.4440084555727 2.1041898696575254 2.1326770952402736 592.7363174081439 
216.0003675412421 1.1131445819688334E-88 47.10706573756344 0.9983044834580984 600.9792990417753 0.0 0.0 285.0 286.71126318076796 2.1086989111542374 600.9791896789576 1.0077302197053373 606.6535922626155 2.1159042917687114 2.1326770952402736 592.7363174081439 
217.0002842872771 1.2762877047370433E-88 47.10706573756344 1.0016970796662157 603.0216419590614 0.0 0.0 285.0 282.17864725346965 2.115865034761822 603.0215349071192 0.9909464551481284 596.5497659991773 2.11408542710647 2.0831339622895357 604.1582422542521 
218.0000564402762 1.1960939297718434E-88 47.10706573756344 1.0032107931568721 603.9328974804374 0.0 0.0 286.0 282.3702673133041 2.111653136301233 603.9327969821527 1.0131829093642675 609.936111437294 2.160057846177335 2.0928805411331193 597.1541141368708 
219.00030419684757 1.2432210509839333E-88 47.12486510202065 1.000821228449589 602.4943795266527 0.0 0.0 286.0 282.88928013163104 2.1066233700594417 602.4942838370002 1.01777489769794 612.7004884141526 2.16586675935213 2.1100997294469184 607.9924154034102 
220.0000170976296 1.0857333241199905E-88 47.33477506791247 1.0019583140803237 603.1789050763547 0.0 0.0 286.0 279.83697747248283 2.109016825684799 603.178812145852 0.9867255920990982 594.0088064436592 2.122695906055052 2.096220132359864 606.7278117036922 
221.00003845431314 1.6336862535017936E-88 47.316896419111885 1.0044027296225968 604.6504432328035 0.0 0.0 286.0 281.92571236998083 2.114162062295781 604.6503498165932 0.9912406224723854 596.7268547283746 2.1166102577592123 2.0829206031396614 592.3331444702524 
222.00016875103336 1.5311208943158394E-88 47.26513903269513 1.0043763603892004 604.6345689542991 0.0 0.0 285.0 279.8487596963507 2.12152450586832 604.6344841724715 1.0103355535879046 608.2220032599217 2.1733953865647706 2.1102118993866616 603.3172057528594 
223.0001860457142 1.5311208943158394E-88 47.26513903269513 1.003407445512946 604.0512821987941 0.0 0.0 285.0 281.66898212143934 2.1194778951969178 604.0512001311221 1.015434274515858 611.2914332585531 2.1702476028936677 2.1102118993866616 603.3172057528594 
224.0003675412421 1.4167989663196117E-88 47.31847367528882 1.007063881495766 606.2524566604513 0.0 0.0 285.0 279.448571039438 2.1272013221727515 606.2523768192343 0.9933392327979399 597.9902181443597 2.1398936338091583 2.16586675935213 612.7004884141526 
225.0003675412421 2.379285131991489E-88 47.33346023136452 1.0064139944152666 605.8612246379905 0.0 0.0 284.0 280.0610054387871 2.1333139004255095 605.8611477208445 0.9923877861474788 597.4174472607838 2.133168972684279 2.16586675935213 612.7004884141526 
226.0003675412421 3.4169749204338416E-88 47.346084170554306 1.0043078320886982 604.5933149173964 0.0 0.0 284.0 283.3910037961355 2.128849433894026 604.5932392259032 1.0054974730006345 605.3094787463821 2.135951637977283 2.16586675935213 612.7004884141526 
227.000141854147 3.286131999173848E-88 47.346084170554306 1.0042193808139104 604.5400672499745 0.0 0.0 285.0 278.70154118028324 2.1211929700484005 604.5399964637943 0.9763855227668886 587.7840847056729 2.1090090934425576 2.16586675935213 612.7004884141526 
228.0003675412421 3.286131999173848E-88 47.44930577660271 1.0048476639340553 604.9182936883017 0.0 0.0 285.0 286.0080437018645 2.122520080498015 604.9182229419346 1.0084999578490805 607.1169746251459 2.122726923225999 2.16586675935213 612.7004884141526 
229.00008160758213 3.160158865370746E-88 47.44930577660271 1.0027922911130394 603.6809592500496 0.0 0.0 284.0 284.76652955544597 2.125636941518952 603.6808913913824 1.0000692573748262 602.041692939644 2.1141589002032712 2.16586675935213 612.7004884141526 
230.0003675412421 3.160158865370746E-88 47.44930577660271 1.0022176825897833 603.3350449190503 0.0 0.0 285.0 277.4881988470583 2.116964843091724 603.3349802811416 0.9819043809289217 591.1064373192127 2.1302038781296413 2.16586675935213 612.7004884141526 
231.00001769853515 3.286131999173848E-88 47.45246916909125 1.0006403059550872 602.3854641849624 0.0 0.0 284.0 278.50390632538677 2.121075364801903 602.3854036037402 0.9889045751238668 595.3205542245692 2.1375662628194285 2.16586675935213 612.7004884141526 
232.00015177992594 4.5046044187412344E-88 47.41557604227181 0.995212873596331 599.1181499049915 0.0 0.0 282.0 279.3722919417426 2.1245321021584997 599.118052808697 0.9955062398257687 599.2947563751138 2.1451474382437485 2.16586675935213 612.7004884141526 
233.0002903555864 4.593791111267335E-88 47.394243833166485 0.9942874412120578 598.561039609659 0.0 0.0 282.0 278.4232953088133 2.1225565413163725 598.5609446512173 0.9936833636797422 598.1973849352005 2.148517724681441 2.16586675935213 612.7004884141526 
234.00030421213893 8.374154168034817E-88 47.49545947832415 0.9974525145474592 600.4664137575708 0.0 0.0 283.0 272.43014843213535 2.121789268456969 600.466362973322 0.9462472433714288 569.6408405096008 2.0909610914502115 2.16586675935213 612.7004884141526 
235.0000039069712 7.851115576497389E-88 47.459587573330424 0.9983942618425704 601.0333456292275 0.0 0.0 284.0 278.2903613709492 2.1163144215086964 601.03329570847 0.9875804307036272 594.5234192835836 2.1363421153171354 2.135951637977283 605.3094787463821 
236.00020058252397 7.117612172384561E-88 47.34818848773782 0.9953636860454373 599.2089389993532 0.0 0.0 284.0 273.0881378474594 2.1098904610172644 599.2088909289031 0.9654681002699456 581.2117963625105 2.1282938209757094 2.135951637977283 605.3094787463821 
237.00003018998376 8.904638316013814E-88 47.25043660994492 0.9954055693140874 599.2341527270803 0.0 0.0 284.0 275.14628362372656 2.1099792472124985 599.234106208349 0.970226900022611 584.0765938136108 2.122785691019395 2.1375662628194285 595.3205542245692 
238.00030335450813 8.348837437543505E-88 47.26802754608236 0.9952579278258935 599.145272551187 0.0 0.0 285.0 278.8125482154674 2.1022639514207326 599.1452261549084 0.9802486439502506 590.1096836580507 2.116510492210744 2.1451474382437485 599.2947563751138 
239.00014671708627 8.348837437543505E-88 47.11282361958949 0.9959664923509332 599.5718283952613 0.0 0.0 283.0 276.292138967142 2.1186282085918715 599.5717830314995 0.966516230886968 581.8427709939531 2.1058969436084776 2.148517724681441 598.1973849352005 
240.00017079090438 7.715516347417401E-88 47.541129835626954 0.9964942793463107 599.8895561664788 0.0 0.0 287.0 279.8461228851553 2.0902073620040564 599.8895128951639 0.9842037921803002 592.4906828925367 2.1172016849262767 2.0909610914502115 569.6408405096008 
241.0003675412421 8.02611080792396E-88 47.450360217267864 0.9928875988217986 597.7183344907222 0.0 0.0 287.0 278.0618702680044 2.0826421341836934 597.71829251072 0.9868320686966571 594.0729053553931 2.1364774134001467 2.1363421153171354 594.5234192835836 
242.0003675412421 8.02611080792396E-88 47.47382758538243 0.9911974013951309 596.7008356398688 0.0 0.0 287.0 279.58548076065495 2.079096845930304 596.700794781997 0.9817161728901405 590.9931360798711 2.1138191241976663 2.1282938209757094 581.2117963625105 
243.00026563770805 1.1076646430149644E-87 47.26382613029783 0.9939002595651418 598.3279562582147 0.0 0.0 285.0 278.80114712649197 2.0993961984656373 598.3279165627064 0.9852204347336788 593.1027017096749 2.127332357928156 2.122785691019395 584.0765938136108 
244.00017829816764 1.1076646430149644E-87 47.26382613029783 0.9937403787382364 598.2317080004183 0.0 0.0 285.0 280.59625233169766 2.099058485662376 598.2316684137768 0.986839363886447 594.0772970596464 2.117196121199001 2.122785691019395 584.0765938136108 
245.00000981627664 1.3845358883541177E-87 47.21684824333599 0.9918074091419293 597.0680603034414 0.0 0.0 286.0 282.99805988433985 2.0876504263055504 597.0680219233875 1.0002519150986624 602.151652889391 2.1277589434199227 2.122785691019395 584.0765938136108 
246.0003675412421 1.253998451236525E-87 47.21684824333599 0.9921466573263698 597.2722877104754 0.0 0.0 286.0 283.87172983964064 2.0883645193780334 597.2722525421179 0.9947867809287135 598.8616421190809 2.1096205756641506 2.122785691019395 584.0765938136108 
247.00001152066434 1.3047111189697685E-87 47.401880187453784 0.9922268943924178 597.320590424235 0.0 0.0 285.0 282.1313210791105 2.095861597862832 597.3205553909067 0.9943343089065012 598.5892539617167 2.1216689152845616 2.122785691019395 584.0765938136108 
248.00027002065625 1.6875377945874373E-87 47.21684824333599 0.9940255971682798 598.4034094953037 0.0 0.0 285.0 278.3373351535066 2.0996609683122593 598.4033759689929 0.9652499860416198 581.0804915970532 2.0876843247657733 2.122785691019395 584.0765938136108 
249.00012163627395 2.1823049864531277E-87 47.05972077381511 0.9931158737581823 597.8557560024259 0.0 0.0 283.0 281.96463964181163 2.112564392700528 597.8557231342493 0.9860082469767234 593.57696467999 2.105146820658183 2.122785691019395 584.0765938136108 
250.00001292240503 2.0464785598322402E-87 47.333460231301 0.9938404603070868 598.2919571048661 0.0 0.0 284.0 280.3318205663913 2.1066617157135714 598.2919272626544 0.9898682901431104 595.9007106661592 2.125697715878927 2.122785691019395 584.0765938136108 
251.0002781028332 2.4443151582481757E-87 47.361079471195936 0.995441615585867 599.2558525826923 0.0 0.0 284.0 278.51629562118086 2.1100557176984043 599.2558238263472 0.9928949717776333 597.7227730101354 2.14609623353284 2.122785691019395 584.0765938136108 
252.0002677550359 0.0 0.0 0.0 0.0 0.0 0.0 283.0 273.43775556450663 0.0 0.0 0.7291055041779438 438.92151351512047 1.60519717772323 2.122785691019395 584.0765938136108 
253.00027855996757 0.0 0.0 0.0 0.0 0.0 0.0 283.0 278.95600056020834 0.0 0.0 0.29736286703589704 179.01244595561093 0.6417228724103888 2.1138191241976663 590.9931360798711 
254.0003675412421 0.0 0.0 0.0 0.0 0.0 0.0 283.0 280.3678488529078 0.0 0.0 0.0600858435010869 36.171677787654474 0.12901507050700234 2.1096205756641506 598.8616421190809 
255.0001803904818 0.0 0.0 0.0 0.0 0.0 0.0 283.0 280.8570273759348 0.0 0.0 0.0077956643676998175 4.692989949355292 0.01670953364849795 2.1138191241976663 590.9931360798711 
256.000333334192 0.0 0.0 0.0 0.0 0.0 0.0 283.0 280.48142789605424 0.0 0.0 9.947887389627273E-4 0.5988628208555578 0.0021351246866779887 2.1138191241976663 590.9931360798711 
257.00026318550493 0.0 0.0 0.0 0.0 0.0 0.0 283.0 279.31798807088063 0.0 0.0 2.482511982072898E-4 0.14944722132078817 5.350433115781429E-4 0.6417228724103888 179.01244595561093 
258.0000969510867 0.0 0.0 0.0 0.0 0.0 0.0 283.0 280.1538169051894 0.0 0.0 1.917969580195718E-4 0.11546176872778295 4.1213705386301385E-4 0.12901507050700234 36.171677787654474 
259.0000082991074 0.0 0.0 0.0 0.0 0.0 0.0 283.0 282.3229623207085 0.0 0.0 1.6054185765574408E-4 0.09664619830875902 3.4232496540246877E-4 0.01670953364849795 4.692989949355292 
260.0001131186837 0.0 0.0 0.0 0.0 0.0 0.0 283.0 277.97156036245485 0.0 0.0 1.1620322502452673E-4 0.0699543414647652 2.5166006685557973E-4 0.0021351246866779887 0.5988628208555578 
261.0001636221706 0.0 0.0 0.0 0.0 0.0 0.0 283.0 279.531012636502 0.0 0.0 2.80449436912354E-5 0.016883056102123734 6.039779251284082E-5 5.350433115781429E-4 0.14944722132078817 
262.0003675412421 0.0 0.0 0.0 0.0 0.0 0.0 284.0 276.657576364882 0.0 0.0 3.317756937954971E-6 0.0019972896766488717 7.219356516066122E-6 4.1213705386301385E-4 0.11546176872778295 
263.0003219875762 0.0 0.0 0.0 0.0 0.0 0.0 284.0 277.32942356688596 0.0 0.0 5.649383707383067E-7 3.400928991844608E-4 1.2263137997055606E-6 4.1213705386301385E-4 0.11546176872778295 
264.00015541180016 0.0 0.0 0.0 0.0 0.0 0.0 285.0 275.71918228070155 0.0 0.0 3.026772667961587E-7 1.8221171461128724E-4 6.608597671879894E-7 3.4232496540246877E-4 0.09664619830875902 
265.00021080012493 0.0 0.0 0.0 0.0 0.0 0.0 283.0 275.4597035838618 0.0 0.0 2.794373317625547E-7 1.6822127372105827E-4 6.106928582744388E-7 2.5166006685557973E-4 0.0699543414647652 
266.0003675412421 0.0 0.0 0.0 0.0 0.0 0.0 284.0 273.84600131581277 0.0 0.0 2.1639274955203298E-7 1.3026843523032452E-4 4.7569960709447245E-7 6.039779251284082E-5 0.016883056102123734 
267.0003675412421 0.0 0.0 0.0 0.0 0.0 0.0 286.0 280.4654366230363 0.0 0.0 2.1111257280157433E-7 1.2708976882654747E-4 4.531387908498841E-7 7.219356516066122E-6 0.0019972896766488717 
268.0003675412421 0.0 0.0 0.0 0.0 0.0 0.0 286.0 270.04809535039885 0.0 0.0 2.575876744191493E-8 1.5506778000032592E-5 5.742228242680953E-8 7.219356516066122E-6 0.0019972896766488717 
269.0001565766689 0.0 0.0 0.0 0.0 0.0 0.0 286.0 276.56591392961843 0.0 0.0 2.293149950743384E-8 1.3804762703475211E-5 4.991491000220765E-8 6.608597671879894E-7 1.8221171461128724E-4 
270.0003675412421 0.0 0.0 0.0 0.0 0.0 0.0 286.0 278.86838433070477 0.0 0.0 1.5388834114488844E-8 9.264078136922332E-6 3.322025248274912E-8 6.106928582744388E-7 1.6822127372105827E-4 
271.00030357685 0.0 0.0 0.0 0.0 0.0 0.0 286.0 279.0350088874945 0.0 0.0 1.164179416031763E-10 7.008360084511244E-8 2.511641859010236E-10 4.7569960709447245E-7 1.3026843523032452E-4 
272.0003675412421 0.0 0.0 0.0 0.0 0.0 0.0 286.0 282.5528317528377 0.0 0.0 3.105524893914731E-14 1.8695259861366657E-11 6.61655370621813E-14 5.742228242680953E-8 1.5506778000032592E-5 
273.0002001643595 0.0 0.0 0.0 0.0 0.0 0.0 285.0 283.3441233582176 0.0 0.0 -1.2457876314822268E-14 -7.499641541523082E-12 -2.6468315109686133E-14 4.991491000220765E-8 1.3804762703475211E-5 
274.00011418859276 0.0 0.0 0.0 0.0 0.0 0.0 285.0 283.87884752492477 0.0 0.0 -1.3038235052659758E-14 -7.849017501701219E-12 -2.764918052237784E-14 3.322025248274912E-8 9.264078136922332E-6 
275.0003675412421 0.0 0.0 0.0 0.0 0.0 0.0 284.0 281.8552484215631 0.0 0.0 -1.2938814322939132E-14 -7.789166222409431E-12 -2.7635342134056667E-14 2.511641859010236E-10 7.008360084511244E-8 
276.00029286218785 0.0 0.0 0.0 0.0 0.0 0.0 284.0 276.36303352846255 0.0 0.0 -5.126724741918383E-17 -3.086288294634836E-14 -1.1167514899625603E-16 2.511641859010236E-10 7.008360084511244E-8 
277.0000325109243 0.0 0.0 0.0 0.0 0.0 0.0 284.0 275.72409792441766 0.0 0.0 -1.282923775421219E-18 -7.723201128035685E-16 -2.801061345806921E-18 6.61655370621813E-14 1.8695259861366657E-11 
278.0000851520845 0.0 0.0 0.0 0.0 0.0 0.0 282.0 277.3388258806041 0.0 0.0 -1.273964038616347E-18 -7.669263512470332E-16 -2.7653046731264352E-18 -2.6468315109686133E-14 -7.499641541523082E-12 
279.0003675412421 0.0 0.0 0.0 0.0 0.0 0.0 282.0 280.5294665570506 0.0 0.0 -1.3214223464878284E-18 -7.954962525856692E-16 -2.8356958801826653E-18 -2.764918052237784E-14 -7.849017501701219E-12 
280.0002668093449 0.0 0.0 0.0 0.0 0.0 0.0 283.0 276.48813444841784 0.0 0.0 -1.2085022112728032E-19 -7.275183311862225E-17 -2.63128228861463E-19 -2.7635342134056667E-14 -7.789166222409431E-12 
281.0000824986179 0.0 0.0 0.0 0.0 0.0 0.0 281.0 276.34344189988525 0.0 0.0 -3.693996383299608E-22 -2.223785822746385E-19 -8.047181461798637E-22 -1.1167514899625603E-16 -3.086288294634836E-14 
282.00006227527507 0.0 0.0 0.0 0.0 0.0 0.0 282.0 278.44496430573355 0.0 0.0 3.730685033259019E-22 2.2458723900219296E-19 8.065767666589775E-22 -2.801061345806921E-18 -7.723201128035685E-16 
283.0000315080305 0.0 0.0 0.0 0.0 0.0 0.0 282.0 280.5771114424462 0.0 0.0 3.398117933841954E-22 2.045666996172871E-19 7.290926140254642E-22 -2.7653046731264352E-18 -7.669263512470332E-16 
284.0000969924282 0.0 0.0 0.0 0.0 0.0 0.0 281.0 274.59949574070606 0.0 0.0 1.390190781951496E-22 8.368948507347977E-20 3.04769259855104E-22 -2.8356958801826653E-18 -7.954962525856692E-16 
285.00006294741013 0.0 0.0 0.0 0.0 0.0 0.0 281.0 277.8126567377988 0.0 0.0 -1.7398923909603384E-23 -1.0474152193581165E-20 -3.7702213846458153E-23 -2.63128228861463E-19 -7.275183311862225E-17 
286.00001683048754 0.0 0.0 0.0 0.0 0.0 0.0 281.0 276.3519524341108 0.0 0.0 -3.406581822619115E-23 -2.0507622572166845E-20 -7.420835058893378E-23 -8.047181461798637E-22 -2.223785822746385E-19 
287.0000916460222 0.0 0.0 0.0 0.0 0.0 0.0 281.0 278.3877169767425 0.0 0.0 -1.3841747717417167E-23 -8.332732125885114E-21 -2.993211128844905E-23 -8.047181461798637E-22 -2.223785822746385E-19 
288.0003675412421 0.0 0.0 0.0 0.0 0.0 0.0 282.0 279.3350705297418 0.0 0.0 2.5061125744713154E-26 1.5086797698317387E-23 5.400967973590356E-26 -8.047181461798637E-22 -2.223785822746385E-19 
289.0003675412421 0.0 0.0 0.0 0.0 0.0 0.0 281.0 278.6085064738079 0.0 0.0 2.4944754219955476E-26 1.5016742040413128E-23 5.389907950217183E-26 -8.047181461798637E-22 -2.223785822746385E-19 
290.00027654837925 0.0 0.0 0.0 0.0 0.0 0.0 280.0 281.2025851235653 0.0 0.0 2.4436178977740394E-26 1.4710579744599858E-23 5.231310280499652E-26 3.04769259855104E-22 8.368948507347977E-20 
291.0002010890018 0.0 0.0 0.0 0.0 0.0 0.0 280.0 280.2103691493507 0.0 0.0 2.465090757409824E-26 1.483984635960713E-23 5.295966171650688E-26 -3.7702213846458153E-23 -1.0474152193581165E-20 
292.0000849724763 0.0 0.0 0.0 0.0 0.0 0.0 280.0 279.7671235472442 0.0 0.0 4.810155885523242E-29 2.8957138430850213E-26 1.0350443634582471E-28 -7.420835058893378E-23 -2.0507622572166845E-20 
293.0000262627057 0.0 0.0 0.0 0.0 0.0 0.0 278.0 280.7995330868448 0.0 0.0 6.030217083721817E-32 3.6301906844005E-29 1.2928050999564041E-31 -2.993211128844905E-23 -8.332732125885114E-21 
294.0000939043259 0.0 0.0 0.0 0.0 0.0 0.0 280.0 280.1744827209975 0.0 0.0 6.339226308275818E-32 3.816214237582007E-29 1.3620848695854496E-31 5.400967973590356E-26 1.5086797698317387E-23 
295.000216883324 0.0 0.0 0.0 0.0 0.0 0.0 280.0 278.98193206988844 0.0 0.0 2.0188231843992423E-33 1.2153315570083556E-30 4.3563091989193766E-33 5.231310280499652E-26 1.4710579744599858E-23 
296.000253183279 0.0 0.0 0.0 0.0 0.0 0.0 280.0 275.08320840069484 0.0 0.0 4.684641013426986E-40 2.8201538900830835E-37 1.0252003044748404E-39 5.231310280499652E-26 1.4710579744599858E-23 
297.0003675412421 0.0 0.0 0.0 0.0 0.0 0.0 279.0 274.05128233933806 0.0 0.0 4.547736455239801E-40 2.737737346054324E-37 9.989872416157425E-40 1.0350443634582471E-28 2.8957138430850213E-26 
298.0003675412421 0.0 0.0 0.0 0.0 0.0 0.0 279.0 267.634586814184 0.0 0.0 4.231800410816799E-40 2.5475438473117167E-37 9.518739254282E-40 1.0350443634582471E-28 2.8957138430850213E-26 
299.0001344456484 0.0 0.0 0.0 0.0 0.0 0.0 279.0 272.8350083278142 0.0 0.0 1.969813550785986E-41 1.1858277575731757E-38 4.3463181827032657E-41 1.2928050999564041E-31 3.6301906844005E-29 
300.0003675412421 0.0 0.0 0.0 0.0 0.0 0.0 279.0 271.91814421538294 0.0 0.0 3.5959122410420774E-46 2.164739169107326E-43 7.960995671523352E-46 1.2928050999564041E-31 3.6301906844005E-29 
#####################################################################
# End of data export. Simulation finished at: 2021-12-09T08:55+0000 #
#####################################################################
