#####################################################################
# Alchemist log file - simulation started at: 2021-12-09T08:43+0000 #
#####################################################################
# random = 2.0
#
# The columns have the following meaning: 
# time localWarningInSystem[Min] localWarningInSystem[Max] localWarningInSystem[Mean] localWarningInSystem[Sum] meanWarningAtDetector[Sum] dataAtCollector[Sum] inSurveillanceArea[Sum] numDevicesAtDetector[Sum] localWarningInSurveillanceArea[Mean] localWarningInSurveillanceArea[Sum] sumWarningAtDetector[Mean] sumWarningAtDetector[Sum] meanWarningOverallAtDetector[Sum] meanWarningAtCollector[Sum] sumWarningAtCollector[Sum] 
0.0 0.0 0.0 0.0 0.0 0.0 0.0 0.0 0.0 0.0 0.0 0.0 0.0 0.0 0.0 0.0 
1.0021051854459069 0.0 0.0 0.0 0.0 0.0 0.0 31.0 1.0 0.0 0.0 0.0 0.0 0.0 0.0 0.0 
2.0 0.0 0.0 0.0 0.0 0.0 0.0 231.0 15.901748641821925 0.0 0.0 0.0 0.0 0.0 0.0 0.0 
3.0001018256231173 0.0 0.0 0.0 0.0 0.0 0.0 284.0 70.99499331581292 0.0 0.0 0.0 0.0 0.0 0.0 0.0 
4.00042303513105 0.0 0.0 0.0 0.0 0.0 0.0 288.0 134.11726996849663 0.0 0.0 0.0 0.0 0.0 0.0 0.0 
5.0008494351745885 0.0 0.0 0.0 0.0 0.0 0.0 286.0 201.65970082614436 0.0 0.0 0.0 0.0 0.0 0.0 0.0 
6.000396515856031 0.0 0.0 0.0 0.0 0.0 0.0 286.0 251.85100811308487 0.0 0.0 0.0 0.0 0.0 0.0 0.0 
7.0007706496872455 0.0 0.0 0.0 0.0 0.0 0.0 286.0 273.4619079965522 0.0 0.0 0.0 0.0 0.0 0.0 0.0 
8.001586723483882 0.0 0.0 0.0 0.0 0.0 0.0 286.0 267.98980864448276 0.0 0.0 0.0 0.0 0.0 0.0 0.0 
9.00004573597349 0.0 0.0 0.0 0.0 0.0 0.0 286.0 281.87714719734856 0.0 0.0 0.0 0.0 0.0 0.0 0.0 
10.000056095078799 0.0 0.0 0.0 0.0 0.0 0.0 285.0 281.7045711574976 0.0 0.0 0.0 0.0 0.0 0.0 0.0 
11.000062839639625 0.0 0.0 0.0 0.0 0.0 0.0 286.0 282.6982681359742 0.0 0.0 0.0 0.0 0.0 0.0 0.0 
12.00009044213237 0.0 0.0 0.0 0.0 0.0 0.0 285.0 264.9022907113065 0.0 0.0 0.0 0.0 0.0 0.0 0.0 
13.000553967009054 0.0 0.0 0.0 0.0 0.0 0.0 284.0 283.3714670845072 0.0 0.0 0.0 0.0 0.0 0.0 0.0 
14.0000294622314 0.0 0.0 0.0 0.0 0.0 0.0 285.0 272.364443709207 0.0 0.0 0.0 0.0 0.0 0.0 0.0 
15.000065633507077 0.0 0.0 0.0 0.0 0.0 0.0 285.0 266.1431129254305 0.0 0.0 0.0 0.0 0.0 0.0 0.0 
16.00006499567881 0.0 0.0 0.0 0.0 0.0 0.0 284.0 283.70179220313935 0.0 0.0 0.0 0.0 0.0 0.0 0.0 
17.000042533227695 0.0 0.0 0.0 0.0 0.0 0.0 284.0 283.6520232103845 0.0 0.0 0.0 0.0 0.0 0.0 0.0 
18.000179628079696 0.0 0.0 0.0 0.0 0.0 0.0 284.0 283.9518229898156 0.0 0.0 0.0 0.0 0.0 0.0 0.0 
19.000006080212106 0.0 0.0 0.0 0.0 0.0 0.0 284.0 283.4508116756416 0.0 0.0 0.0 0.0 0.0 0.0 0.0 
20.000139306130496 0.0 0.0 0.0 0.0 0.0 0.0 285.0 270.38289203643404 0.0 0.0 0.0 0.0 0.0 0.0 0.0 
21.000315547756443 0.0 0.0 0.0 0.0 0.0 0.0 285.0 277.2709528984027 0.0 0.0 0.0 0.0 0.0 0.0 0.0 
22.000047526063312 0.0 0.0 0.0 0.0 0.0 0.0 285.0 280.76313030818517 0.0 0.0 0.0 0.0 0.0 0.0 0.0 
23.000274264917458 0.0 0.0 0.0 0.0 0.0 0.0 285.0 282.70313859224484 0.0 0.0 0.0 0.0 0.0 0.0 0.0 
24.00024445981074 0.0 0.0 0.0 0.0 0.0 0.0 285.0 284.0016643568853 0.0 0.0 0.0 0.0 0.0 0.0 0.0 
25.000022048303503 0.0 0.0 0.0 0.0 0.0 0.0 285.0 284.95625934709943 0.0 0.0 0.0 0.0 0.0 0.0 0.0 
26.00004086960413 0.0 0.0 0.0 0.0 0.0 0.0 285.0 282.8047849867722 0.0 0.0 0.0 0.0 0.0 0.0 0.0 
27.000593452440416 0.0 0.0 0.0 0.0 0.0 0.0 285.0 264.753177278763 0.0 0.0 0.0 0.0 0.0 0.0 0.0 
28.000090595707494 0.0 0.0 0.0 0.0 0.0 0.0 285.0 283.7306441931285 0.0 0.0 0.0 0.0 0.0 0.0 0.0 
29.000485961267323 0.0 0.0 0.0 0.0 0.0 0.0 286.0 280.22609071587334 0.0 0.0 0.0 0.0 0.0 0.0 0.0 
30.000420829936775 0.0 0.0 0.0 0.0 0.0 0.0 285.0 284.63216394855283 0.0 0.0 0.0 0.0 0.0 0.0 0.0 
31.000332801388392 8.803972534792586E-96 49.76029863266922 0.9845797821656185 592.7170288637021 0.0 0.0 287.0 264.1143153517204 2.0648313775444014 592.606605355243 0.03414123971799353 20.553026310231964 0.07781867591259319 0.0 0.0 
32.00009560376794 8.092848916092893E-96 49.69399577955736 0.9803036229243904 590.1427810004832 0.0 0.0 286.0 277.42339013387334 2.0628334035509095 589.9703534155602 0.23065304162855635 138.85313106039106 0.50050982000251 0.0 0.0 
33.00009557167086 8.092848916092893E-96 49.69399577955736 0.9817842000477446 591.0340884287424 0.0 0.0 286.0 268.51860419535905 2.065968312025628 590.86693723933 0.5779820605748954 347.9452004660848 1.2957955055245984 0.0 0.0 
34.00015094817018 8.26519268227246E-96 49.763616096477506 0.9814502839531476 590.833070939795 0.0 0.0 286.0 283.3742036098842 2.0653029027717538 590.6766301927219 0.8667986992909696 521.812816973168 1.8414266730204476 0.0 0.0 
35.00006088145681 1.0403727496998114E-95 49.66115338419907 0.9789124819401275 589.305314127957 0.0 0.0 286.0 272.49483026203256 2.0599802218973946 589.1543434626553 0.9077301537247433 546.4535525422951 2.0053721827192916 0.0 0.0 
36.00003965436742 1.5720477392830662E-95 49.66115338419907 0.9795655254551221 589.6984463239833 0.0 0.0 286.0 282.8149012625522 2.061366217588167 589.5507382302159 0.9666512276097643 581.9240390210766 2.0576144906906633 0.0 0.0 
37.00006633480986 1.3748973339970236E-95 49.67081065842533 0.9792649171646753 589.5174801331348 0.0 0.0 286.0 283.06926768593036 2.0607570032538365 589.3765029305976 0.9663799825249545 581.7607494800174 2.055188661898436 0.0 0.0 
38.00004477906828 1.9817475611480884E-95 49.66115338419907 0.9736647648339445 586.1461884300345 0.0 0.0 286.0 274.8567222150534 2.049003879723335 586.015109600874 0.9390393149509142 565.3016676004477 2.0567139964586505 0.0 0.0 
39.000347169431116 1.853454665320396E-95 49.71083937642335 0.974061128158223 586.3847991512506 0.0 0.0 286.0 285.6273193972824 2.049844789110955 586.2556096857331 0.9844036552531025 592.6110004623716 2.0747700244951077 0.0 0.0 
40.000500432404536 1.8143633189849903E-95 49.601595741836086 0.9766976027595352 587.9719568612404 0.0 0.0 286.0 277.2011821119891 2.055412759052071 587.8480490888924 0.9676083799563 582.500244733692 2.1013627730431623 0.0 0.0 
41.00015713802114 2.2784887527761432E-95 49.50249168744899 0.9731383332990223 585.8292766460115 0.0 0.0 286.0 263.4213348904096 2.047937745558754 585.7101952298037 0.9175815933238566 552.3841191809638 2.0969604432790936 0.0 0.0 
42.00053817948134 3.1828034467679963E-95 49.33720989607761 0.9736453793958105 586.1345183962775 0.0 0.0 286.0 278.5619611894383 2.0490106197020226 586.0170372347781 0.9488444908312466 571.2043834804142 2.0505469628423603 0.0 0.0 
43.00003642659318 5.804958089973603E-95 49.2542287881254 0.9700682158667431 583.9810659517792 0.0 0.0 285.0 280.06704116145147 2.0486521888003857 583.8658738081095 0.9640981069476005 580.3870603824531 2.072314749981148 0.0 0.0 
44.0002701187764 5.804958089973603E-95 49.042072933009464 0.9682311437617875 582.8751485445956 0.0 0.0 285.0 282.10408371669274 2.0447910232410145 582.7654416236891 0.989284106593894 595.5490321695293 2.11109681335779 0.0 0.0 
45.000178745101685 5.328727120782589E-95 48.90929449402791 0.9663782946112826 581.7597333559919 0.0 0.0 285.0 281.1788313400617 2.040889051129528 581.6533795719155 0.9732391326947125 585.8899578822148 2.0836915605984263 0.0 0.0 
46.00031561529717 6.089309043108453E-95 48.94327107790571 0.9646863666875093 580.7411927458804 0.0 0.0 285.0 282.5540120486176 2.0373249945708825 580.6376234527016 0.982429642869011 591.4226450071449 2.0931312945058513 0.0 0.0 
47.00087735677587 5.819682626773982E-95 48.71864905769151 0.9665813695242804 581.8819844536168 0.0 0.0 285.0 282.6880746923169 2.0413503486506124 581.7848493654247 0.9782358573509994 588.8979861252977 2.0832077432564695 0.0 0.0 
48.00003852608827 5.444081537404246E-95 48.75520175000417 0.966523633854161 581.8472275802051 0.0 0.0 285.0 285.3269188009354 2.041237645374308 581.7527289316777 0.9960363455222073 599.6138800043732 2.1014977574643314 2.0576144906906633 581.9240390210766 
49.00004243420798 5.215758990089443E-95 48.74138973296643 0.9654648698107947 581.2098516260984 0.0 0.0 285.0 275.4415860829465 2.0390007372967527 581.1152101295746 0.9744340605654719 586.6093044604195 2.129704932369101 2.0576144906906633 581.9240390210766 
50.00004962574252 8.318383549223447E-95 48.47485586077605 0.9654771800107191 581.2172623664534 0.0 0.0 286.0 284.42927919931225 2.03202951525602 581.1604413632222 0.995821637169129 599.4846255758122 2.1076755081734277 2.0576144906906633 581.9240390210766 
51.00061281391317 8.318383549223447E-95 48.47485586077605 0.9661858374105029 581.6438741211232 0.0 0.0 286.0 277.08659401861394 2.033426789178239 581.5600617049769 0.9869437920324113 594.1401628035158 2.1442400160420716 2.0576144906906633 581.9240390210766 
52.00057920754896 1.1606337490679713E-94 48.432862518771216 0.9657557518701154 581.3849626258102 0.0 0.0 285.0 272.7748044890001 2.03966160731055 581.3035580835073 0.9497814614072098 571.7684397671429 2.0961189609805038 2.11109681335779 595.5490321695293 
53.00017713400003 1.1360158838915017E-94 48.227459643354834 0.9667160024843127 581.9630334955565 0.0 0.0 285.0 280.2051878620832 2.0416979065914207 581.8839033785551 0.9516342939515668 572.8838449588475 2.044515482849734 2.11109681335779 595.5490321695293 
54.000112829856604 1.1606337490679713E-94 48.227459643354834 0.9692757317921016 583.5039905388455 0.0 0.0 285.0 273.2313295043682 2.0471127412707406 583.4271312621613 0.9275609422484806 558.3916872335826 2.043659079090546 2.11109681335779 595.5490321695293 
55.00020306867285 1.1606337490679713E-94 48.009590028117046 0.967118170642355 582.2051387266974 0.0 0.0 286.0 283.75835967398945 2.0354167381701216 582.1291871166549 0.9853501260355858 593.1807758734213 2.0904433495983272 2.11109681335779 595.5490321695293 
56.00014180206623 1.1606337490679713E-94 47.77943074059416 0.9681256495819981 582.8116410483625 0.0 0.0 287.0 281.80009173682 2.03044277861351 582.7370774620772 0.9597904943429643 577.7938775944626 2.0503679542236575 2.11109681335779 595.5490321695293 
57.00048880172723 1.8493166479026153E-94 47.48728040886077 0.9715509003346149 584.8736420014383 0.0 0.0 287.0 283.96068518611094 2.0376415836597754 584.8031345103557 0.9576902323080057 576.5295198494238 2.030314582004759 2.044515482849734 572.8838449588475 
58.00028082777223 2.412761028730066E-94 47.48728040886077 0.9715441112889996 584.8695549959778 0.0 0.0 287.0 264.5940319718048 2.037634881529259 584.8012109988973 0.9052085548656047 544.9355500290866 2.059515651082996 2.043659079090546 558.3916872335826 
59.0002966331009 2.2575937295843467E-94 47.44930577643882 0.9702931511060939 584.1164769658686 0.0 0.0 287.0 279.15644507143327 2.035014768346933 584.0492385155701 0.9602107509220966 578.0468720551036 2.070691478777025 2.044515482849734 572.8838449588475 
60.0003637704205 2.2575937295843467E-94 47.20320979048064 0.9722112081220367 585.2711472894655 0.0 0.0 287.0 274.9844976166844 2.039041616936869 585.2049440608812 0.9447537383612523 568.7417504934663 2.068268413029835 2.043659079090546 558.3916872335826 
61.000605507695205 1.984763026035644E-94 47.04377545920908 0.9719508924933122 585.1144372809733 0.0 0.0 286.0 284.29954222869804 2.0456240939335744 585.0484908650019 0.9666871094451303 581.9456398859661 2.0469453989406485 2.0503679542236575 577.7938775944626 
62.000128297090775 2.4845974037994097E-94 46.88019138238965 0.9732077288151462 585.8710527467176 0.0 0.0 286.0 282.5409128742689 2.048279763197476 585.8080122744778 0.9592700859161188 577.4805917215035 2.0438830817343723 2.0503679542236575 577.7938775944626 
63.00004133457385 2.3249135560438314E-94 46.3292265732755 0.9752831988140227 587.1204856860413 0.0 0.0 287.0 285.6832317842498 2.0455053203697795 587.0600269461263 0.9788826665122902 589.2873652403954 2.062729973894407 2.030314582004759 576.5295198494238 
64.00005694882425 3.61528881843792E-94 46.3292265732755 0.9765068825512853 587.8571432958736 0.0 0.0 287.0 284.78814525588024 2.0480807450108838 587.7991738181236 0.9687120896313735 583.164677958085 2.047714020659517 2.0503679542236575 577.7938775944626 
65.00019053505773 3.3831239381320333E-94 46.10737914552557 0.9756972825885882 587.3697641183304 0.0 0.0 287.0 271.1226159330606 2.0463911499051273 587.3142600227718 0.9320152859160817 561.0732021214808 2.0694444843362243 2.070691478777025 578.0468720551036 
66.00003236058514 3.3831239381320333E-94 46.07562722244592 0.9745048892204442 586.6519433107073 0.0 0.0 287.0 280.1975819253451 2.0438946362076438 586.597760591594 0.9620883578478167 579.1771914243832 2.0670313692382156 2.068268413029835 568.7417504934663 
67.000016374829 4.6281915203808934E-94 46.02420482145 0.9750363809983625 586.9719013610138 0.0 0.0 286.0 285.2299366891622 2.052164448546501 586.9190322842987 0.9682078227562898 582.8611092992904 2.043478030619488 2.0469453989406485 581.9456398859661 
68.00018149923747 5.399733090286116E-94 45.71966725352385 0.9763416488404647 587.7576726019599 0.0 0.0 284.0 284.7463732831988 2.0693837297873023 587.704979259594 0.9689319013711432 583.2970046254273 2.0484791356597913 2.0438830817343723 577.4805917215035 
69.00080973049502 8.035073859317116E-94 45.59487079586835 0.9789009704727096 589.2983842245709 0.0 0.0 284.0 286.52195206020934 2.0748071843388876 589.2452403522442 0.9831998655221571 591.8863190443404 2.065762552531969 2.062729973894407 589.2873652403954 
70.00009161498606 9.800167963362533E-94 45.51995417893362 0.9784579111838204 589.03166253266 0.0 0.0 285.0 287.2069988294358 2.066602357496774 588.9816718865807 0.9913575527652551 596.7972467646833 2.0779342049359477 2.047714020659517 583.164677958085 
71.00031383796193 9.172557916422773E-94 45.20117153535374 0.9773574780195246 588.3692017677538 0.0 0.0 286.0 258.536653686425 2.057064961036061 588.3205788563134 0.9093107803614412 547.4050897775919 2.117321014147305 2.0694444843362243 561.0732021214808 
72.0001362627451 1.3094812917481374E-93 45.413107880118666 0.9803374214454011 590.1631277101308 0.0 0.0 287.0 282.38182078205017 2.056151134352351 590.1153755591243 0.9696594434796598 583.7349849747521 2.0671833029410713 2.0670313692382156 579.1771914243832 
73.000216686002 1.099595307218363E-93 45.413107880118666 0.9826383565845441 591.5482906638957 0.0 0.0 286.0 271.1850010129013 2.068191122684925 591.5026610878887 0.9334043631363859 561.9094266081038 2.072052010654423 2.043478030619488 582.8611092992904 
74.00002494574451 1.099595307218363E-93 45.31104325326282 0.9805121064075819 590.2682880573641 0.0 0.0 287.0 280.51064414682503 2.056528052842208 590.2235511657134 0.9639822145921015 580.3172931844497 2.0687888509524783 2.0484791356597913 583.2970046254273 
75.00149349437973 1.099595307218363E-93 45.26676077477701 0.9815508003723401 590.8935818241483 0.0 0.0 287.0 280.08929988571407 2.058711518322102 590.8502057584429 0.9719373925263094 585.1063103008363 2.0889991532685452 2.065762552531969 591.8863190443404 
76.00034040609201 1.1484450260578837E-93 45.097077766258984 0.9820318106141306 591.183149989707 0.0 0.0 287.0 285.4903702640542 2.0597212520235146 591.139999330749 0.9795205305580854 589.6713593959661 2.0654684739473717 2.0779342049359477 596.7972467646833 
77.00063006182192 1.1484450260578837E-93 44.83527543312589 0.9842705305351812 592.5308593821794 0.0 0.0 287.0 285.3614565422901 2.0644221293391265 592.4891511203297 0.987621559658925 594.5481789146711 2.083491534276494 2.117321014147305 547.4050897775919 
78.00049323889209 1.8237857656316572E-93 44.19820230999383 0.9858221217928372 593.464917319288 0.0 0.0 288.0 279.802913966781 2.0604981717329176 593.4234734590804 0.9512694685451666 572.6642200641984 2.0466699647459237 2.0671833029410713 583.7349849747521 
79.00003307074437 1.9927034006465265E-93 43.719543755280704 0.9841492106761288 592.4578248270294 0.0 0.0 288.0 279.68607193372327 2.0570041597338795 592.4171980033573 0.9691312180101896 583.4169932421253 2.0859708501336334 2.072052010654423 561.9094266081038 
80.00001941643933 2.0812296067999407E-93 43.43484044633959 0.982085872950138 591.2156955159825 0.0 0.0 288.0 277.52726038231214 2.052695285092872 591.1762421067466 0.9582202102642968 576.8485665791098 2.0785293876517312 2.0687888509524783 580.3172931844497 
81.00017167885052 2.0812296067999407E-93 43.09736654999147 0.9795126481338957 589.6666141766054 0.0 0.0 288.0 283.9575692664727 2.047316474124613 589.6271445478885 0.9779970704883357 588.7542364339708 2.073388069755836 2.0889991532685452 585.1063103008363 
82.00030375205657 2.484165166291314E-93 43.09736654999147 0.9797342537169554 589.8000207376072 0.0 0.0 288.0 285.1449568399667 2.0477871250807826 589.7626920232655 0.9791211770810252 589.4309486027798 2.0671273836822195 2.0654684739473717 589.6713593959661 
83.00011714407405 2.3270157529510584E-93 43.09736654999147 0.9820429051055466 591.1898288735389 0.0 0.0 288.0 287.0774915563155 2.052613089715616 591.1525698380973 0.9944075660178046 598.6333547427166 2.085267470805121 2.083491534276494 594.5481789146711 
84.00003572444862 3.0293995505598365E-93 43.420364579193325 0.9833207716786072 591.9591045505214 0.0 0.0 288.0 274.5198521221935 2.0552889674540764 591.9232226267741 0.9389261595833824 565.233548069198 2.058989700379129 2.0466699647459237 572.6642200641984 
85.00013353384398 3.1643327421965335E-93 43.420364579193325 0.9822854457654802 591.3358383508188 0.0 0.0 288.0 270.1748076673875 2.053126260137762 591.3003629196752 0.9250985943729189 556.9093538124952 2.0612926816556003 2.0859708501336334 583.4169932421253 
86.0001091119786 5.36000244692215E-93 43.420364579193325 0.9821948414862475 591.2812945747206 0.0 0.0 288.0 287.5943119382236 2.0529419328344827 591.2472766563305 0.9884092757104501 595.0223839776927 2.068964368479951 2.0785293876517312 576.8485665791098 
87.00210518544591 4.600880807270992E-93 43.670750846163195 0.9802658857636939 590.1200632297433 0.0 0.0 287.0 286.84576033006886 2.0560550533196444 590.0878003027377 0.983277423023507 591.933008660149 2.063593368014298 2.073388069755836 588.7542364339708 
88.00080122697395 4.402880016971148E-93 43.670750846163195 0.9811637891199473 590.6606010502078 0.0 0.0 286.0 278.6452637321493 2.0651354860614775 590.6287490135821 0.9607719702530979 578.3847260923666 2.075702699358798 2.0671273836822195 589.4309486027798 
89.00167741467018 5.249228421325721E-93 43.898430203684136 0.9794905802532909 589.6533293124811 0.0 0.0 286.0 283.923297228232 2.0616613104683785 589.6351347939564 0.9937198655132301 598.2193590389629 2.1069752460576834 2.085267470805121 598.6333547427166 
90.00039826585248 6.535928588875877E-93 43.62152770545681 0.9786026782590973 589.1188123119766 0.0 0.0 286.0 287.86993082094045 2.0597999009167562 589.1027716621924 0.9828798449390768 591.6936666533269 2.0554201856579786 2.0889991532685452 585.1063103008363 
91.00067148221548 6.255972791296066E-93 43.76790486809935 0.9809066418468262 590.5057983917901 0.0 0.0 286.0 288.41608113450366 2.064650572116505 590.4900636253208 0.9926554369447125 597.5785730407205 2.07193222614393 2.068964368479951 595.0223839776927 
92.00042424223032 6.255972791296066E-93 44.10768880352455 0.9840313489867175 592.3868720900041 0.0 0.0 286.0 280.75603464145894 2.0712307694573227 592.3720000647943 0.9750087130328069 586.9552452457533 2.0906237901362577 2.068964368479951 595.0223839776927 
93.00017173253677 9.079406945567944E-93 44.43653068455566 0.9860119575588198 593.5791984504095 0.0 0.0 289.0 282.10582670306087 2.053857933582022 593.5649428052043 0.9805712043260923 590.3038650043123 2.0924908638120927 2.075702699358798 578.3847260923666 
94.0000536737107 9.079406945567944E-93 44.38052660321973 0.9886892297775303 595.1909163260735 0.0 0.0 288.0 274.67335929241824 2.066584724322991 595.1764006050215 0.9681125990843751 582.8037846487913 2.1218067385571833 2.075702699358798 578.3847260923666 
95.00020136638626 8.317892156665792E-93 44.38052660321973 0.9904969651570874 596.279173024567 0.0 0.0 287.0 270.97595306420266 2.077578740356514 596.2650984823197 0.9360987282145306 563.5314343851567 2.079636322015771 2.1069752460576834 598.2193590389629 
96.00036193303895 6.980651213530139E-93 44.38052660321973 0.9918339909371986 597.0840625441937 0.0 0.0 287.0 283.9709403607815 2.0803836155579734 597.0700976651381 0.9796089237310462 589.7245720860817 2.0767074663937235 2.0554201856579786 591.6936666533269 
97.00060845199978 6.980651213530139E-93 44.55840422765578 0.993752480250376 598.2389931107266 0.0 0.0 288.0 281.4966482041579 2.077171738249934 598.2254606159809 0.9782267546370688 588.8925062915171 2.0920053934866663 2.07193222614393 597.5785730407205 
98.00052798608868 6.980651213530139E-93 44.68706635866874 0.9936500914039756 598.1773550251933 0.0 0.0 287.0 279.6392361567655 2.0841946287584516 598.1638584536755 0.9817397076558979 591.0073040088513 2.113463447159229 2.0906237901362577 586.9552452457533 
99.0000358899614 6.980651213530139E-93 45.01897720517526 0.9923945928267646 597.4215448817121 0.0 0.0 287.0 281.2555119412944 2.0815616003719617 597.4081793067528 0.9855064117449909 593.2748598704861 2.1093803843187207 2.0924908638120927 590.3038650043123 
100.00004329808148 6.980651213530139E-93 45.17907858603621 0.9917191161920949 597.0149079476414 0.0 0.0 287.0 285.3596001815592 2.0801452437491963 597.0016849560196 0.9903867717252858 596.2128365786255 2.089338631674865 2.1218067385571833 582.8037846487913 
101.0003667318961 6.980651213530139E-93 45.4873432323197 0.9924601234526238 597.4609943184793 0.0 0.0 286.0 285.77081488533315 2.088978433542782 597.4478319932352 0.9924266141131343 597.4408216961051 2.0906292405535916 2.079636322015771 563.5314343851567 
102.0003375401411 6.980651213530139E-93 45.43708223571124 0.9948195837829261 598.8813894373216 0.0 0.0 286.0 286.1060822625831 2.093947704037813 598.869043354814 0.9956988979815803 599.4107365849122 2.0950646412150853 2.0767074663937235 589.7245720860817 
103.00047847646708 6.1194703143975895E-93 45.56372494392345 0.9951843041774306 599.1009511148134 0.0 0.0 286.0 278.61762969881346 2.094717189384156 599.0891161638687 0.9791231295438869 589.4321239854189 2.115559322726982 2.0920053934866663 588.8925062915171 
104.00024656590485 6.25541672880821E-93 45.52197733333493 0.9951987808509809 599.109666072291 0.0 0.0 286.0 285.39599575122935 2.0947474598706464 599.0977735230051 1.014306921108728 610.6127665074596 2.1395281489503146 2.113463447159229 591.0073040088513 
105.00067229646093 6.25541672880821E-93 45.52197733333493 0.9965496148549066 599.9228681426537 0.0 0.0 286.0 272.60334725565923 2.0975923425196767 599.9114099606273 0.9774202036334417 588.4069625873267 2.1584729920263714 2.1093803843187207 593.2748598704861 
106.00005178503514 1.058087117758496E-92 45.52197733333493 0.9973790217027422 600.4221710650504 0.0 0.0 286.0 284.2763235025736 2.0993386755356687 600.4108612032007 0.9947251738309693 598.8245546462467 2.106487614825318 2.089338631674865 596.2128365786255 
107.00012651054726 1.2065337279342653E-92 45.72068325766681 0.9944728854122434 598.6726770181705 0.0 0.0 287.0 279.73828420435 2.0859299339922703 598.6618910557812 0.997538407044481 600.5181210407764 2.146714107254963 2.0906292405535916 597.4408216961051 
108.00108612610802 1.7884540023418236E-92 45.67168679742836 0.9928061970240778 597.6693306084951 0.0 0.0 287.0 285.0368260694482 2.082434570638083 597.6587217731297 1.0009855847866649 602.593322041579 2.1140893629469453 2.0950646412150853 599.4107365849122 
109.00004155344185 1.6022026499109044E-92 45.91209366870092 0.9958532782826117 599.5036735261319 0.0 0.0 286.0 282.9564611186567 2.0961300457805203 599.4931930932285 0.9911064101466902 596.64605890831 2.1086143661448635 2.115559322726982 589.4321239854189 
110.00007624355014 2.534696188633359E-92 45.81730665567586 0.9962255995972915 599.7278109575693 0.0 0.0 286.0 282.2068582224363 2.096914225135555 599.7174683887685 0.9899922995964505 595.9753643570635 2.1118386991407343 2.1395281489503146 610.6127665074596 
111.0004803717095 2.3725305224320864E-92 45.81730665567586 0.9944517176169729 598.6599340054178 0.0 0.0 286.0 285.12524841062896 2.0931819358209407 598.6500336447892 0.999883027451208 601.9295825256338 2.111105859200349 2.1584729920263714 588.4069625873267 
112.00029067543448 1.8243500438031997E-92 46.140178275961524 0.99256542959196 597.5243886143599 0.0 0.0 287.0 280.130050569397 2.0819338874052655 597.515025685311 0.9743158087696313 586.5381168793203 2.093806486262767 2.106487614825318 598.8245546462467 
113.00022962470962 1.7086370492662568E-92 46.29012062934089 0.9938484424723346 598.2967623683448 0.0 0.0 286.0 284.2095247044269 2.0919148643937437 598.2876512166102 0.9826640072996967 591.5637323944229 2.081435282683222 2.146714107254963 600.5181210407764 
114.00038394465078 2.4778204890146784E-92 46.63082925200753 0.9936632354619098 598.1852677480695 0.0 0.0 288.0 274.9961865190414 2.0770004448212447 598.1761281085179 0.9620770797744685 579.1704020242337 2.106103394943372 2.1140893629469453 602.593322041579 
115.00013952991718 2.947171819817053E-92 46.78262598314319 0.994591604855066 598.74414612275 0.0 0.0 288.0 284.7653919152937 2.078941658682377 598.7351977005244 0.9866029406780029 593.9349702881653 2.0856992708750126 2.1086143661448635 596.64605890831 
116.00002525500301 2.585598777574401E-92 46.89503912733039 0.9925597453805461 597.5209667190891 0.0 0.0 289.0 286.8879780867819 2.0675170345456775 597.512422983701 0.9964693399402769 599.87454264405 2.090971349320854 2.1118386991407343 595.9753643570635 
117.00060486658471 2.6433912892726374E-92 47.07227170620775 0.9924898466131814 597.478887661135 0.0 0.0 289.0 269.2005486315112 2.0673720048092816 597.4705093898821 0.9634538526005761 579.9992192655388 2.1545246553693214 2.111105859200349 601.9295825256338 
118.0000255488538 2.6433912892726374E-92 47.07227170620775 0.9936994703724563 598.2070811642187 0.0 0.0 289.0 272.97700173984254 2.0698915202006454 598.1986493379867 0.9603376436256439 578.1232614626317 2.1178460374973462 2.093806486262767 586.5381168793203 
119.00020377966524 3.4342412223861116E-92 47.07227170620775 0.9968362152822492 600.0954015999135 0.0 0.0 289.0 266.83620951435046 2.076442166404875 600.0917860910087 0.9426487983428361 567.4745766023929 2.12667755112851 2.081435282683222 591.5637323944229 
120.0003025773408 4.083125185668895E-92 47.204258762608056 0.9996094483203158 601.7648878888302 0.0 0.0 288.0 269.21645727474584 2.0894340656462815 601.7570109061293 0.9435017278122819 567.9880401429888 2.1097820166444543 2.106103394943372 579.1704020242337 
121.0000183987813 5.542840618961753E-92 47.204258762608056 0.9977706036405183 600.6579033915921 0.0 0.0 288.0 283.32341400034665 2.085605368933337 600.6543462528014 0.9774838672829429 588.4452881043325 2.076938435111517 2.0856992708750126 593.9349702881653 
122.00080606553907 6.316273124280702E-92 47.18354588360371 1.0035443585448875 604.1337038440221 0.0 0.0 288.0 285.044837335819 2.097674614746895 604.130289047106 0.9953588872191826 599.2060501059389 2.1021466507039315 2.090971349320854 599.87454264405 
123.00000384462271 5.65409091448153E-92 47.4706627692006 1.0027631806327006 603.6634347408856 0.0 0.0 289.0 285.709202025379 2.0887898265921843 603.6602598851412 0.9938739358250234 598.3121093666676 2.0941296434460686 2.1545246553693214 579.9992192655388 
124.00005887465184 4.628946658678674E-92 47.4706627692006 1.0044129674390376 604.6566063983007 0.0 0.0 288.0 284.4257131575418 2.0994915838645274 604.6535761529839 0.9893643777111019 595.5973553820879 2.0940348492760568 2.111105859200349 601.9295825256338 
125.00053077027904 6.415330071282795E-92 47.4706627692006 1.003026496597578 603.821950951742 0.0 0.0 289.0 286.479200183409 2.089339080853053 603.8189943665325 0.9975180534331954 600.5058681667784 2.0961587011633798 2.111105859200349 601.9295825256338 
126.00115643994909 7.950588932283095E-92 47.51182184329377 1.0048947827974775 604.9466592440815 0.0 0.0 288.0 281.0884339529589 2.100499556093888 604.9438721550397 0.9835577606825873 592.1017719309162 2.1064608159224596 2.111105859200349 601.9295825256338 
127.00053988494739 8.13010454935558E-92 47.51182184329377 1.001567286972493 602.9435067574411 0.0 0.0 288.0 289.22240901696676 2.0935443699779173 602.9407785536405 1.0089635904900665 607.39608147502 2.100100346786711 0.0 0.0 
128.0005621488137 8.313581059417966E-92 47.55090318357272 1.0060736245122188 605.6563219563556 0.0 0.0 288.0 284.44350678120804 2.1029641154151615 605.6536652395662 0.9967829081619682 600.0633107135039 2.109604530980095 2.081435282683222 591.5637323944229 
129.00011447031906 8.313581059417966E-92 47.82112320186294 1.0065440450232803 605.9395151040148 0.0 0.0 288.0 286.8165389107678 2.103947714835465 605.9369418726142 1.0108658769506962 608.5412579243234 2.1217090905404454 2.111105859200349 601.9295825256338 
130.00007184079553 7.109560658581516E-92 47.77730725774889 1.0046747990967795 604.8142290562613 0.0 0.0 287.0 286.68249738996667 2.1073579260003137 604.8117247620902 0.9999404454171555 601.9641481411257 2.0997589794339264 2.111105859200349 601.9295825256338 
131.00004303172517 7.109560658581516E-92 48.032800272166284 1.005858562212753 605.5268544520778 0.0 0.0 287.0 281.60132864838226 2.109841098777338 605.5243953490965 0.9892124650825118 595.505903979671 2.114712692720429 2.111105859200349 601.9295825256338 
132.00001156854808 5.809476420767475E-92 48.013324252752824 1.0051198815761138 605.0821687088207 0.0 0.0 286.0 282.37028272876506 2.115652325232631 605.0765650165325 0.9751896077503545 587.0641438657133 2.0790578179561 0.0 0.0 
133.0002100469185 6.076604109620672E-92 48.12227788851243 1.0102839037044649 608.1909100300883 0.0 0.0 286.0 279.58297347519226 2.1265234491408096 608.1857064542721 0.9789645789135418 589.3366765059566 2.1079133295584938 2.109604530980095 600.0633107135039 
134.0003848412505 5.809476420767475E-92 48.36026768487115 1.0134407899409819 610.0913555444711 0.0 0.0 285.0 284.5675255230852 2.1406540444911615 610.086402679981 0.9893871913396026 595.6110891864435 2.093039562724543 2.1217090905404454 608.5412579243234 
135.0001055532033 7.388780285198362E-92 48.71891971758033 1.0135067750605304 610.1310785864393 0.0 0.0 285.0 285.5268448665471 2.140794283523554 610.126370804213 1.0038746566845895 604.3325433241279 2.1165524509843827 2.0997589794339264 601.9641481411257 
136.0000971619967 6.922670190705042E-92 49.105323468728216 1.0162288342239811 611.7697582028364 0.0 0.0 285.0 270.26999090896715 2.146538347884566 611.7634291471012 0.962338739910648 579.3279214262083 2.143515524893545 2.114712692720429 595.505903979671 
137.00023617554012 6.922670190705042E-92 49.0968671690066 1.0161589837123493 611.7277081948348 0.0 0.0 285.0 284.17499033808343 2.146391239738933 611.7215033255962 1.0068282765931704 606.1106225090921 2.132878131844049 2.114712692720429 595.505903979671 
138.00059820977373 6.922670190705042E-92 49.20827962097576 1.0158498901797683 611.5416338882206 0.0 0.0 285.0 277.0198061682981 2.1457403630191756 611.5360034604653 1.003397028325147 604.0450110517363 2.1805119980654393 2.1079133295584938 589.3366765059566 
139.00020173834068 9.587843609214356E-92 49.24328462004202 1.0142906925972317 610.602996943534 0.0 0.0 285.0 273.2031308014099 2.1424477493237633 610.5976085572728 0.9963587647941865 599.8079764061026 2.1954652373369044 2.093039562724543 595.6110891864435 
140.0003235522694 9.166361732460137E-92 49.26408061899714 1.014646827135998 610.8173899358711 0.0 0.0 285.0 281.9606751046308 2.143200729819229 610.8122079984805 1.0208618164160508 614.5588134824683 2.1795905164945997 2.093039562724543 595.6110891864435 
141.00040808304274 9.587843609214356E-92 49.20089893260427 1.0149660068819233 611.0095361429173 0.0 0.0 285.0 281.5349514932823 2.143875379715984 611.0044832190551 1.0120594117089692 609.2597658488035 2.1640643998808833 2.1165524509843827 604.3325433241279 
142.0003592939056 9.587843609214356E-92 49.43515912999528 1.0182513887323104 612.9873360168507 0.0 0.0 285.0 283.3547165663489 2.1508158232164987 612.982509616702 1.0235785310511907 616.1942756928177 2.1746392054445747 2.143515524893545 579.3279214262083 
143.0003061983681 9.587843609214356E-92 49.43515912999528 1.0173808066366719 612.4632455952765 0.0 0.0 287.0 281.3646788794314 2.1340019137065847 612.4585492337897 1.0033404183267993 604.0109318327327 2.1467191057466017 2.132878131844049 606.1106225090921 
144.000145558929 1.0005443938192574E-91 49.57817829572216 1.0168472667389123 612.1420545768253 0.0 0.0 286.0 265.78235375512 2.140341359008317 612.1376286763785 0.9739856229942265 586.339345042524 2.206088315339215 2.132878131844049 606.1106225090921 
145.00029306658354 1.0232833906921999E-91 49.76029863263485 1.0175295526217067 612.5527906782678 0.0 0.0 285.0 282.44866604090106 2.149293302510398 612.5485912154637 1.0253687521620691 617.2719888015688 2.1854307101318806 2.1954652373369044 599.8079764061026 
146.00018653400244 1.162783230374565E-91 49.79016377048979 1.0151103682608718 611.0964416930452 0.0 0.0 284.0 282.06612425260806 2.1517291161010865 611.0910689727087 1.0211379546636672 614.7250487075326 2.1793650348349076 2.1795905164945997 614.5588134824683 
147.00009552099607 1.0208758265840798E-91 49.79016377048979 1.0143173273338726 610.6190310549919 0.0 0.0 284.0 285.32328722751737 2.150048685820721 610.6138267730854 1.0268524009866222 618.1651453939479 2.1665429113783543 2.1640643998808833 609.2597658488035 
148.00077103490122 1.262795076926741E-91 49.79016377048979 1.0169347898144767 612.1947434683154 0.0 0.0 284.0 284.1570205657115 2.1555975848485653 612.189714096993 1.0120841332969894 609.2746482447851 2.1441477920616427 2.1640643998808833 609.2597658488035 
149.00052432567412 1.1279602492790545E-91 49.873216568222986 1.019345301967239 613.6458717842773 0.0 0.0 284.0 262.26277645830584 2.1607079735359855 613.6410644842198 0.9444340936486331 568.5493243764746 2.167861303286636 2.1467191057466017 604.0109318327327 
150.00046184622204 1.2277839924149763E-91 49.873216568222986 1.0175698397809085 612.577043548107 0.0 0.0 285.0 283.0688093408211 2.149376485285706 612.5722983064262 1.0156124333805325 611.3986848950768 2.1598942190728594 2.206088315339215 586.339345042524 
151.00013984727718 1.0072425694276868E-91 49.87321656821905 1.0196748269282394 613.8442458107999 0.0 0.0 283.0 284.27921452415757 2.1690439748974013 613.8394448959641 1.0245863959639263 616.8010103702856 2.169701402203188 2.1854307101318806 617.2719888015688 
152.00044068274016 1.0072425694276868E-91 49.87072296972796 1.0255332902731 617.3710407444062 0.0 0.0 283.0 284.77261401468036 2.1815111070435678 617.3676432933294 1.0297760128879077 619.9251597585172 2.1769128394016124 2.1793650348349076 614.7250487075326 
153.00017178832465 1.244547516732513E-91 49.87072296972796 1.0303079190312874 620.2453672568352 0.0 0.0 282.0 267.41074836726716 2.199435879444318 620.2409180032979 0.9778491895274427 588.6652120955177 2.201352098559006 2.1665429113783543 618.1651453939479 
154.00010670527595 1.9607837106763514E-91 49.87072296972796 1.0307359536598109 620.5030441032064 0.0 0.0 283.0 282.2312048043205 2.192574746862832 620.4986533621815 1.0271439607780357 618.3406643883748 2.1909011259654623 2.1665429113783543 618.1651453939479 
155.00028342109354 1.9167220626741336E-91 49.87072296972796 1.0286506992322764 619.2477209378301 0.0 0.0 284.0 279.07499286118565 2.1804349675850356 619.2435307941503 1.0290978251692464 619.5168907518855 2.2198939589690814 2.1665429113783543 618.1651453939479 
156.00027992939388 1.9607837106763514E-91 49.88624071945035 1.028623152134338 619.2311375848711 0.0 0.0 283.0 276.85211347199225 2.1880819132356013 619.2271814456749 1.0275815194977724 618.6040747376533 2.2344206333835133 2.1665429113783543 618.1651453939479 
157.00027951213423 2.8937239760311726E-91 49.915349515775645 1.029722412374166 619.8928922492481 0.0 0.0 283.0 282.5140704831795 2.1904203873107657 619.8889696089467 1.0497206772572387 631.931847708862 2.2368154854307916 2.1665429113783543 618.1651453939479 
158.00034689702167 2.8937239760311726E-91 49.93948109937153 1.0321423057831893 621.34966808148 0.0 0.0 283.0 275.5087991221069 2.195568761900111 621.3459596177316 1.0465266291290065 630.0090307356649 2.286711105936191 2.1665429113783543 618.1651453939479 
159.00017421477568 2.6420799529855845E-91 49.98389148428266 1.0319966205001558 621.261965541094 0.0 0.0 281.0 274.9331257355369 2.2108834895336367 621.2582605589519 1.0402412547792754 626.2252353771273 2.2777365721273783 2.1665429113783543 618.1651453939479 
160.0009162955509 2.3574823427546127E-91 49.98194770408232 1.0298954097976056 619.997036698159 0.0 0.0 281.0 282.27718972140013 2.206382126691129 619.9933776002079 1.0633854828617673 640.158060682784 2.267834894185402 2.1909011259654623 618.3406643883748 
161.00098469772175 2.2604683434921435E-91 49.97195231410807 1.031668955621145 621.064711283929 0.0 0.0 282.0 282.3395428431186 2.202344587403294 621.0611736477289 1.0426115317761124 627.6521421292243 2.2230401586999027 2.2198939589690814 619.5168907518855 
162.00008622114387 3.125690931311177E-91 49.90980367395366 1.0315702705077752 621.005302845681 0.0 0.0 282.0 281.63998173640493 2.20213400492071 621.0017893876404 1.0327647276342735 621.7243660358329 2.207514580148364 2.2344206333835133 618.6040747376533 
163.00000702722133 3.125690931311177E-91 49.89732778259047 1.0349784562184488 623.0570306435062 0.0 0.0 284.0 279.93894353671135 2.193850877353661 623.0536491684396 1.031539601167249 620.9868399026816 2.2182938610013188 2.2344206333835133 618.6040747376533 
164.0004323855065 6.370391402550048E-91 49.84911700470565 1.0359820919187086 623.6612193350624 0.0 0.0 285.0 278.4995699777296 2.188276791845569 623.6588856759865 1.0131748391254465 609.931253153517 2.190061741216658 2.2344206333835133 618.6040747376533 
165.00004637628197 6.370391402550048E-91 49.81008381972028 1.037904104548575 624.8182709382419 0.0 0.0 285.0 273.8511300436817 2.19233703136603 624.8160539393185 1.025463101018405 617.3287868130769 2.2542495505299085 2.2777365721273783 626.2252353771273 
166.0002387167834 1.0014713450757284E-90 49.81008381972028 1.0370871786051314 624.326481520289 0.0 0.0 285.0 282.5316001008459 2.190611629434346 624.3243143887885 1.048386660332576 631.1287695202109 2.2338342659544557 2.267834894185402 640.158060682784 
167.00014742144498 8.800912038028399E-91 49.81008381972028 1.0319130164914205 621.2116359278347 0.0 0.0 285.0 283.2342574353129 2.179682605819518 621.2095426585621 1.0495760839247361 631.8448025226886 2.230820552019538 2.267834894185402 640.158060682784 
168.00007439708205 8.800912038028399E-91 49.82890451724559 1.0348022931390128 622.9509804696859 0.0 0.0 286.0 276.6962819673594 2.178143133298168 622.9489361232762 1.027209728218645 618.3802563876201 2.2348701326625253 2.267834894185402 640.158060682784 
169.00012879842723 1.790187322344834E-90 49.82890451724559 1.0381493764289738 624.9659246102422 0.0 0.0 287.0 281.17901303820616 2.1775748706841194 624.9639878863424 1.0548650321070896 635.0287493284676 2.2584500260770914 2.2182938610013188 620.9868399026816 
170.00002340872126 1.6783745903507762E-90 49.82890451724559 1.0370842704330996 624.3247308007265 0.0 0.0 287.0 284.70720402482203 2.175341088179639 624.3228923075568 1.076136765582021 647.8343328803728 2.2754406060757484 2.2182938610013188 620.9868399026816 
171.000726599338 2.4710071468066307E-90 49.72713615556261 1.0366994347763574 624.0930597353672 0.0 0.0 289.0 281.07902839355137 2.159487272444035 624.0918217363259 1.0504707408844796 632.3833860124656 2.249841938143593 2.2182938610013188 620.9868399026816 
172.0001425026521 2.1721922922207016E-90 49.639913989501494 1.0400048515698908 626.0829206450738 0.0 0.0 289.0 284.009218034859 2.166372709774916 626.0817131249502 1.0585772718497668 637.2635176535666 2.2438127961584318 2.2338342659544557 631.1287695202109 
173.00013943166124 2.3168000167397604E-90 49.57487319385251 1.0414221961353753 626.9361620734963 0.0 0.0 289.0 265.5525125397638 2.1693251181827042 626.9349591548014 1.0050811520421437 605.0588535293699 2.2784904113410276 2.2338342659544557 631.1287695202109 
174.00008782250137 2.9977914054550485E-90 49.468951366347554 1.0412370894871787 626.8247278712811 0.0 0.0 288.0 272.3840343851755 2.1764709080096303 626.8236215067733 1.0306589110818156 620.4566644712471 2.2778745673245506 2.2338342659544557 631.1287695202109 
175.00064369268355 2.9977914054550485E-90 49.48571868523746 1.0428099158978057 627.7715693704786 0.0 0.0 287.0 286.17599977384606 2.187353474508079 627.7704471838183 1.082705154292761 651.7885028842364 2.2775791939202445 2.2338342659544557 631.1287695202109 
176.00127990439674 2.9977914054550485E-90 49.46840171435655 1.0455458059601044 629.4185751879826 0.0 0.0 287.0 272.84459998131456 2.1930922511534874 629.417476081051 1.029160668365917 619.5547223562828 2.2707237834236493 2.2754406060757484 647.8343328803728 
177.00023517949683 2.9977914054550485E-90 49.33967681826561 1.0476068757000538 630.659339171433 0.0 0.0 288.0 281.9780424348845 2.1897878895810146 630.6589121993328 1.0282754957409566 619.0218484360527 2.1952838706545728 2.249841938143593 632.3833860124656 
178.0008865883901 2.9977914054550485E-90 49.39645008486771 1.0480087680673735 630.9012783765596 0.0 0.0 287.0 278.7305944683259 2.1982589037893248 630.9003053875364 1.036277454060063 623.839027344154 2.238143353204972 2.2438127961584318 637.2635176535666 
179.0004902369157 2.9977914054550485E-90 49.39645008486771 1.0467087751940147 630.1186826667971 0.0 0.0 287.0 265.9743884936215 2.1955323075143576 630.1177722566209 0.9923676222559035 597.405308598055 2.246100882049332 2.2338342659544557 631.1287695202109 
180.00045769475207 3.689690156651885E-90 49.39645008486771 1.0471752059364585 630.3994739737477 0.0 0.0 287.0 283.22109887315276 2.196510752161463 630.39858587034 1.0542163339732642 634.6382330519074 2.240787270358502 2.2778745673245506 620.4566644712471 
181.00014506564213 4.7723143454038194E-90 49.243011046943515 1.048835525040535 631.3989860744025 0.0 0.0 287.0 283.28231521537765 2.1999935680602323 631.3981540332868 1.0435071192271654 628.1912857747587 2.217545014404267 2.2778745673245506 620.4566644712471 
182.00002147780776 4.37389360313784E-90 49.26408061895436 1.0508113202158833 632.588414769962 0.0 0.0 288.0 279.2157659502306 2.196486483319071 632.5881071958923 1.0258612409524666 617.5684670533842 2.211796547203083 2.2778745673245506 620.4566644712471 
183.00016782445704 4.101435073919949E-90 49.16155395336062 1.0511449500424606 632.7892599255617 0.0 0.0 288.0 284.3275362410617 2.197183956900578 632.788979587367 1.040640504787277 626.4655838819314 2.203323646257021 2.238143353204972 623.839027344154 
184.00021281325766 4.101435073919949E-90 49.09359415339304 1.058355171423641 637.1298131970323 0.0 0.0 288.0 285.4053554636636 2.2122553652850283 637.1295452020881 1.0519279561108437 633.2606295787242 2.2188113062908092 2.238143353204972 623.839027344154 
185.0001096690664 3.657607162420898E-90 49.09359415339304 1.0599331024119716 638.0797276520069 0.0 0.0 288.0 281.6356978226442 2.2155537128364253 638.0794692968901 1.0446379782049826 628.8720628793919 2.232927387192992 2.240787270358502 634.6382330519074 
186.0012195813922 4.643973064764961E-90 49.09359415339304 1.0564322261976404 635.9722001709788 0.0 0.0 289.0 282.9336072531625 2.200594967243229 635.9719455332927 1.0434435126458883 628.1529946128243 2.2201427420064928 2.217545014404267 628.1912857747587 
187.00041739498602 4.14074539747668E-90 48.916359680058754 1.0559401803072328 635.6759885449537 0.0 0.0 289.0 286.21716270555027 2.199570048635662 635.6757440557059 1.0609510956410775 638.692559575935 2.2314963698840047 2.211796547203083 617.5684670533842 
188.0008706854123 4.14074539747668E-90 48.916359680058754 1.0579850442498888 636.906996638433 0.0 0.0 289.0 287.5790537684443 2.203829618957835 636.9067598788141 1.0529153725715992 633.855054288104 2.204107169774881 2.211796547203083 617.5684670533842 
189.00035097161603 5.3545276141594525E-90 48.76820487077117 1.058031771692231 636.9351265587237 0.0 0.0 288.0 278.4372122791026 2.2115781727241335 636.9345137445507 1.027936164892231 618.8175712651271 2.22246719897781 2.211796547203083 617.5684670533842 
190.00015021806132 6.922876585800746E-90 48.58647634360466 1.0594923503141676 637.8143948891287 0.0 0.0 288.0 286.91489261344543 2.2146312842332843 637.8138098591861 1.0416926292704767 627.0989628208292 2.185661947027988 2.211796547203083 617.5684670533842 
191.00010478800388 5.655484709629793E-90 48.58647634360466 1.0597265438125618 637.9553793751614 0.0 0.0 287.0 286.0789981004879 2.2228390780819325 637.9548154095145 1.0579845326620794 636.9066886625748 2.226331512944041 2.211796547203083 617.5684670533842 
192.00012543540066 5.526678104046093E-90 48.36241707777258 1.0616019480634689 639.0843727342082 0.0 0.0 287.0 279.075876258717 2.2267729388839506 639.0838334596934 1.0376918292094666 624.6904811840998 2.238425225278093 2.211796547203083 617.5684670533842 
193.00024949903616 7.144497542843011E-90 48.23496227615681 1.0615583612516932 639.0581334735192 0.0 0.0 286.0 285.9070553166106 2.2344671947217845 639.0576176904306 1.058163591423176 637.0144820367534 2.2280474377637516 2.211796547203083 617.5684670533842 
194.00042889040307 5.863833656146159E-90 48.034668250637274 1.0646948867043005 640.9463217959893 0.0 0.0 286.0 285.8727262251732 2.241069357140982 640.945836142321 1.0671073705416965 642.3986370660963 2.247149091655909 2.211796547203083 617.5684670533842 
195.00013886475284 5.730027121416269E-90 47.84238175800865 1.064168187960369 640.6292491521423 0.0 0.0 286.0 285.1126329704651 2.2399607266693726 640.6287678274406 1.0553034367545395 635.2926689262316 2.2282164852093445 2.211796547203083 617.5684670533842 
196.0003243133496 5.599211696760556E-90 47.70224973240669 1.0669783193653664 642.3209482579508 0.0 0.0 286.0 287.1987773796672 2.2458758348789645 642.3204887753839 1.0847583888028771 653.0245500593355 2.2737720404570485 2.211796547203083 617.5684670533842 
197.0005068390825 5.599211696760556E-90 47.7733259810186 1.0704956952602942 644.4384085466962 0.0 0.0 286.0 285.05795998865153 2.2532790482693588 644.4378078050365 1.0744681627949157 646.829834002539 2.2691168982907546 2.226331512944041 636.9066886625748 
198.00076512103084 7.461105527420371E-90 47.59186742941501 1.0724464732957115 645.612776924018 0.0 0.0 287.0 281.9209330094015 2.2495204184642414 645.612360099237 1.0573553152708932 636.5278997930824 2.2578241814056974 2.238425225278093 624.6904811840998 
199.00015612499718 6.799870699111985E-90 47.3576590724294 1.076518260269774 648.0639926824034 0.0 0.0 287.0 284.9423164870566 2.2580607479699983 648.0634346673892 1.0551637057847576 635.2085508824294 2.229253129944578 2.238425225278093 624.6904811840998 
200.00098162448316 8.241537616589309E-90 46.82292837183471 1.0779032770899541 648.8977728081518 0.0 0.0 287.0 288.00048124482646 2.2609659980444747 648.897241438764 1.0662752507533462 641.8977009535155 2.228807737330982 2.238425225278093 624.6904811840998 
201.00007938596403 8.241537616589309E-90 46.413725684136125 1.0788088604351178 649.4429339819407 0.0 0.0 286.0 283.2938195118787 2.2707776779765285 649.4424159012867 1.0467254727044957 630.1287345681045 2.2242939703161535 2.238425225278093 624.6904811840998 
202.00016004341214 7.337050558447032E-90 46.413725684136125 1.080921839650164 650.7149474693989 0.0 0.0 285.0 280.0891653521347 2.283208501891416 650.7144230390536 1.032338573540143 621.4678212711678 2.218821354584865 2.2691168982907546 646.829834002539 
203.00024352425567 1.0106582362037135E-89 46.21688593074319 1.0805327266668023 650.4807014534151 0.0 0.0 286.0 300.4725409303108 2.2744062317326867 650.480182275548 1.0678951260013356 642.8728658527972 2.1395394862451007 2.2578241814056974 636.5278997930824 
204.0003028056166 1.1486921792876017E-89 46.21688593074319 1.0809821221971427 650.7512375626793 0.0 0.0 285.0 299.4414609373517 2.283335852363994 650.7507179237375 1.0706574212479631 644.5357675912801 2.152460001943846 2.229253129944578 635.2085508824294 
205.00095035493766 1.1486921792876017E-89 45.93428987752099 1.082779377344563 651.8331851614272 0.0 0.0 286.0 282.85354916363883 2.2791352520552697 651.832682087807 1.0572131556867612 636.4423197234356 2.2500771922619065 2.229253129944578 635.2085508824294 
206.00021238036894 1.4077003185100268E-89 45.73668829742671 1.0828834796140965 651.8958547276861 0.0 0.0 286.0 281.396960567928 2.2793545085895577 651.8953894566133 1.0741235966125529 646.6224051607584 2.297901170843196 2.229253129944578 635.2085508824294 
207.00102729965906 2.0303032593981646E-89 45.713571704186116 1.0855466853243716 653.4991045652716 0.0 0.0 286.0 284.04326454408863 2.2849603985166125 653.498673975751 1.08561442286783 653.539882566431 2.300846258809949 2.229253129944578 635.2085508824294 
208.00020160160375 3.3836016743008694E-89 45.40982816297488 1.0825825087005045 651.714670237704 0.0 0.0 287.0 271.9568674064408 2.270781728398888 651.714356050481 1.0595384599864037 637.8421529118137 2.345379835393367 2.229253129944578 635.2085508824294 
209.00031785022196 4.3668932845720034E-89 45.22151664001485 1.0834837659967185 652.2572271300243 0.0 0.0 287.0 278.04933410596595 2.272672197754757 652.2569207556152 1.0921611089858512 657.4809876094897 2.364619896406299 2.229253129944578 635.2085508824294 
210.00039613523927 3.796141555592911E-89 45.22151664001485 1.0842047430236565 652.6912553002413 0.0 0.0 287.0 283.07194715508456 2.2741845385326713 652.6909625588767 1.1033806823299708 664.2351707626481 2.346524187360531 2.229253129944578 635.2085508824294 
211.00000247133997 3.5616504953519805E-89 45.1971538319271 1.0875258098529654 654.6905375314849 0.0 0.0 286.0 275.44832006034943 2.2891268129412583 654.6902685011995 1.0683145590906864 643.1253645725991 2.334831319471084 2.229253129944578 635.2085508824294 
212.0002751697697 5.929867314415529E-89 45.24061420040957 1.087361763075788 654.5917813716244 0.0 0.0 285.0 262.9787968144974 2.2968120886683816 654.5914452704887 1.0390772076375578 625.5244789978068 2.3786118370563747 2.229253129944578 635.2085508824294 
213.00113377039105 5.929867314415529E-89 44.8674188973643 1.0866640948885984 654.1717851229358 0.0 0.0 285.0 282.52385454213777 2.2953384601682627 654.1714611479546 1.0892025358145232 655.6999265603423 2.3208657110493522 2.229253129944578 635.2085508824294 
214.00006144983308 7.177744310039184E-89 44.8674188973643 1.089691545285176 655.9943102616752 0.0 0.0 286.0 282.2891499189955 2.293685602741176 655.9940823839754 1.0847290790775277 653.0069056046733 2.3132554183965532 2.300846258809949 653.539882566431 
215.00009704688452 6.735116926937193E-89 44.92204081181183 1.0932808206515605 658.155054032239 0.0 0.0 285.0 282.25743508897034 2.3093152340344814 658.154841699827 1.0832692473994918 652.1280869344904 2.3104018029814988 2.345379835393367 637.8421529118137 
216.00023912377506 6.427318316318936E-89 44.70171618636647 1.0970713747500531 660.4369675995316 0.0 0.0 285.0 280.8303802180321 2.317321738765569 660.436695548187 1.0784758949902062 649.242488784108 2.3118670005718287 2.345379835393367 637.8421529118137 
217.00012292114133 6.427318316318936E-89 44.31228242728907 1.0987528000139304 661.4491856083866 0.0 0.0 285.0 278.8968582246311 2.3208734223413936 661.4489253672975 1.0711405024989293 644.8265825043511 2.312061120405273 2.345379835393367 637.8421529118137 
218.0000677467361 6.427318316318936E-89 44.31228242728907 1.1021698347316382 663.5062405084464 0.0 0.0 285.0 280.45812234455826 2.3280912001708503 663.5059920486921 1.0689960582944005 643.5356270932238 2.2945872336070368 2.3208657110493522 655.6999265603423 
219.0003637843031 8.834780684859664E-89 44.19550139113058 1.108297846492206 667.1953035883079 0.0 0.0 284.0 284.48405604840457 2.349278432594915 667.1950748569557 1.100747637931796 662.6500780349469 2.3293048026642236 2.3208657110493522 655.6999265603423 
220.00023615553988 1.1203475690278648E-88 44.19550139113058 1.1128624591795222 669.9432004260727 0.0 0.0 286.0 281.6098666489419 2.342458159867596 669.9430337221322 1.095683107376852 659.6012306408722 2.3422518482391768 2.3208657110493522 655.6999265603423 
221.000552178243 1.1203475690278648E-88 43.67075084607614 1.1154893834825292 671.5246088564821 0.0 0.0 286.0 280.39189268505646 2.3479875697082524 671.52444493656 1.0949144116052296 659.1384757863472 2.3507757998078382 2.3208657110493522 655.6999265603423 
222.00038669986316 1.4445772879355235E-88 43.621527705281174 1.1166333619584192 672.2132838989681 0.0 0.0 286.0 279.3568591162504 2.3503955427100056 672.2131252150616 1.0994252421343662 661.8539957648859 2.369206175422615 2.3208657110493522 655.6999265603423 
223.00013349243306 1.1938699361393328E-88 43.73606314737003 1.1164256893383417 672.0882649816809 0.0 0.0 286.0 283.9832842255422 2.3499584129107602 672.0881060924769 1.1089505321550295 667.5882203573279 2.3508011120370136 2.2945872336070368 643.5356270932238 
224.00048019001724 1.747757278859288E-88 43.73606314737003 1.119697659780975 674.0579911881471 0.0 0.0 286.0 284.76558049804595 2.356845589299239 674.0578385395823 1.1097105982952893 668.0457801737697 2.345949882725921 2.3293048026642236 662.6500780349469 
225.00001380290368 1.3922516103244344E-88 43.73606314737003 1.1223341373592282 675.6451506902562 0.0 0.0 286.0 284.76510997220015 2.3623951111730697 675.6450017954983 1.1120947054007628 669.4810126512556 2.3509938163302833 2.3422518482391768 659.6012306408722 
226.00001805610347 1.4252857216775978E-88 43.73606314737003 1.1239557045895932 676.6213341629352 0.0 0.0 285.0 275.4520240386264 2.3741092929255934 676.6211484837944 1.0857965043748647 653.6494956336619 2.373006689331864 2.3507757998078382 659.1384757863472 
227.00039105202146 1.328418273887629E-88 43.73606314737003 1.123791906335534 676.5227276139918 0.0 0.0 285.0 276.82074545911564 2.373763349869072 676.5225547126859 1.1053689766818606 665.4321239624843 2.4038376273383877 2.369206175422615 661.8539957648859 
228.0000776768146 1.6222633438796487E-88 43.73606314737003 1.1259424466245456 677.817352867977 0.0 0.0 285.0 284.7781639523994 2.378305940782588 677.8171931230376 1.1279159130487608 679.0053796553474 2.3843309129868646 2.369206175422615 661.8539957648859 
229.00008368985655 1.511605453169525E-88 43.73606314737003 1.1293958967862956 679.8963298653491 0.0 0.0 285.0 271.8483058532632 2.3856006110909256 679.8961741609131 1.087810030379876 654.8616382886783 2.4089230066497302 2.369206175422615 661.8539957648859 
230.0000507767508 1.511605453169525E-88 43.73606314737003 1.1321980124288005 681.583203482138 0.0 0.0 284.0 283.49770062762406 2.39994031402307 681.5830491825516 1.1184696659665239 673.3187389118532 2.375041269898204 2.369206175422615 661.8539957648859 
231.0001844086138 1.9481129555976628E-88 43.73606314737003 1.1342669855497087 682.8287253009239 0.0 0.0 284.0 283.35665992658306 2.404325984715384 682.8285796591682 1.1320455469452346 681.4914192610339 2.4050658256545177 2.369206175422615 661.8539957648859 
232.00056476512268 1.651398162241473E-88 43.73606314737003 1.1428787470140556 688.013005702461 0.0 0.0 284.0 281.76648812366375 2.4225805182249904 688.0128671758971 1.145126806221258 689.3663373451932 2.446587392048692 2.369206175422615 661.8539957648859 
233.00028683206338 2.1278953894662938E-88 43.73606314737003 1.143445875853959 688.3544172640826 0.0 0.0 284.0 274.0456500569421 2.4237826879058546 688.3542833652624 1.1242393954209227 676.7921160433945 2.469632763383649 2.369206175422615 661.8539957648859 
234.00063165577558 1.816852545429618E-88 42.63726179511811 1.1466952902910783 690.3105647552292 0.0 0.0 285.0 277.6507940304397 2.4221419962225057 690.3104689234144 1.1393247711885155 685.8735122554854 2.4702739088161616 2.369206175422615 661.8539957648859 
235.0000841133856 2.2149210169243555E-88 42.80743893254582 1.1480378114078256 691.1187624675105 0.0 0.0 285.0 278.80956899961376 2.4249777986322725 691.1186726101972 1.122550105739656 675.7751636552791 2.423787555355445 2.369206175422615 661.8539957648859 
236.00049696799263 1.8316796937036973E-88 43.120597500997185 1.1509819019916394 692.8911049989672 0.0 0.0 285.0 274.5418316090938 2.4311965605128263 692.8910197461556 1.1171728342831562 672.5380462384494 2.4496742164816703 2.369206175422615 661.8539957648859 
237.0000090247541 2.14567810080316E-88 43.1299413093084 1.1534884161704007 694.4000265345818 0.0 0.0 285.0 279.5655655378868 2.436491024286128 694.3999419215465 1.133809023520136 682.553032159124 2.4414774789802363 2.369206175422615 661.8539957648859 
238.0002123986038 1.7744768256373252E-88 43.284527026677175 1.1577957141782034 696.993019935278 0.0 0.0 284.0 275.562788464419 2.454200480657234 696.9929365066542 1.1407370674944077 686.7237146316376 2.492077099591073 2.369206175422615 661.8539957648859 
239.0000356415005 1.5381375479013186E-88 43.207405074384404 1.15920029894825 697.8385799668463 0.0 0.0 284.0 281.0878111490717 2.4571778204725763 697.8385010142116 1.1458603004908048 689.8079008954562 2.4540655038564605 2.369206175422615 661.8539957648859 
240.00008128100055 1.2509460160275992E-88 43.155827039092976 1.1583379263225368 697.3194316461668 0.0 0.0 284.0 278.15100247882464 2.455349843001894 697.3193554125376 1.1320537966316522 681.4963855722606 2.450095018529161 2.369206175422615 661.8539957648859 
241.00043300086264 1.5126807549713067E-88 43.07821642093764 1.1604446941197772 698.5877058601055 0.0 0.0 284.0 282.730756689676 2.4598155292996293 698.5876103210949 1.1508456172701302 692.8090615966247 2.4504198613136694 2.423787555355445 675.7751636552791 
242.00039184694552 1.2812251191348308E-88 43.07821642093764 1.1622908696665173 699.6991035392438 0.0 0.0 284.0 275.96934153170207 2.463728917481875 699.6990125648528 1.143488746066346 688.3802251319433 2.4944083328649946 2.4496742164816703 672.5380462384494 
243.000765551818 1.0834677149902828E-88 43.07821642093764 1.1633893856438027 700.3604101575692 0.0 0.0 284.0 279.40594038630024 2.4660574664338353 700.360320467209 1.1306645580481092 680.6600639449657 2.436097324931248 2.4414774789802363 682.553032159124 
244.0005570739841 1.3745214488302583E-88 43.45921905694854 1.1660329490415327 701.9518353230035 0.0 0.0 284.0 281.8454707711821 2.471661080941286 701.9517469873257 1.1501919549235267 692.4155568639661 2.4567205389867977 2.492077099591073 686.7237146316376 
245.00005166326778 1.3745214488302583E-88 43.86332550339885 1.1702371010212322 704.4827348147822 0.0 0.0 284.0 278.2196919906308 2.4805727112397933 704.4826499921015 1.1369515667488774 684.4448431828181 2.4600877036621376 2.4540655038564605 689.8079008954562 
246.00040471180773 1.3745214488302583E-88 43.89843020372226 1.1713814114228434 705.171609676552 0.0 0.0 284.0 280.81922164701774 2.4829983431867353 705.171529465033 1.1390533622430414 685.7101240703039 2.441820471008296 2.450095018529161 681.4963855722606 
247.0010695605482 1.3745214488302583E-88 43.807070340463795 1.175023610675664 707.3642136267504 0.0 0.0 284.0 277.6915104853431 2.490718801624185 707.364139661269 1.145251381475638 689.4413316483362 2.4827598454246798 2.4504198613136694 692.8090615966247 
248.00005371655317 1.1366920116540455E-88 44.34405094538846 1.1811131545868978 711.0301190613123 0.0 0.0 284.0 279.0101944047004 2.5036269303548044 711.0300482207647 1.1262672903470192 678.0129087889095 2.4300650025907697 2.4944083328649946 688.3802251319433 
249.0006479556658 1.3745214488302583E-88 44.89135456973351 1.1828767163461071 712.0917832403567 0.0 0.0 284.0 277.5495368130039 2.507365205063157 712.091718237937 1.1502005908007302 692.4207556620449 2.494764587298001 2.436097324931248 680.6600639449657 
250.00011743993133 1.8093583869399077E-88 44.89135456973351 1.1851971017879794 713.4886552763633 0.0 0.0 284.0 280.84759089406083 2.512283783529456 713.4885945223654 1.1741051501341953 706.8113003807894 2.5167077208342774 2.4567205389867977 692.4155568639661 
251.00022336149783 2.674466918694198E-88 45.15549122652129 1.1893434896499386 715.9847807692631 0.0 0.0 284.0 281.40019441628345 2.5210729582118456 715.9847201321644 1.1835963049242393 712.524975564392 2.5320699477212627 2.4600877036621376 684.4448431828181 
252.00093633958306 0.0 0.0 0.0 0.0 0.0 0.0 284.0 279.012245877227 0.0 0.0 1.0165189630683118 611.9444157671248 2.193252894127081 2.4944083328649946 688.3802251319433 
253.00030015408393 0.0 0.0 0.0 0.0 0.0 0.0 284.0 278.3200094769656 0.0 0.0 0.49942139974212335 300.6516826447569 1.0802373972671178 2.4944083328649946 688.3802251319433 
254.00113687862034 0.0 0.0 0.0 0.0 0.0 0.0 284.0 273.5492439340569 0.0 0.0 0.1375356962309401 82.79648913102622 0.30267489663025915 2.4944083328649946 688.3802251319433 
255.0001329885677 0.0 0.0 0.0 0.0 0.0 0.0 284.0 280.7195069485683 0.0 0.0 0.023101902403607277 13.9073452469714 0.04954178424629185 2.494764587298001 692.4207556620449 
256.00001898128124 0.0 0.0 0.0 0.0 0.0 0.0 284.0 277.2904116132233 0.0 0.0 0.0025756454446779044 1.5505385576961033 0.005591749634166442 2.5167077208342774 706.8113003807894 
257.00027321706403 0.0 0.0 0.0 0.0 0.0 0.0 284.0 277.91960267459297 0.0 0.0 4.037470980300772E-4 0.24305575301410945 8.745541900428504E-4 2.5320699477212627 712.524975564392 
258.00034110730036 0.0 0.0 0.0 0.0 0.0 0.0 284.0 271.83721364168434 0.0 0.0 6.742569916315013E-5 0.04059027089621618 1.4931830102452148E-4 2.193252894127081 611.9444157671248 
259.0000224310465 0.0 0.0 0.0 0.0 0.0 0.0 284.0 281.2520195371525 0.0 0.0 5.946301273586891E-5 0.03579673366699289 1.2727636134276453E-4 1.0802373972671178 300.6516826447569 
260.0000918558207 0.0 0.0 0.0 0.0 0.0 0.0 284.0 281.99978331298496 0.0 0.0 5.327649644971876E-5 0.03207245086273088 1.1373218264900019E-4 0.30267489663025915 82.79648913102622 
261.0004720462559 0.0 0.0 0.0 0.0 0.0 0.0 284.0 281.1630458953176 0.0 0.0 2.5226133779225933E-5 0.015186132535093844 5.401183675022475E-5 0.04954178424629185 13.9073452469714 
262.00023592402505 0.0 0.0 0.0 0.0 0.0 0.0 284.0 283.3764464043785 0.0 0.0 1.1505868388211187E-5 0.006926532769703182 2.444286692698169E-5 0.04954178424629185 13.9073452469714 
263.0004567956331 0.0 0.0 0.0 0.0 0.0 0.0 284.0 279.2272539341092 0.0 0.0 6.246799187723046E-6 0.003760573111009278 1.3467786750847325E-5 8.745541900428504E-4 0.24305575301410945 
264.00040840057426 0.0 0.0 0.0 0.0 0.0 0.0 284.0 282.83280101415494 0.0 0.0 3.808332862488994E-6 0.0022926163832183715 8.10590700582721E-6 1.2727636134276453E-4 0.03579673366699289 
265.00002570067073 0.0 0.0 0.0 0.0 0.0 0.0 284.0 285.0644839551919 0.0 0.0 1.1310195351388502E-6 6.808737601535832E-4 2.3884903187750562E-6 1.2727636134276453E-4 0.03579673366699289 
266.00024258539236 0.0 0.0 0.0 0.0 0.0 0.0 284.0 281.2181669728085 0.0 0.0 1.4417859613649E-7 8.679551487416628E-5 3.0864120838451625E-7 1.2727636134276453E-4 0.03579673366699289 
267.0002916017531 0.0 0.0 0.0 0.0 0.0 0.0 284.0 280.77516775731624 0.0 0.0 2.7823718395221203E-8 1.6749878473923313E-5 5.965583996516678E-8 1.2727636134276453E-4 0.03579673366699289 
268.00003589484 0.0 0.0 0.0 0.0 0.0 0.0 284.0 275.0565819965255 0.0 0.0 3.847760851730142E-9 2.3163520327415244E-6 8.421365582048803E-9 1.2727636134276453E-4 0.03579673366699289 
269.00004253932553 0.0 0.0 0.0 0.0 0.0 0.0 285.0 280.99315736100846 0.0 0.0 1.5668327689438802E-9 9.432333269042206E-7 3.3567839721178448E-9 1.2727636134276453E-4 0.03579673366699289 
270.0004638504168 0.0 0.0 0.0 0.0 0.0 0.0 284.0 282.09832247665554 0.0 0.0 1.0994284448529662E-9 6.61855923801479E-7 2.3461887968378454E-9 1.2727636134276453E-4 0.03579673366699289 
271.00012874889427 0.0 0.0 0.0 0.0 0.0 0.0 284.0 283.294304027089 0.0 0.0 1.2001344130416811E-9 7.224809166510939E-7 2.5502839498742946E-9 1.2727636134276453E-4 0.03579673366699289 
272.00035439005165 0.0 0.0 0.0 0.0 0.0 0.0 284.0 283.1717737747468 0.0 0.0 2.1258389541770502E-10 1.2797550504145878E-7 4.5193595157990147E-10 1.2727636134276453E-4 0.03579673366699289 
273.0003871451217 0.0 0.0 0.0 0.0 0.0 0.0 285.0 278.01438793423233 0.0 0.0 7.984018119369888E-11 4.8063789078607E-8 1.7288238006580103E-10 1.2727636134276453E-4 0.03579673366699289 
274.00137015817023 0.0 0.0 0.0 0.0 0.0 0.0 285.0 283.26032273354167 0.0 0.0 1.0227404609617778E-11 6.156897574989981E-9 2.173582772050173E-11 8.421365582048803E-9 2.3163520327415244E-6 
275.00029285592376 0.0 0.0 0.0 0.0 0.0 0.0 285.0 282.3668989103662 0.0 0.0 6.328615366462492E-14 3.8098264506104457E-11 1.3492468364076295E-13 3.3567839721178448E-9 9.432333269042206E-7 
276.000445829306 0.0 0.0 0.0 0.0 0.0 0.0 286.0 278.95857198567455 0.0 0.0 3.2020703677203327E-15 1.927646361367641E-12 6.910152814614466E-15 2.3461887968378454E-9 6.61855923801479E-7 
277.0006200878853 0.0 0.0 0.0 0.0 0.0 0.0 286.0 283.34950343839415 0.0 0.0 3.1620774430137977E-15 1.903570620694283E-12 6.718101135152183E-15 2.5502839498742946E-9 7.224809166510939E-7 
278.0000141767469 0.0 0.0 0.0 0.0 0.0 0.0 286.0 278.34878521209953 0.0 0.0 3.0729491666366936E-15 1.8499153983152985E-12 6.646033669253049E-15 4.5193595157990147E-10 1.2797550504145878E-7 
279.00025551939825 0.0 0.0 0.0 0.0 0.0 0.0 286.0 278.45739263376686 0.0 0.0 1.9027242148289224E-15 1.1454399773270014E-12 4.113519725559985E-15 1.7288238006580103E-10 4.8063789078607E-8 
280.00056924005895 0.0 0.0 0.0 0.0 0.0 0.0 286.0 283.8622162441964 0.0 0.0 1.1363913804568314E-15 6.841076110350213E-13 2.409998837064346E-15 2.173582772050173E-11 6.156897574989981E-9 
281.00019145210416 0.0 0.0 0.0 0.0 0.0 0.0 286.0 277.9887127251107 0.0 0.0 9.528317986155286E-16 5.736047427665538E-13 2.0634101908078662E-15 1.3492468364076295E-13 3.8098264506104457E-11 
282.00009241386357 0.0 0.0 0.0 0.0 0.0 0.0 286.0 277.5057920523806 0.0 0.0 2.6445156621438955E-18 1.5919984286106029E-15 5.736811534045765E-18 6.910152814614466E-15 1.927646361367641E-12 
283.00055417719307 0.0 0.0 0.0 0.0 0.0 0.0 286.0 282.9576292827884 0.0 0.0 2.563685400108534E-18 1.5433386108653502E-15 5.454309943072554E-18 6.718101135152183E-15 1.903570620694283E-12 
284.0001436107289 0.0 0.0 0.0 0.0 0.0 0.0 286.0 284.31611130368856 0.0 0.0 6.8923540995503E-19 4.149197167929217E-16 1.459360550798089E-18 6.646033669253049E-15 1.8499153983152985E-12 
285.00039597439144 0.0 0.0 0.0 0.0 0.0 0.0 285.0 280.61895164149183 0.0 0.0 6.579824360496057E-19 3.9610542650186694E-16 1.4115419653050242E-18 4.113519725559985E-15 1.1454399773270014E-12 
286.000700075974 0.0 0.0 0.0 0.0 0.0 0.0 285.0 282.2871288321599 0.0 0.0 6.720816298766084E-19 4.045931411857157E-16 1.4332681155515083E-18 2.409998837064346E-15 6.841076110350213E-13 
287.0002749125855 0.0 0.0 0.0 0.0 0.0 0.0 285.0 283.46664082170133 0.0 0.0 3.9618028894683834E-19 2.385005339459986E-16 8.413707279792893E-19 2.0634101908078662E-15 5.736047427665538E-13 
288.0001742547502 0.0 0.0 0.0 0.0 0.0 0.0 285.0 284.6360421343495 0.0 0.0 3.3456593286827153E-20 2.0140869158670205E-17 7.076008016287559E-20 5.736811534045765E-18 1.5919984286106029E-15 
289.00088099473925 0.0 0.0 0.0 0.0 0.0 0.0 286.0 284.2820798487494 0.0 0.0 4.146784617090106E-21 2.4963643394882422E-18 8.78129335769746E-21 5.454309943072554E-18 1.5433386108653502E-15 
290.0002122250514 0.0 0.0 0.0 0.0 0.0 0.0 285.0 280.0907529756237 0.0 0.0 1.5169638271798914E-22 9.132122239622832E-20 3.26041546984509E-22 1.459360550798089E-18 4.149197167929217E-16 
291.0004683679312 0.0 0.0 0.0 0.0 0.0 0.0 285.0 281.0302651864546 0.0 0.0 3.311363704311516E-24 1.99344094999555E-21 7.093331918087062E-24 1.4115419653050242E-18 3.9610542650186694E-16 
292.00001276813265 0.0 0.0 0.0 0.0 0.0 0.0 285.0 282.31484765210587 0.0 0.0 4.806259313446562E-26 2.8933681066948295E-23 1.0248728080573013E-25 1.4332681155515083E-18 4.045931411857157E-16 
293.0003076068365 0.0 0.0 0.0 0.0 0.0 0.0 286.0 283.94959587619917 0.0 0.0 2.4994972124903467E-27 1.504697321919186E-24 5.299170499877125E-27 8.413707279792893E-19 2.385005339459986E-16 
294.0004300742109 0.0 0.0 0.0 0.0 0.0 0.0 286.0 278.57696368564524 0.0 0.0 2.211815893095909E-27 1.331513167643719E-24 4.7796958873679134E-27 7.076008016287559E-20 2.0140869158670205E-17 
295.00027537027637 0.0 0.0 0.0 0.0 0.0 0.0 286.0 280.67021450527164 0.0 0.0 2.329313056100874E-27 1.4022464597727356E-24 4.996064374855131E-27 8.78129335769746E-21 2.4963643394882422E-18 
296.0002770925839 0.0 0.0 0.0 0.0 0.0 0.0 286.0 281.0861318342311 0.0 0.0 2.3660806989744088E-27 1.4243805807825778E-24 5.067416778934501E-27 3.26041546984509E-22 9.132122239622832E-20 
297.0003083606346 0.0 0.0 0.0 0.0 0.0 0.0 286.0 282.3586183077438 0.0 0.0 2.3276798429932136E-27 1.4012632654819032E-24 4.962707615868344E-27 7.093331918087062E-24 1.99344094999555E-21 
298.000571664392 0.0 0.0 0.0 0.0 0.0 0.0 285.0 281.20822226145333 0.0 0.0 6.2676821849966094E-30 3.773144675367935E-27 1.341761860668446E-29 1.0248728080573013E-25 2.8933681066948295E-23 
299.000747089197 0.0 0.0 0.0 0.0 0.0 0.0 285.0 282.26097841019396 0.0 0.0 1.0428178345716688E-31 6.277763364121412E-29 2.224098917066139E-31 5.299170499877125E-27 1.504697321919186E-24 
300.00074245074256 0.0 0.0 0.0 0.0 0.0 0.0 285.0 282.5179178079862 0.0 0.0 4.026662573342633E-46 2.424050869152268E-43 8.580166836709375E-46 4.7796958873679134E-27 1.331513167643719E-24 
#####################################################################
# End of data export. Simulation finished at: 2021-12-09T08:54+0000 #
#####################################################################
