#####################################################################
# Alchemist log file - simulation started at: 2021-12-09T08:43+0000 #
#####################################################################
# random = 1.0
#
# The columns have the following meaning: 
# time localWarningInSystem[Min] localWarningInSystem[Max] localWarningInSystem[Mean] localWarningInSystem[Sum] meanWarningAtDetector[Sum] dataAtCollector[Sum] inSurveillanceArea[Sum] numDevicesAtDetector[Sum] localWarningInSurveillanceArea[Mean] localWarningInSurveillanceArea[Sum] sumWarningAtDetector[Mean] sumWarningAtDetector[Sum] meanWarningOverallAtDetector[Sum] meanWarningAtCollector[Sum] sumWarningAtCollector[Sum] 
0.0 0.0 0.0 0.0 0.0 0.0 0.0 0.0 0.0 0.0 0.0 0.0 0.0 0.0 0.0 0.0 
1.0021882032847353 0.0 0.0 0.0 0.0 0.0 0.0 66.0 1.0 0.0 0.0 0.0 0.0 0.0 0.0 0.0 
2.0 0.0 0.0 0.0 0.0 0.0 0.0 249.0 9.494242909035025 0.0 0.0 0.0 0.0 0.0 0.0 0.0 
3.000247021359652 0.0 0.0 0.0 0.0 0.0 0.0 273.0 34.025164562943765 0.0 0.0 0.0 0.0 0.0 0.0 0.0 
4.00027294571293 0.0 0.0 0.0 0.0 0.0 0.0 279.0 84.80928453491995 0.0 0.0 0.0 0.0 0.0 0.0 0.0 
5.000052755993226 0.0 0.0 0.0 0.0 0.0 0.0 279.0 148.20860979114417 0.0 0.0 0.0 0.0 0.0 0.0 0.0 
6.000661501042082 0.0 0.0 0.0 0.0 0.0 0.0 279.0 221.66460450652423 0.0 0.0 0.0 0.0 0.0 0.0 0.0 
7.00035708731831 0.0 0.0 0.0 0.0 0.0 0.0 280.0 222.20714636721686 0.0 0.0 0.0 0.0 0.0 0.0 0.0 
8.000012965493262 0.0 0.0 0.0 0.0 0.0 0.0 281.0 269.8368599115823 0.0 0.0 0.0 0.0 0.0 0.0 0.0 
9.000045810933464 0.0 0.0 0.0 0.0 0.0 0.0 279.0 239.43803145195508 0.0 0.0 0.0 0.0 0.0 0.0 0.0 
10.000435101191595 0.0 0.0 0.0 0.0 0.0 0.0 279.0 273.2738800146314 0.0 0.0 0.0 0.0 0.0 0.0 0.0 
11.000264710293486 0.0 0.0 0.0 0.0 0.0 0.0 279.0 276.01003701076434 0.0 0.0 0.0 0.0 0.0 0.0 0.0 
12.00052589602823 0.0 0.0 0.0 0.0 0.0 0.0 279.0 241.36953932742827 0.0 0.0 0.0 0.0 0.0 0.0 0.0 
13.000018810657533 0.0 0.0 0.0 0.0 0.0 0.0 278.0 264.6887299762578 0.0 0.0 0.0 0.0 0.0 0.0 0.0 
14.00001157921777 0.0 0.0 0.0 0.0 0.0 0.0 279.0 251.13809087555686 0.0 0.0 0.0 0.0 0.0 0.0 0.0 
15.000542554951357 0.0 0.0 0.0 0.0 0.0 0.0 278.0 260.066488518964 0.0 0.0 0.0 0.0 0.0 0.0 0.0 
16.000579467967352 0.0 0.0 0.0 0.0 0.0 0.0 278.0 259.66656195044783 0.0 0.0 0.0 0.0 0.0 0.0 0.0 
17.000525791693477 0.0 0.0 0.0 0.0 0.0 0.0 278.0 273.0850227069369 0.0 0.0 0.0 0.0 0.0 0.0 0.0 
18.000989272897392 0.0 0.0 0.0 0.0 0.0 0.0 278.0 275.01727626742183 0.0 0.0 0.0 0.0 0.0 0.0 0.0 
19.00039087421245 0.0 0.0 0.0 0.0 0.0 0.0 278.0 274.4105570096875 0.0 0.0 0.0 0.0 0.0 0.0 0.0 
20.000644201125507 0.0 0.0 0.0 0.0 0.0 0.0 279.0 269.68475120872205 0.0 0.0 0.0 0.0 0.0 0.0 0.0 
21.00045922248462 0.0 0.0 0.0 0.0 0.0 0.0 279.0 271.3050160931669 0.0 0.0 0.0 0.0 0.0 0.0 0.0 
22.00049968181539 0.0 0.0 0.0 0.0 0.0 0.0 279.0 264.8983671474236 0.0 0.0 0.0 0.0 0.0 0.0 0.0 
23.00003065680971 0.0 0.0 0.0 0.0 0.0 0.0 279.0 268.9696579753997 0.0 0.0 0.0 0.0 0.0 0.0 0.0 
24.000192105942606 0.0 0.0 0.0 0.0 0.0 0.0 279.0 271.5107282170186 0.0 0.0 0.0 0.0 0.0 0.0 0.0 
25.000002862991636 0.0 0.0 0.0 0.0 0.0 0.0 279.0 275.53321678493614 0.0 0.0 0.0 0.0 0.0 0.0 0.0 
26.000018722856687 0.0 0.0 0.0 0.0 0.0 0.0 280.0 274.77477338862644 0.0 0.0 0.0 0.0 0.0 0.0 0.0 
27.00092909781677 0.0 0.0 0.0 0.0 0.0 0.0 280.0 274.99479898488636 0.0 0.0 0.0 0.0 0.0 0.0 0.0 
28.000649403691114 0.0 0.0 0.0 0.0 0.0 0.0 280.0 276.36928726203325 0.0 0.0 0.0 0.0 0.0 0.0 0.0 
29.000837834905678 0.0 0.0 0.0 0.0 0.0 0.0 280.0 277.1271066122494 0.0 0.0 0.0 0.0 0.0 0.0 0.0 
30.000029357014625 0.0 0.0 0.0 0.0 0.0 0.0 280.0 273.828353096038 0.0 0.0 0.0 0.0 0.0 0.0 0.0 
31.00014513705788 3.7069674931520353E-96 48.910653104381105 1.0014198575114466 602.8547542218912 0.0 0.0 280.0 276.1773236779353 2.152090696753047 602.5853950908532 0.0034247831860129176 2.0617194779797936 0.00746520188740793 0.0 0.0 
32.000212963395796 3.4647935315945635E-96 48.74572249352743 1.0011450816456104 602.6893391506572 0.0 0.0 280.0 276.20487199524064 2.151504149084961 602.4211617437887 0.08079275040913193 48.637235746297186 0.17609115796891253 0.0 0.0 
33.00003207946787 5.19581266239419E-96 48.57352167730379 1.0038592678266836 604.3232792316634 0.0 0.0 282.0 270.5650795221636 2.1421824158391662 604.0954412666445 0.3677069203050305 221.35956602363052 0.8181379741042955 0.0 0.0 
34.000752717374766 4.856643145487282E-96 48.43474605563501 1.0030086372011626 603.8111995950999 0.0 0.0 283.0 274.93572107821734 2.132825010614422 603.5894780038814 0.7279507813554947 438.22637037601004 1.593923003738527 0.0 0.0 
35.00062802966509 4.6646562997811075E-96 48.282953124611794 1.006619372889443 605.9848624794441 0.0 0.0 284.0 269.76185303842396 2.1333888295675534 605.8824275971849 0.9109616452142192 548.3989104189627 2.032900145970048 0.0 0.0 
36.00009255816037 4.571451739738596E-96 48.37343421621635 1.0092099396475294 607.5443836678123 0.0 0.0 283.0 276.829298208624 2.146069796844893 607.3377525071044 0.9848526294815309 592.8812829478885 2.141685460261802 0.0 0.0 
37.000200708329 5.597466894301323E-96 48.18032695138349 1.00876049847368 607.2738200811546 0.0 0.0 283.0 244.3017951567519 2.145120149382405 607.0690022752204 0.877942006139826 528.5210876961805 2.1633942041116168 0.0 0.0 
38.000447726170314 5.232194674116031E-96 48.213797131987384 1.0092960408098715 607.5962165675428 0.0 0.0 283.0 251.961261288795 2.1462699135014223 607.3943855209027 0.8919415136246956 536.9487912020604 2.131076771308174 0.8181379741042955 221.35956602363052 
39.000348129746854 8.974492414874334E-96 48.02612951292008 1.0063725413518414 605.836269893809 0.0 0.0 282.0 279.3296113588218 2.147671568014901 605.6433821802024 0.9948124043163098 598.8770673984267 2.1439798827096777 1.593923003738527 438.22637037601004 
40.00019832277057 7.94905492319915E-96 47.73247072610665 1.0029111332590144 603.7525022219266 0.0 0.0 282.0 280.9687838555371 2.1403262068783047 603.5719903396817 1.0044762065394763 604.6946763367691 2.152177434229416 0.0 0.0 
41.00036773251382 1.2653953684977432E-95 47.770937374483104 1.0039103705711308 604.35404308382 0.0 0.0 281.0 277.94917543380535 2.150086099122014 604.1741938532854 0.9946609000022097 598.7858618013312 2.154299831495396 2.1633942041116168 528.5210876961805 
42.00009733492632 1.033144268295093E-95 47.68105344304029 1.0030554113365375 603.8393576245948 0.0 0.0 282.0 273.8141741163457 2.140980602104119 603.7565297933614 0.9809234812095602 590.5159356881558 2.1566302679321527 2.131076771308174 536.9487912020604 
43.00041694782902 9.029554621528011E-96 47.60376688348999 0.9974853845251385 600.4862014841333 0.0 0.0 282.0 264.9811468404673 2.1290966270298646 600.4052488224214 0.9476988877199181 570.5147304073903 2.1530389509215553 2.1439798827096777 598.8770673984267 
44.00056958163876 8.494790082719521E-96 46.937263660424286 0.9948144984640847 598.8783280753785 0.0 0.0 281.0 279.737502436386 2.1309538001206407 598.7980178338998 1.0026397790959034 603.5891470157324 2.1576983484829393 2.152177434229416 604.6946763367691 
45.000229321063784 8.494790082719521E-96 46.602859146071886 0.9951090277707141 599.0556347179697 0.0 0.0 281.0 270.0267589984881 2.131593254121946 598.9777044082666 0.9636753424771448 580.1325561712379 2.1484261719946285 2.154299831495396 598.7858618013312 
46.00000216018011 8.494790082719521E-96 46.400061432277816 0.9944121126516333 598.6360918162829 0.0 0.0 282.0 275.46635871088984 2.122560221410836 598.5619824378556 0.9912659415922899 596.7420968385592 2.1662975458460894 2.1566302679321527 590.5159356881558 
47.00038477092401 1.1256957447537626E-95 46.48262379748932 0.9976955449903703 600.6127180842024 0.0 0.0 283.0 277.2710527320719 2.122052864108436 600.540960542687 0.9903056458468459 596.163998799802 2.150112653035864 2.1530389509215553 570.5147304073903 
48.000267691276406 1.490534257382455E-95 46.52318466128258 0.998465142010698 601.0760154904399 0.0 0.0 281.0 259.3341944514535 2.1388035750816616 601.0038045979466 0.9254514916382666 557.1217979662396 2.148277434623188 2.1576983484829393 603.5891470157324 
49.000094826977175 1.6364587651950947E-95 46.30272354381202 0.9983854826213479 601.0280605380511 0.0 0.0 282.0 277.7019134863376 2.1310550759003504 600.9575314038989 0.9996046736833248 601.7620135573598 2.166935063581999 2.1484261719946285 580.1325561712379 
50.00012741987688 1.4170919367134914E-95 46.11788257807692 0.9966044222775989 599.9558622111149 0.0 0.0 280.0 277.75923055932645 2.1424478901619284 599.8854092453404 0.9975324503547297 600.5145351135404 2.161996682897913 2.1484261719946285 580.1325561712379 
51.000248229313094 1.3177617029329827E-95 46.16479293405364 0.9939925578111798 598.3835198023297 0.0 0.0 280.0 260.5264585400606 2.136835176933026 598.3138495412471 0.9246369980242042 556.6314728105691 2.1365640784810234 2.1662975458460894 596.7420968385592 
52.000062565971476 2.109008540523994E-95 46.12454453120084 0.9923162713666143 597.3743953627015 0.0 0.0 280.0 266.32534475150777 2.133243537846408 597.3081905969941 0.9464543877930236 569.7655414514023 2.1393590684469643 2.150112653035864 596.163998799802 
53.000107067760794 1.902646342200345E-95 46.16479293405364 0.9941631279100208 598.4862030018325 0.0 0.0 280.0 273.49332519779364 2.137232326594922 598.4250514465781 0.9764121768347717 587.8001304545351 2.149230260114871 2.148277434623188 557.1217979662396 
54.000024339746325 1.902646342200345E-95 45.87308497016651 0.9945082229816478 598.693950234952 0.0 0.0 280.0 274.25899653895704 2.137980859829868 598.6346407523627 0.9762786201634508 587.7197293383974 2.1429369200470876 2.166935063581999 601.7620135573598 
55.00009513468245 1.902646342200345E-95 45.95879469942194 0.9943229184723869 598.5823969203766 0.0 0.0 280.0 274.99617548744953 2.1375832766165273 598.5233174526275 0.9899360563542121 595.941505925226 2.1670901599590575 2.1365640784810234 556.6314728105691 
56.00005400752956 1.902646342200345E-95 45.95879469942194 0.9942575426378525 598.5430406679876 0.0 0.0 281.0 255.67716460419493 2.129973643593333 598.5225938497265 0.9270016004201855 558.05496345296 2.1826546939257003 2.1365640784810234 556.6314728105691 
57.00090635416178 1.902646342200345E-95 45.95879469942194 0.9915325587582525 596.9026003724679 0.0 0.0 281.0 272.75650512126873 2.1240034895506845 596.8449805637426 1.0037494044959627 604.2571415065686 2.2153720632177527 2.1365640784810234 556.6314728105691 
58.00040346303219 1.902646342200345E-95 45.72068325735549 0.9915865938372107 596.9351294900008 0.0 0.0 283.0 275.81847004334634 2.109244427746883 596.9161730523679 1.0124512228094773 609.4956361313033 2.209770926637066 2.1365640784810234 556.6314728105691 
59.000189399593424 1.6808714774246057E-95 45.210463842202415 0.9886752321392784 595.1824897478451 0.0 0.0 281.0 260.6547453945392 2.118019043327827 595.1633511751188 0.9549694618799951 574.8916160517573 2.205567426679973 2.1365640784810234 556.6314728105691 
60.00010118309605 1.3946763699746454E-95 44.54033698277086 0.9905349050644197 596.3020128487804 0.0 0.0 281.0 275.0813320057209 2.121891839042715 596.2516067710027 0.9930515942509539 597.817059739066 2.1732374762771367 2.1365640784810234 556.6314728105691 
61.00008803202352 1.3946763699746454E-95 44.59852484259878 0.9919306880887652 597.1422742294366 0.0 0.0 283.0 277.47115919055784 2.1099791150899643 597.1240895704599 0.9890073148082813 595.3824035145915 2.1457451839371275 2.1365640784810234 556.6314728105691 
62.00003039848992 1.2308796325414589E-95 43.78152366787547 0.9894963168056506 595.6767827170016 0.0 0.0 283.0 251.3356202571124 2.1048048657929717 595.6597770194111 0.9164097572002735 551.6786738345616 2.1949880135183504 2.1365640784810234 556.6314728105691 
63.000254756551456 1.2308796325414589E-95 43.1383285018953 0.9890726051579539 595.4217083050885 0.0 0.0 284.0 274.64394592778063 2.096496914098486 595.4051236039699 0.991095279640298 596.6393583434605 2.172410377836439 2.209770926637066 609.4956361313033 
64.00018963733825 1.2568128875237211E-95 42.94893682386778 0.9891244645299485 595.4529276470288 0.0 0.0 284.0 264.3401221447039 2.0966085963538594 595.4368413644959 0.9469721885972953 570.0772575355782 2.156605107504297 2.1365640784810234 556.6314728105691 
65.00037809352735 1.2568128875237211E-95 42.99692325730657 0.9913285154392365 596.7797662944201 0.0 0.0 284.0 279.98167452115797 2.101282500586615 596.7642301665983 0.9936655580358246 598.1866659375667 2.1365207810854856 2.205567426679973 574.8916160517573 
66.0003260711901 1.2568128875237211E-95 42.99692325730657 0.9920771838926099 597.2304647033513 0.0 0.0 284.0 253.72503717974814 2.10287129434884 597.2154475950705 0.914420883905975 550.481372111406 2.1695981533009876 2.205567426679973 574.8916160517573 
67.00041372374515 1.2568128875237211E-95 42.60127219408672 0.9943394735866892 598.5923630991874 0.0 0.0 283.0 262.52954327387374 2.1151132724501425 598.5770561033905 0.9592553753662398 577.4717359704745 2.199644766715072 2.1949880135183504 551.6786738345616 
68.00028448292022 1.0858854410462381E-95 42.39350759044227 0.9944822714577947 598.6783274175921 0.0 0.0 284.0 274.9791088063409 2.1079699802551453 598.6634743924616 0.9929201365681012 597.7379222139998 2.173757580380289 2.1949880135183504 551.6786738345616 
69.00025823420658 1.1088377508938541E-95 42.39350759044227 0.9960077786859568 599.5966827689462 0.0 0.0 283.0 266.86741301737516 2.1186643240519825 599.5820037067112 0.9567725098342087 575.9770509201903 2.1582891834106763 2.1949880135183504 551.6786738345616 
70.00048327741989 9.376935876390846E-96 42.44606098301097 0.994383912051893 598.6191150552393 0.0 0.0 283.0 278.1932013251124 2.1152107707828933 598.6046481315587 0.988819119254186 595.2691097910215 2.1397687181267817 2.1949880135183504 551.6786738345616 
71.00018587363455 1.1468869643407173E-95 42.124225612955314 0.9925378004831589 597.5077558908612 0.0 0.0 282.0 279.16724425108765 2.118772078450176 597.4937261229493 0.9968862236406144 600.1255066316475 2.1496988596981836 2.1949880135183504 551.6786738345616 
72.00007500975644 1.582941171814407E-95 42.124225612955314 0.9937686916171456 598.2487523535218 0.0 0.0 281.0 279.26718862609346 2.128950755437626 598.2351622779728 0.9893054619646334 595.5618881027103 2.1325881176112635 2.1949880135183504 551.6786738345616 
73.00181161878763 1.6166511849407738E-95 41.994076011335856 0.9961687846312465 599.6936083480105 0.0 0.0 282.0 278.8098437849274 2.126526650042107 599.6805153118743 0.9762818892583842 587.7216973335451 2.1079660938618465 2.199644766715072 577.4717359704745 
74.00006484270357 1.8485495126962736E-95 41.9229796339551 0.9975558324073864 600.5286111092469 0.0 0.0 281.0 278.58834469307175 2.137066131386871 600.5155829197112 0.9815624141755682 590.9005733336836 2.121052745349755 2.199644766715072 577.4717359704745 
75.0001938778565 1.8485495126962736E-95 41.822485124493895 0.999089793919799 601.452055939719 0.0 0.0 282.0 280.4773518115061 2.1327638640466047 601.4394096611422 0.9868055404592863 594.0569353564869 2.1180210506113197 2.199644766715072 577.4717359704745 
76.00010733361535 3.3772145911086395E-95 41.84037968137147 1.0006920277809026 602.4166007241029 0.0 0.0 282.0 278.76404334840885 2.1361853651339886 602.4042729677849 0.9756534166687341 587.3433568345808 2.1069552219849927 2.199644766715072 577.4717359704745 
77.00010338057498 2.954137824523889E-95 41.70554595739626 0.9998933216671156 601.935779643604 0.0 0.0 283.0 279.30406193790685 2.1269392986530566 601.9238215188152 0.9899792546118087 595.9675112763084 2.1337588402448664 2.1079660938618465 587.7216973335451 
78.0005515286301 2.954137824523889E-95 41.72617213167439 1.0011982660257412 602.7213561474957 0.0 0.0 283.0 256.614869348207 2.1297168791113386 602.7098767885085 0.9182887714428477 552.8098404085961 2.1542393151757504 2.1079660938618465 587.7216973335451 
79.00012298794991 3.1586180868543275E-95 41.64095243408534 1.0027114088579065 603.6322681324596 0.0 0.0 283.0 253.93477541839772 2.1329380712566532 603.6214741656327 0.9080929048335604 546.671928709801 2.152804505838448 2.121052745349755 590.9005733336836 
80.00063191898883 2.8321928902773075E-95 42.06412449548323 1.0009523155210012 602.5732939436431 0.0 0.0 283.0 275.985222922552 2.1291966515836274 602.5626523981665 0.9833170817216412 591.9568831964276 2.1448861534247605 2.199644766715072 577.4717359704745 
81.00045029230655 2.8321928902773075E-95 42.393507590590374 1.0011651008323934 602.7013907011011 0.0 0.0 283.0 280.54600756213233 2.1296513059196776 602.6913195752686 1.0045725119865625 604.7526522159118 2.155627369182852 2.199644766715072 577.4717359704745 
82.00010256704054 3.2494463164132265E-95 42.23834936013235 0.9993258830045435 601.5941815687353 0.0 0.0 283.0 281.15021665541684 2.1257388951301484 601.584107321832 1.010031696450719 608.0390812633303 2.1626840217183787 2.1337588402448664 595.9675112763084 
83.00058280936497 2.9859168136350498E-95 42.053142519170464 0.9999445821145245 601.9666384329432 0.0 0.0 283.0 279.6438351921295 2.127055977853329 601.9568417324916 1.0000572744414407 602.0344792137457 2.1528616169926207 2.1337588402448664 595.9675112763084 
84.00040227963342 3.4246759014107784E-95 42.15044439834747 1.0015239942804317 602.9174445568201 0.0 0.0 284.0 265.5065815285951 2.122914344624341 602.9076738733129 0.9482211928948733 570.8291581227058 2.1499623656644737 2.152804505838448 546.671928709801 
85.00028390335804 4.502383125258667E-95 42.504110258018706 1.0011696534368575 602.7041313689886 0.0 0.0 283.0 276.5765812231807 2.1296641813912807 602.6949633337323 0.9888076126656606 595.2621828247285 2.1522508528818194 2.1448861534247605 591.9568831964276 
86.00093968148137 4.3148013413371226E-95 43.15295007986786 1.0053534814730622 605.2227958467837 0.0 0.0 283.0 245.22903781372557 2.1385645870689465 605.2137781405121 0.8787021291594317 528.9786817539756 2.1570801177134027 2.155627369182852 604.7526522159118 
87.00012876322944 5.271955120479812E-95 43.32590756447037 1.0081422760924355 606.9016502076462 0.0 0.0 283.0 278.0278617238787 2.1444442646719972 606.8777269021753 0.9989790865014083 601.3854100738449 2.163040086504375 2.1626840217183787 608.0390812633303 
88.00028463379894 6.322625934257533E-95 43.32590756447037 1.0069390446793316 606.1773048969578 0.0 0.0 283.0 266.3301926004677 2.1418905760859137 606.1550330323136 0.9525748815439464 573.4500786894484 2.1531545976452744 2.1448861534247605 591.9568831964276 
89.00025596856803 5.682146476857203E-95 43.46187497923148 1.0083155932005425 607.0059871067266 0.0 0.0 283.0 279.07508600761645 2.1448212850291135 606.9844236632392 0.9985633865695788 601.1351587148845 2.1540266002049298 2.1499623656644737 570.8291581227058 
90.00010038103046 5.105129041827047E-95 43.46187497923148 1.007041283454356 606.2388526395223 0.0 0.0 283.0 280.6696877026176 2.1421142848716057 606.2183426186645 1.0084197990557997 607.0687190315878 2.1629293993258187 2.1522508528818194 595.2621828247285 
91.0001010698604 8.703001368156083E-95 43.35118838343641 1.0081185784430255 606.8873842227015 0.0 0.0 283.0 280.92760020353256 2.1444067636176567 606.8671141037969 1.006427016689401 605.8690640470136 2.1566733336562884 2.1570801177134027 528.9786817539756 
92.00115222464908 7.019331257931545E-95 43.35118838343641 1.0076933297478936 606.6313845082319 0.0 0.0 283.0 254.62888048019963 2.143508581502242 606.6129285651342 0.9122414586576226 549.1693581118842 2.156744188154213 2.1531545976452744 573.4500786894484 
93.00036712773573 1.4599136681831163E-94 43.27514972859298 1.0073194353570611 606.4063000849508 0.0 0.0 283.0 253.55274212691833 2.1427182035998107 606.3892516187462 0.8998527268994724 541.7113415934854 2.1364838615009987 2.1531545976452744 573.4500786894484 
94.00044712333577 1.747212650292434E-94 43.35118838343641 1.0050488462183627 605.0394054234548 0.0 0.0 283.0 280.4948084047994 2.1378915659912354 605.02331317552 1.004044961449871 604.4350667928232 2.154888606424849 2.1540266002049298 601.1351587148845 
95.00013836139586 1.634847494874698E-94 43.157745118372254 0.9992537434387031 601.5507535500993 0.0 0.0 283.0 276.0623785183067 2.1255650202384335 601.5349007274768 0.9872862327563685 594.3463121193348 2.1529420825442958 2.1629293993258187 607.0687190315878 
96.00045093902776 1.634847494874698E-94 43.157745118372254 1.0019250593491482 603.1588857281873 0.0 0.0 283.0 274.8052664762147 2.1312503080866176 603.1438371885131 0.9825691467285635 591.5066263305957 2.152457388882657 2.1566733336562884 605.8690640470136 
97.00033316670091 2.1326636683375868E-94 43.553724744706855 1.003817824606094 604.2983304128693 0.0 0.0 283.0 270.6692168859016 2.135278144924001 604.2837150134927 0.96144481413458 578.7897781090203 2.1383657320477796 2.156744188154213 549.1693581118842 
98.00082182189543 1.7550928245181354E-94 43.64479872514507 1.0065422650742524 605.9384435746995 0.0 0.0 283.0 279.287698930938 2.141076072777128 605.9245285959271 1.0035666018548635 604.1470943166232 2.1631711551535826 2.1364838615009987 541.7113415934854 
99.00000957352978 1.5744135568124221E-94 43.66517105111647 1.0043102661988415 604.5947802517028 0.0 0.0 283.0 278.42609866920213 2.1363286414075104 604.5810055183252 1.0050138337223027 605.0183279008285 2.1729943090559565 2.1531545976452744 573.4500786894484 
100.00053100473548 1.5744135568124221E-94 43.602386902246515 1.0065455789010076 605.9404384984064 0.0 0.0 283.0 279.09734328291046 2.141085895050239 605.9273082992174 1.0131846107097284 609.9371356472573 2.1853921233101348 2.1529420825442958 594.3463121193348 
101.00027134774936 2.0534623145304278E-94 43.62225473669882 1.0092118701318988 607.5455458194032 0.0 0.0 283.0 257.47611598827694 2.1467585351762093 607.5326654548675 0.9257951519414059 557.3286814687215 2.1645840016248226 2.152457388882657 591.5066263305957 
102.00102309526257 2.5058900205494865E-94 43.401070927168206 1.0113468351737185 608.8307947745786 0.0 0.0 283.0 278.89282400163466 2.1513017377505097 608.8183917833942 1.0085479037599911 607.1458380635199 2.176986232029983 2.1383657320477796 578.7897781090203 
103.00059877744965 2.347444529937731E-94 43.490859222804865 1.0115386253995033 608.946252490501 0.0 0.0 283.0 267.40700231025414 2.1517107084479523 608.9341304907705 0.9663333188571231 581.7326579519914 2.175457833662286 2.1631711551535826 604.1470943166232 
104.0002465443802 2.3991407098483696E-94 43.58083327311271 1.0111120001485883 608.6894240894499 0.0 0.0 283.0 270.0190693339826 2.150805838148861 608.6780521961273 0.98241219571686 591.4121418215466 2.190260648184213 2.1631711551535826 604.1470943166232 
105.00011025732186 3.5717082011464237E-94 43.628071425086254 1.0096680096338566 607.8201417995816 0.0 0.0 283.0 275.58913181637814 2.1477354561507216 607.8091340906542 1.0065241730228212 605.9275521597451 2.1986627272495913 2.1729943090559565 605.0183279008285 
106.00049803793146 4.663240700876453E-94 43.18748625243729 1.0109699170726487 608.6038900777347 0.0 0.0 283.0 277.1969086078052 2.150505669615649 608.5931045012289 1.0132168696153265 609.9565555084323 2.2004450142387246 2.1729943090559565 605.0183279008285 
107.00022705558946 4.0895869272215097E-94 43.18748625243729 1.0108359614378446 608.5232487855827 0.0 0.0 283.0 276.35361228197786 2.150222033226425 608.5128354030782 1.0125855913740076 609.5765260071463 2.2057845416732382 2.1729943090559565 605.0183279008285 
108.00051626758801 3.7460825323140886E-94 43.18748625243729 1.0094278734834108 607.6755798370135 0.0 0.0 284.0 261.32844531479464 2.13968848339127 607.6715292831204 0.9438424874721326 568.1931774582217 2.1742492547023717 2.1729943090559565 605.0183279008285 
109.0000195377843 6.083482444204492E-94 43.212446232319685 1.009342648779839 607.6242745654632 0.0 0.0 284.0 277.8433013640996 2.1395077398076765 607.62019810538 1.0048889591883794 604.9431534314016 2.177281764438345 2.1729943090559565 605.0183279008285 
110.00069723083975 5.694018235170564E-94 43.09736655022539 1.0110882038785696 608.6750987348992 0.0 0.0 284.0 280.24221491007245 2.1432079873570413 608.6710684093998 1.008502992175283 607.1188012895237 2.1664073754353654 2.1729943090559565 605.0183279008285 
111.00035522357615 6.501824683336715E-94 43.11077670543991 1.01424919301855 610.5780141971672 0.0 0.0 284.0 278.9809575332541 2.1499089344314077 610.5741373785198 1.0078393680887168 606.7192995894069 2.174769579092461 2.1729943090559565 605.0183279008285 
112.00037064410009 1.0323947445038125E-93 43.277073110996675 1.0132747737631538 609.9914138054188 0.0 0.0 284.0 263.0627065310185 2.147843974467989 609.9876887489089 0.9419990658909491 567.0834376663562 2.1556968113969046 2.1729943090559565 605.0183279008285 
113.00020008326538 1.34454931632449E-93 43.277073110996675 1.0145925324372123 610.7847045272019 0.0 0.0 284.0 276.8720155489312 2.150637722100395 610.7811130765127 1.0050280656697166 605.0268955331713 2.1852222743914176 2.1729943090559565 605.0183279008285 
114.00068317172219 1.34454931632449E-93 43.277073110996675 1.0127962913059274 609.7033673661685 0.0 0.0 284.0 279.0662694356401 2.14683064072419 609.6999019656702 1.0123535426371033 609.4368326675332 2.1838426904835413 2.1729943090559565 605.0183279008285 
115.0005312296331 1.6758770728788986E-93 43.43966680777722 1.013060943525403 609.8626880022924 0.0 0.0 284.0 277.49398145506467 2.147391902518363 609.8593003152149 1.0134297136423982 610.0846876127193 2.1985510619498316 2.177281764438345 604.9431534314016 
116.00054121590608 1.4054987325124714E-93 43.04448503125136 1.0133530448807964 610.0385330182394 0.0 0.0 284.0 276.16936064667885 2.148011112896358 610.0351560625658 1.0119277766901495 609.1805215674696 2.2058222539278467 2.1664073754353654 607.1188012895237 
117.00176426670966 1.4687540137458222E-93 43.04448503125136 1.0142355062834585 610.5697747826424 0.0 0.0 284.0 277.8115126726459 2.1498823493045034 610.5665872024792 1.004126498057706 604.4841518307409 2.1758786956501104 2.174769579092461 606.7192995894069 
118.00037044177112 1.6758956939693841E-93 42.568860228544075 1.0102835637945191 608.1907054042997 0.0 0.0 284.0 279.26473764871736 2.1415060359742775 608.1877142166944 1.0126939718104009 609.6417710298623 2.1830245241943897 2.1556968113969046 567.0834376663562 
119.00000753649708 1.4363074406561365E-93 42.568860228544075 1.0127393269015665 609.6690747947431 0.0 0.0 284.0 280.3340253416026 2.1467119085801687 609.6661820367677 1.0123141165739904 609.4130981775384 2.1738820231862137 2.1556968113969046 567.0834376663562 
120.00072693367977 1.8681379936856517E-93 42.568860228544075 1.0148985793478478 610.9689447674037 0.0 0.0 284.0 278.27448101830817 2.1512891697698135 610.9661242146268 1.0045522552167996 604.7404576405193 2.1731797160399062 2.1852222743914176 605.0268955331713 
121.00054467222785 1.749006242313485E-93 42.568860228544075 1.016451246467136 611.9036503732158 0.0 0.0 284.0 275.1777390131573 2.1545806981458964 611.9009182734345 0.9909032860083892 596.5237781770495 2.1677762900309587 2.1852222743914176 605.0268955331713 
122.00057991926909 1.8281681081028582E-93 42.568860228544075 1.0189937473826658 613.4342359243647 0.0 0.0 284.0 271.0561787456805 2.159970375547465 613.4315866554801 0.9687790431274113 583.2049839626928 2.151601880693106 2.1852222743914176 605.0268955331713 
123.0002429152593 1.8281681081028582E-93 42.62115742721802 1.01669309904277 612.0492456237471 0.0 0.0 284.0 278.97773775743354 2.155094259808911 612.0467697857304 1.006737811884846 606.0561627546798 2.172417654636068 2.2058222539278467 609.1805215674696 
124.00007883544339 1.8281681081028582E-93 42.62968251107056 1.0202317777183303 614.1795301864348 0.0 0.0 284.0 258.20685191488633 2.1625957812060594 614.1772018625203 0.9250779671919014 556.8969362495232 2.1567860500971334 2.1852222743914176 605.0268955331713 
125.00030243579121 1.8281681081028582E-93 42.62968251107056 1.0206982710932595 614.4603591981422 0.0 0.0 284.0 279.98159573187866 2.163584864458761 614.4581015062879 1.0020273829702129 603.220484548069 2.154500487688257 2.1852222743914176 605.0268955331713 
126.00000283697968 2.7142466328911586E-93 42.4460609831802 1.022299069619679 615.4240399110466 0.0 0.0 283.0 280.7408023761963 2.174623398871174 615.4184218805422 1.0074986971590516 606.5142156897476 2.1604063625814205 2.1852222743914176 605.0268955331713 
127.00061880226654 2.7142466328911586E-93 42.41353147433078 1.0205940816074475 614.3976371276832 0.0 0.0 283.0 278.6374541178286 2.170996496998127 614.3920086504697 1.0110012769486079 608.622768723061 2.1842819754794705 2.1852222743914176 605.0268955331713 
128.00029002515052 2.5412994450712795E-93 42.75966397145588 1.0225455502898368 615.5724212744814 0.0 0.0 283.0 234.06848029328617 2.175148878819935 615.5671327060415 0.8462991974382308 509.4721168578106 2.1765942865072887 2.1852222743914176 605.0268955331713 
129.00000473349257 4.0281790759618636E-93 42.94822101424311 1.0226440542569364 615.6317206626752 0.0 0.0 283.0 280.4639054414199 2.1753585840712115 615.6264792921528 1.014497099433839 610.7272538591734 2.17756096955847 2.1852222743914176 605.0268955331713 
130.00000338982096 3.6058748991944964E-93 42.870031073000874 1.0233893445172673 616.0803853993948 0.0 0.0 284.0 278.7024314704607 2.1692898082975773 616.0783055565116 1.0088977218514696 607.3564285545868 2.179229026995266 2.1852222743914176 605.0268955331713 
131.00014443615808 4.392130565288372E-93 42.93557701070611 1.023107375282611 615.9106399201312 0.0 0.0 283.0 270.8875751929454 2.176346102906146 615.9059471224388 0.9812420413557847 590.7077088961796 2.1806378844634553 2.1852222743914176 605.0268955331713 
132.00017093302284 3.847764035482067E-93 42.86836393746128 1.0236682702560864 616.2482986941639 0.0 0.0 284.0 239.00455128607743 2.1698812870415565 616.246285519802 0.8706360149149852 524.1228809788163 2.1929410053428873 2.1852222743914176 605.0268955331713 
133.0005732852924 4.022454182321873E-93 42.86836393746128 1.026112562682848 617.7197627350738 0.0 0.0 283.0 278.4713518611775 2.18273925412726 617.7152089180144 1.0057217090064263 605.4444688218649 2.1741714714111375 2.1852222743914176 605.0268955331713 
134.00139391552426 4.295771205875044E-93 42.99501232558102 1.0283967290374194 619.0948308805265 0.0 0.0 283.0 270.6318579017566 2.1875991248261477 619.0905523258001 0.9768576895579034 588.0683291138554 2.172945689665749 0.0 0.0 
135.00010612444612 6.371475646231768E-93 43.11772289018327 1.0307536241904758 620.513681762667 0.0 0.0 283.0 279.34831822915817 2.1926128789738297 620.5094447495941 1.0099938897848464 608.0163216504814 2.1765526476221937 0.0 0.0 
136.00092480277763 8.846532221014808E-93 43.077259137734515 1.0331953706016939 621.9836131022198 0.0 0.0 285.0 246.48419633049642 2.182392496854054 621.9818616034056 0.8947505982915731 538.639860171529 2.1852916665265547 0.0 0.0 
137.00000519359014 6.9259521886177826E-93 42.529384101219705 1.03283837917873 621.7687042655955 0.0 0.0 285.0 279.15788793833747 2.1816387153739307 621.7670338815705 1.0309709377060372 620.6445044990271 2.2232741087227303 0.0 0.0 
138.00022545414214 1.3340854558764329E-92 42.031187166821496 1.0343038105106621 622.6508939274188 0.0 0.0 284.0 225.78313578491628 2.1924194835190387 622.6471333194069 0.8406820112178666 506.0905707531507 2.2414896887394575 0.0 0.0 
139.000192794594 2.1095481615326017E-92 42.10340267184978 1.0353353423115708 623.2718760715651 0.0 0.0 284.0 268.71089724456175 2.1946065294850703 623.2682543737599 0.9978425358243859 600.7012065662839 2.2354925413373463 0.0 0.0 
140.00062616093874 2.1095481615326017E-92 41.855258905975575 1.0377786014653898 624.742718082165 0.0 0.0 284.0 280.16487003546615 2.199786169689832 624.7392721919123 1.0307308848546894 620.4999926825249 2.2147672997116863 0.0 0.0 
141.00013342276878 2.1095481615326017E-92 42.004342484345955 1.0412807777868007 626.8510282276541 0.0 0.0 284.0 283.0557496230599 2.2072100842672033 626.8476639318858 1.0327090919920137 621.6908733791988 2.1963548672199487 0.0 0.0 
142.00004431217343 1.8448668676925833E-92 42.004342484345955 1.0414708247787208 626.9654365167896 0.0 0.0 283.0 282.79212490379837 2.2154138938049432 626.9621319467988 1.0299406212615858 620.0242539994748 2.1925089116622245 0.0 0.0 
143.0000740636056 2.5583930298251327E-92 42.180897381315816 1.0420456568885026 627.3114854468784 0.0 0.0 284.0 282.629643993583 2.2088330131352696 627.3085757304164 1.036749950135778 624.1234699817422 2.2082732057501824 0.0 0.0 
144.00087780939896 2.5583930298251327E-92 42.28154841489519 1.042530771011834 627.603524149124 0.0 0.0 283.0 254.0432415733065 2.217670133857358 627.6006478816321 0.9253042018578603 557.0331295184305 2.192670531476011 0.0 0.0 
145.0003628124288 2.3921582820951563E-92 42.40952594097163 1.0452094871687558 629.2161112755908 0.0 0.0 283.0 260.5248840804732 2.2233684102746394 629.2132601077225 0.9498314032687202 571.7985047677688 2.194794200891561 0.0 0.0 
146.00017891897292 2.240779470347301E-92 42.18324082962781 1.049222666081148 631.6320449808508 0.0 0.0 283.0 280.77114558263906 2.231905428529771 631.6292362739248 1.03796993663123 624.8579018520093 2.2255061165752714 0.0 0.0 
147.00000572246321 2.7770225780820356E-92 41.84665620907844 1.0515899977832297 633.057178665504 0.0 0.0 283.0 279.01936033172694 2.2369415244286452 633.0544514133063 1.0465410806115787 630.0177305281733 2.2579713815526756 0.0 0.0 
148.0002163558791 2.7770225780820356E-92 41.2080702298437 1.0491801138022743 631.606428508969 0.0 0.0 283.0 278.9277510549376 2.231815296967513 631.6037290418057 1.0569601682472214 636.2900212848238 2.28120012755382 0.0 0.0 
149.00001034155477 2.5381203393237594E-92 41.2080702298437 1.052708284717297 633.7303873998129 0.0 0.0 283.0 277.89536358855275 2.2393213253417787 633.7279350717233 1.048935086886326 631.4589223055698 2.2722902395755598 0.0 0.0 
150.0004856682944 2.8922825654806184E-92 41.28896312809049 1.0561084056757333 635.7772602167911 0.0 0.0 283.0 278.18532695240276 2.2465542593204666 635.774855387692 1.044875052791642 629.0147817805656 2.2611357280112383 0.0 0.0 
151.00034503648465 3.431590249049881E-92 41.28896312809049 1.056867406847063 636.2341789219317 0.0 0.0 283.0 281.02051668922485 2.2481689300547294 636.2318072054884 1.0564159792091028 635.9624194838826 2.263046225152241 0.0 0.0 
152.00019594953693 5.075155255027094E-92 41.3422143239714 1.061429251193925 638.9804092187433 0.0 0.0 283.0 278.77425533995194 2.2578733508920505 638.9781583024502 1.0550106452950572 635.116408467624 2.2782462738287284 0.0 0.0 
153.00021558340055 4.6368998417435475E-92 41.3422143239714 1.0596334185569776 637.8993179713003 0.0 0.0 282.0 280.82532683909557 2.2620467199595176 637.8971750285833 1.0604491833161542 638.3904083563224 2.2732650774126966 0.0 0.0 
154.00028094801374 4.6368998417435475E-92 41.05839113915007 1.0575730297044215 636.6589638820615 0.0 0.0 282.0 229.56922049065085 2.257648462024935 636.6568662910316 0.8683862042406456 522.7684949528617 2.277171538220871 2.2082732057501824 624.1234699817422 
155.00020119989247 7.808411584436192E-92 41.14973346219917 1.056520199890695 636.0251603341983 0.0 0.0 282.0 235.65849725989034 2.255401167803807 636.0231293206737 0.8910853008064167 536.433351085464 2.276316607815212 2.2082732057501824 624.1234699817422 
156.00039294058456 7.316236126661736E-92 41.22295360881421 1.0547533144687338 634.9614953101773 0.0 0.0 282.0 248.46297085191287 2.2516293835613017 634.9594861642871 0.9396710604569708 565.6819783950882 2.2767254873251996 2.2082732057501824 624.1234699817422 
157.00020987673534 7.316236126661736E-92 40.731234381365184 1.0505674419944286 632.441600080646 0.0 0.0 282.0 250.16788619391858 2.242693744657386 632.4396359933828 0.9602125869903642 578.0479773682027 2.310640211110577 2.2082732057501824 624.1234699817422 
158.00033685228485 8.333603914420632E-92 40.78897785536554 1.0525617519744805 633.6421746886369 0.0 0.0 282.0 279.62376463958503 2.246951463539565 633.640312718157 1.0722824758646647 645.5140504705251 2.3085092617308347 2.2082732057501824 624.1234699817422 
159.00023221086047 8.333603914420632E-92 40.77017394016032 1.05144118136513 632.9675911818082 0.0 0.0 282.0 255.55612670296622 2.2445597281846807 632.9658433480796 0.984143817913812 592.4545783841098 2.318295342896325 2.2082732057501824 624.1234699817422 
160.00056533610058 1.0810984190872515E-91 40.34320606442545 1.0547116018808749 634.936384332286 0.0 0.0 282.0 268.83390334721093 2.2515415189896064 634.9347083550684 1.0405083766230814 626.3860427270889 2.3300113375881892 2.2082732057501824 624.1234699817422 
161.00007038919682 1.4022337038683396E-91 40.34320606442545 1.057843830575168 636.8219860062503 0.0 0.0 282.0 280.5056593427244 2.2582280864071285 636.8203203668099 1.0798127484498075 650.0472745667772 2.3174123334622045 2.2082732057501824 624.1234699817422 
162.00032618531455 1.7040648205142777E-91 40.5148044731842 1.0586444671266702 637.3039692102553 0.0 0.0 282.0 258.58711620393086 2.25993787066726 637.302479528167 0.9977828926572113 600.6653013796408 2.3228740480091634 2.2082732057501824 624.1234699817422 
163.00021169185226 1.4921145063625706E-91 40.5148044731842 1.0610362258183867 638.7438079426688 0.0 0.0 282.0 268.5226068766594 2.2650437972002444 638.742350810469 1.040514380515162 626.3896570701244 2.33272596432763 2.2082732057501824 624.1234699817422 
164.0001701218524 1.5262626328332823E-91 39.822138662134975 1.0578990432507605 636.8552240369577 0.0 0.0 282.0 280.72381019478104 2.2583467320535235 636.8537784390941 1.081139247086728 650.8458267462078 2.3184560878345746 2.2767254873251996 565.6819783950882 
165.0004922567004 1.854667355413805E-91 39.99685328726138 1.0598421546075025 638.0249770737169 0.0 0.0 282.0 279.0170978494921 2.2624948542950487 638.0235489112035 1.0693280957351232 643.7355136325441 2.3071543593353163 2.310640211110577 578.0479773682027 
166.0006047632913 1.7380353338252218E-91 39.99685328726138 1.0609746493623269 638.7067389161206 0.0 0.0 282.0 260.0913042801489 2.2649126827489177 638.7053765351947 0.986919901184218 594.1257805129057 2.284296978544744 2.3085092617308347 645.5140504705251 
167.00075633586448 1.5171324749599567E-91 40.050885502728704 1.0616799330202038 639.1313196781626 0.0 0.0 283.0 277.9579072461575 2.258409849971083 639.1299875418168 1.051915239098642 633.2529739373877 2.2782333491113222 2.3085092617308347 645.5140504705251 
168.00005934803457 2.2397300758664232E-91 40.050885502728704 1.0600663504308716 638.1599429593851 0.0 0.0 283.0 275.27677763713206 2.2549777853932174 638.1587132662809 1.0484316054045149 631.1558264535184 2.2928044707262 2.3300113375881892 626.3860427270889 
169.0001928905827 2.0989997303336905E-91 40.10098041239434 1.0588503877633215 637.4279334335191 0.0 0.0 283.0 280.5363016611457 2.252391579610996 637.4268170299118 1.0683256927475975 643.1320670340617 2.2925092518361074 2.3300113375881892 626.3860427270889 
170.00001873188177 3.762602650672234E-91 40.0488830088371 1.0606472002890799 638.509614574026 0.0 0.0 283.0 280.464803243825 2.2562138246792993 638.5085123842413 1.0631448066676963 640.0131736139507 2.281973232333002 2.3228740480091634 600.6653013796408 
171.00013650654026 3.762602650672234E-91 39.993298169723325 1.060125526142379 638.1955667377125 0.0 0.0 283.0 281.5276456603428 2.255104119425546 638.1944657974296 1.0652008162178714 641.2508913631592 2.2777546050905957 2.33272596432763 626.3896570701244 
172.00076995409657 3.3051725811774603E-91 40.24538052255041 1.0630646705941504 639.9649316976783 0.0 0.0 283.0 221.72811663705608 2.261356462474189 639.9638788801958 0.8367850648884945 503.74460906287186 2.271902258960892 2.33272596432763 626.3896570701244 
173.00037029801666 5.549517085371185E-91 40.24538052255041 1.0658099872913438 641.6176123493885 0.0 0.0 283.0 280.01905635888573 2.267196441218574 641.6165928648561 1.0677545825571841 642.7882586994289 2.295516123286984 2.3071543593353163 643.7355136325441 
174.00003745049193 7.66940233634383E-91 40.24538052255041 1.0645728547679487 640.8728585703046 0.0 0.0 283.0 280.22177938335307 2.2645648839321626 640.871862152802 1.0640664228112071 640.5679865323435 2.2859321925010847 2.284296978544744 594.1257805129057 
175.00002322634768 1.05961284102178E-90 40.24538052255041 1.0664590020690277 642.008319245554 0.0 0.0 283.0 280.74055457932377 2.2685772993733924 642.0073757226698 1.0676120115213628 642.7024309358566 2.28931096862338 2.2782333491113222 633.2529739373877 
176.00044335627032 9.675957938100295E-91 41.067516239738 1.0650773108079985 641.1765411064147 0.0 0.0 283.0 279.9386730781215 2.265638374918308 641.1756601018814 1.060963907798243 638.700272494543 2.281572122463777 2.281973232333002 640.0131736139507 
177.00022693666503 1.5206570117648385E-90 40.97794997471214 1.0667607164642894 642.1899513115018 0.0 0.0 283.0 217.813249436239 2.2692195152873302 642.1891228263145 0.8265183387819998 497.56403994675793 2.284360759662653 2.2777546050905957 641.2508913631592 
178.00119942738763 1.873709702337066E-90 41.00823931541322 1.0679989437977075 642.9353641662191 0.0 0.0 283.0 261.7476988116982 2.2718534668419412 642.9345311162689 1.008341912478689 607.0218313121707 2.3191104795494812 2.271902258960892 503.74460906287186 
179.0003212369768 2.7584077116116746E-90 41.248840587927454 1.0664271916890966 641.9891693968362 0.0 0.0 282.0 238.6212592306809 2.2765545566087617 641.9883849636706 0.9225918082606048 555.4002685728755 2.327538922405722 2.295516123286984 642.7882586994289 
180.00010912690448 2.461006133773575E-90 41.168941152386516 1.0720113381121246 645.3508255434991 0.0 0.0 282.0 280.748497958608 2.288475355235026 645.3500501762775 1.0817823188809261 651.2329559663212 2.319631131427586 2.295516123286984 642.7882586994289 
181.0002987001831 2.145351904897449E-90 41.04470728939063 1.0734181698479572 646.1977382484696 0.0 0.0 282.0 281.52869371513606 2.2914786942409786 646.196991775956 1.074154704375579 646.6411320341009 2.2968924534861186 2.281572122463777 638.700272494543 
182.00019685642297 2.145351904897449E-90 41.184496801657325 1.0722914810231474 645.5194715759349 0.0 0.0 282.0 271.8266438726813 2.2890735831575264 645.518750450423 1.0405133905265211 626.3890610969581 2.304369623863463 2.284360759662653 497.56403994675793 
183.00021216574424 2.145351904897449E-90 41.440633886392774 1.0738369555379348 646.4498472338362 0.0 0.0 283.0 246.86987869485424 2.284272611699295 646.4491491109003 0.950194809992606 572.0172756155423 2.317080069223793 2.284360759662653 497.56403994675793 
184.00084363692181 2.602624252251266E-90 41.81876773552223 1.073600628752724 646.30757850914 0.0 0.0 282.0 278.06893951999245 2.291868404691691 646.3068901230566 1.0722050694320573 645.4674517980894 2.3212497336534845 2.3191104795494812 607.0218313121707 
185.00025554221384 2.602624252251266E-90 41.81876773552223 1.0731664474555382 646.0462013682336 0.0 0.0 282.0 278.1371715556563 2.2909416429872427 646.0455433224025 1.0676853007153222 642.7465510306209 2.3108977035886946 2.327538922405722 555.4002685728755 
186.00026625325438 2.4403118033311696E-90 41.4710348302677 1.0731511388205983 646.0369855700008 0.0 0.0 282.0 262.0909284202502 2.2909091623131173 646.0363837722989 1.0006848768053556 602.412295836824 2.298485870792464 2.319631131427586 651.2329559663212 
187.00009347265896 2.9360161082025058E-90 41.4710348302677 1.0771989913080375 648.4737927674383 0.0 0.0 282.0 280.83853531422835 2.299550354028891 648.473199836147 1.0737559142546915 646.4010603813255 2.3016822091671703 2.2968924534861186 646.6411320341009 
188.000337104388 2.9360161082025058E-90 41.263050969307656 1.0771075682863185 648.4187561083636 0.0 0.0 282.0 280.8506486955905 2.299355265401001 648.4181848430819 1.0862273027314377 653.908836244331 2.328315206966434 2.304369623863463 626.3890610969581 
189.00027065205649 2.8672028292715665E-90 40.99981071050172 1.0792970655818959 649.7368334803015 0.0 0.0 282.0 275.6119074393835 2.304029344591321 649.7362751747522 1.0690180713320196 643.5488789418807 2.3349821309277763 2.317080069223793 572.0172756155423 
190.00041972129526 2.4972836402514255E-90 41.10563544889318 1.0808539956136929 650.6741053594434 0.0 0.0 282.0 242.49105827174927 2.3073530163679585 650.6735506157642 0.9404688938518875 566.1622740988304 2.334775880537239 2.3212497336534845 645.4674517980894 
191.00036729121874 2.6150742370168745E-90 41.21768656837408 1.0830770771923512 652.0124004697957 0.0 0.0 282.0 267.8800521019476 2.3120987600548184 652.0118503354586 1.0421970971048624 627.4026524571234 2.342102920819022 2.3108977035886946 642.7465510306209 
192.00021397953768 2.2250667842360623E-90 41.315809678544404 1.081510202228459 651.0691417415323 0.0 0.0 282.0 249.77090726645469 2.308753887431291 651.0685962556244 0.9619027159629014 579.0654350096627 2.318386241804846 2.298485870792464 602.412295836824 
193.0001549631653 2.124512758701902E-90 41.315809678544404 1.0856196471389976 653.5430275776764 0.0 0.0 282.0 280.2895942972694 2.317526557131515 653.5424891110872 1.0928752416172909 657.9108954536082 2.3472540859145896 2.3016822091671703 646.4010603813255 
194.0000785980864 2.812177663960025E-90 41.52359809054741 1.0830182182768415 651.9769674026588 0.0 0.0 282.0 280.85468122556955 2.311973173940231 651.9764350511449 1.0956901640434282 659.6054787541428 2.3485650154585747 2.328315206966434 653.908836244331 
195.00025711946623 3.636676676834031E-90 42.062255020271415 1.087586170877296 654.7268748681312 0.0 0.0 282.0 281.49380495071944 2.3217247629332096 654.7263831471646 1.0954662316731272 659.4706714672186 2.3427537653365795 2.3349821309277763 643.5488789418807 
196.00029265715546 3.4103303133073124E-90 42.64034126408711 1.0876911163236735 654.7900520268506 0.0 0.0 282.0 279.4609007133126 2.3219489103524458 654.7895927193894 1.0925802377550422 657.7333031285399 2.3535789852881113 2.3349821309277763 643.5488789418807 
197.00003963652858 3.037573946218485E-90 42.577611393647516 1.0906471131244353 656.5695621009097 0.0 0.0 282.0 277.6249788131232 2.328259275466034 656.5691156814215 1.0761292621855563 647.8298158356984 2.333470923996972 2.334775880537239 566.1622740988304 
198.00030683483453 3.927632906320676E-90 42.163325668582466 1.092303782118143 657.5668768351217 0.0 0.0 282.0 270.59403025668587 2.3317958943679926 657.5664422117738 1.0452662475576335 629.25028102969 2.325440367005814 2.334775880537239 566.1622740988304 
199.00007970403234 4.113894981162562E-90 42.34854722674904 1.0948943933928907 659.1264248225204 0.0 0.0 282.0 266.24816709843697 2.3373262786545443 659.1260105805815 1.0331014787000028 621.9270901774057 2.3358924756370905 2.3472540859145896 657.9108954536082 
200.00003841969118 3.6179356369919883E-90 41.90667942282576 1.0924538181153023 657.6571985054122 0.0 0.0 282.0 278.3718559004624 2.3321163321412803 657.6568056638415 1.0851526869229573 653.2619175276136 2.3467240084831023 2.3485650154585747 659.6054787541428 
201.00011897608638 3.6179356369919883E-90 41.913664451363495 1.0928753075799824 657.9109351631496 0.0 0.0 282.0 279.491992290121 2.333016171970652 657.9105604957238 1.0935581936568184 658.322032581401 2.3554235925945353 0.0 0.0 
202.00023521178184 4.113894981162562E-90 41.913664451363495 1.0946513185144064 658.9800937456727 0.0 0.0 283.0 260.6263641393957 2.3285502570235628 658.9797227376679 1.0119981077967206 609.2228608936308 2.337533514329305 0.0 0.0 
203.00030990945373 5.261258537400762E-90 42.26299558500807 1.098274609145232 661.16131470543 0.0 0.0 283.0 277.35322922018065 2.3362578071235203 661.1609594159559 1.1010820231397078 662.8513779301086 2.3899176504770203 2.3535789852881113 657.7333031285399 
204.00047135545367 4.339909941797663E-90 42.54734474380475 1.1029879726390073 663.9987595286827 0.0 0.0 284.0 255.60547950291462 2.338022569771434 663.9984098150873 1.00122324032291 602.7363906743967 2.3580730422781246 2.3535789852881113 657.7333031285399 
205.00009728949246 4.339909941797663E-90 42.53032920944444 1.1077924290770698 666.8910423043956 0.0 0.0 285.0 268.74558423379534 2.3399681111403043 666.8909116749867 1.0523245196171906 633.4993608095441 2.3572456552753294 2.333470923996972 647.8298158356984 
206.00022921569328 4.339909941797663E-90 42.76726636534783 1.1096274202227299 667.9957069740836 0.0 0.0 284.0 277.0366751178538 2.3520971376824087 667.9955871018041 1.0910432421581255 656.8080317791921 2.370834227994471 2.325440367005814 629.25028102969 
207.0010647327844 4.339909941797663E-90 42.4701205673124 1.109962454454364 668.197397581526 0.0 0.0 285.0 278.5099984274233 2.3445518582109 668.1972795901058 1.1055331410654272 665.5309509213871 2.389612418510057 2.325440367005814 629.25028102969 
208.00033676380082 4.339909941797663E-90 42.62968251107056 1.111177980024735 668.9291439748897 0.0 0.0 285.0 278.25980546926974 2.347119401764799 668.9290295029671 1.1078828980268611 666.9455046121719 2.396844572960889 2.325440367005814 629.25028102969 
209.00007802487042 4.339909941797663E-90 42.38408785784659 1.1121166182057536 669.4942041598628 0.0 0.0 284.0 277.6494938754733 2.3573728988891824 669.4939032845275 1.1049924966849909 665.205483004363 2.395846193412151 2.325440367005814 629.25028102969 
210.00033807593752 3.954585609815339E-90 42.789130777489575 1.115388119199931 671.4636477583589 0.0 0.0 283.0 272.50266785676155 2.3726620074942697 671.4633481208782 1.0719300503028864 645.3018902823309 2.3680571473213163 2.325440367005814 629.25028102969 
211.0007598508244 3.519797984484654E-90 42.66285182832 1.1122667944187616 669.584610240094 0.0 0.0 284.0 283.9610068607298 2.3576912575232147 669.5843171365926 1.1112022570016284 668.9437587149862 2.3557592153597104 2.325440367005814 629.25028102969 
212.00002954188056 3.519797984484654E-90 42.66285182832 1.1123352548903438 669.6258234439865 0.0 0.0 284.0 266.56403802574533 2.357836421388911 669.6255436744507 1.039435973014454 625.7404557547001 2.3474301349466526 2.325440367005814 629.25028102969 
213.00031727648502 3.9784949605845415E-90 42.66285182832 1.1159934562054203 671.8280606356624 0.0 0.0 284.0 282.97825870210517 2.3655908301030375 671.8277957492625 1.117156985192922 672.528505086129 2.3766083944777834 2.325440367005814 629.25028102969 
214.0005664507256 4.072485891334807E-90 42.85479110462791 1.1159224272777564 671.7853012212094 0.0 0.0 284.0 258.24869629601886 2.365440365971261 671.7850639358385 1.0173229071022878 612.4283900755835 2.37146749958259 2.325440367005814 629.25028102969 
215.00001275372836 3.359314483786289E-90 42.715027192584834 1.1173895702684487 672.6685213016062 0.0 0.0 284.0 278.22652753668234 2.3685503321635197 672.66829433444 1.1172570117160467 672.5887210530651 2.417414065466452 2.325440367005814 629.25028102969 
216.0001655737954 3.81939672951527E-90 42.58044999566499 1.119122925667775 673.7120012519997 0.0 0.0 284.0 263.6233673368655 2.372224564157903 673.7117762208443 1.0401695997623306 626.1820990569231 2.3752905722381192 2.395846193412151 665.205483004363 
217.00010700386616 2.7215101556160527E-90 42.75111289384019 1.1252996364573498 677.4303811473252 0.0 0.0 284.0 278.72322140723594 2.385317505301295 677.4301715055681 1.1043129230915147 664.7963797010908 2.3851488811898185 2.3474301349466526 625.7404557547001 
218.00049014176486 2.7215101556160527E-90 42.80624985353591 1.1222021834886002 675.5657144601371 0.0 0.0 285.0 279.4265230907753 2.370405290450421 675.5655077783699 1.1175311948905389 672.7537793241 2.407623198695234 2.3474301349466526 625.7404557547001 
219.00001685914324 3.5178626275360844E-90 42.80624985353591 1.1207371674868583 674.6837748270884 0.0 0.0 286.0 278.19166956854775 2.3590339304551287 674.6837041101671 1.1172084954453458 672.5595142580909 2.417611984216404 2.3766083944777834 672.528505086129 
220.00046870326298 3.055633482740473E-90 43.27659225730092 1.12349536013422 676.3442068008004 0.0 0.0 284.0 278.012292295487 2.3814930308187154 676.3440207525157 1.1125835403760291 669.7752913063675 2.4091571123570787 2.37146749958259 612.4283900755835 
221.0001546457621 2.3639176498893423E-90 43.80147312784728 1.1257367184052853 677.6935044799825 0.0 0.0 286.0 272.7364778720503 2.3695574793595466 677.6934390968303 1.0812709886619802 650.9251351745054 2.3866449411283956 2.417414065466452 672.5887210530651 
222.00038693318373 2.420141039755748E-90 43.737035071113695 1.1260914192113836 677.9070343652522 0.0 0.0 286.0 274.50465552335254 2.3703041040382176 677.90697375493 1.0918087125126545 657.2688449326149 2.3943814128744347 2.3752905722381192 626.1820990569231 
223.00002956484985 2.9339290164750906E-90 43.737035071113695 1.1298492546792578 680.1692513169129 0.0 0.0 285.0 279.157941368952 2.3865585772643456 680.1691945203382 1.1257862288926503 677.7233097933803 2.4277414658881593 2.3851488811898185 664.7963797010908 
224.0000156593165 2.6704676240728814E-90 44.3026824728355 1.1334689421044666 682.3483031468892 0.0 0.0 286.0 278.98439101016686 2.385833028274937 682.3482460866319 1.1339199608032182 682.6198164035404 2.4468028979394196 2.407623198695234 672.7537793241 
225.00009757451906 2.2552838015285877E-90 44.493841360772834 1.13669691153918 684.2915407465861 0.0 0.0 286.0 232.4821921944539 2.3926275748449584 684.2914864056579 0.9313038566761712 560.6449217190537 2.411560715369186 2.417611984216404 672.5595142580909 
226.00041152264288 2.0524898091079786E-90 44.67341406294702 1.1418313750878095 687.3824878028609 0.0 0.0 285.0 273.7517401012303 2.4118681914769304 687.382434570925 1.0974348267300618 660.6557656914887 2.4133390547478735 2.4091571123570787 669.7752913063675 
227.00066078356258 2.318190514088863E-90 44.905073468424675 1.1434711022115427 688.369603531348 0.0 0.0 285.0 260.4938410878099 2.415331771994997 688.3695550185741 1.0409814732155822 626.6708468757804 2.4057031224186822 2.3866449411283956 650.9251351745054 
228.00036242568947 1.9122303128721814E-90 44.873401618829355 1.143537687583325 688.4096879251626 0.0 0.0 286.0 279.1517230532839 2.407026719311313 688.4096417230357 1.1243629212382913 676.8664785854457 2.4247261352431164 2.3943814128744347 657.2688449326149 
229.00019631563495 2.341709867086485E-90 45.41285558594549 1.1443722833117442 688.9121145536698 0.0 0.0 286.0 257.5475198749726 2.4087834627557982 688.9120703481584 1.0440389333793403 628.5114378943596 2.440370764197119 2.4277414658881593 677.7233097933803 
230.0002468129999 2.341709867086485E-90 45.627051861843945 1.148814500037036 691.5863290222956 0.0 0.0 286.0 281.8411855919805 2.418133871475284 691.5862872419311 1.141545078184886 687.2101370673026 2.438288554683317 2.4468028979394196 682.6198164035404 
231.0000578229672 2.397778025988548E-90 45.9131139489027 1.1470593680402255 690.5297395602158 0.0 0.0 285.0 250.90477883581576 2.4229112275988745 690.5296998656787 1.004153139557782 604.5001900137833 2.409281293160818 2.411560715369186 560.6449217190537 
232.0008812126234 2.397778025988548E-90 45.9131139489027 1.1485922731542464 691.4525484388566 0.0 0.0 284.0 281.3198347719568 2.4346919427373077 691.4525117373951 1.1412730528395496 687.0463778094094 2.4422251575909755 2.4133390547478735 660.6557656914887 
233.00053015390645 1.847178154721475E-90 46.13402666205323 1.1489963881210996 691.6958256489021 0.0 0.0 284.0 273.9550674673427 2.435548558423022 691.6957905921378 1.113792688698082 670.5031985962501 2.4474933236129264 2.4057031224186822 626.6708468757804 
234.00097650197563 1.937100923465063E-90 46.503287333131524 1.152671582539531 693.9082926887968 0.0 0.0 285.0 281.52598049862746 2.434765823392228 693.9082596667845 1.1480361938575248 691.1177887022263 2.4548987893697993 2.4247261352431164 676.8664785854457 
235.00036609887502 1.6398936218637499E-90 46.503287333131524 1.154635822318984 695.090765036028 0.0 0.0 285.0 282.1964923615063 2.438914849068784 695.0907319846034 1.146145905325006 689.9798350056471 2.4450333497474954 2.4468028979394196 682.6198164035404 
236.0001351528064 1.5266585227893497E-90 46.4519037745228 1.1564462000748919 696.1806124450852 0.0 0.0 286.0 257.6432581152101 2.434197833729476 696.1805804466303 1.0483607908645922 631.1131961004879 2.4495622385673825 2.438288554683317 687.2101370673026 
237.00008751631302 1.4211002208700774E-90 46.59276295403398 1.1589473828837176 697.6863244959986 0.0 0.0 286.0 283.5289982114966 2.439462565795702 697.686293817571 1.160276572136004 698.4864964258769 2.4635451782072937 2.4422251575909755 687.0463778094094 
238.00009896020063 1.959299341537415E-90 46.59276295403398 1.1587194640277019 697.5491173446763 0.0 0.0 287.0 283.1129198967071 2.430484623532592 697.5490869538542 1.1567387239536593 696.3567118201058 2.4596430006591343 2.4474933236129264 670.5031985962501 
239.00025324366447 1.61659205526002E-90 46.59276295403398 1.1621694241945104 699.6259933650953 0.0 0.0 287.0 256.2138169742532 2.4377211263711707 699.6259632685258 1.0511738009391085 632.8066281653346 2.4698380268419524 2.4474933236129264 670.5031985962501 
240.0003577660194 2.2806849609390733E-90 46.64430232640528 1.1649861281853426 701.3216491675765 0.0 0.0 286.0 274.0591886109302 2.4521734898611873 701.3216181002991 1.1315354140139333 681.1843192363834 2.485537239926047 2.4450333497474954 689.9798350056471 
241.0000544285667 2.2806849609390733E-90 46.64430232640528 1.165360822866336 701.5472153655336 0.0 0.0 286.0 265.0819242305514 2.452962188559871 701.5471859281229 1.0726430455391904 645.7311134145956 2.4359681079309645 2.4495622385673825 631.1131961004879 
242.00000380643596 2.2806849609390733E-90 46.59276295403398 1.1644886983834968 701.0221964268644 0.0 0.0 287.0 281.4431841999883 2.4425859481202945 701.0221671105244 1.1615707415815064 699.2655864320649 2.484571045554899 2.4635451782072937 698.4864964258769 
243.0000814914231 2.1393057808169766E-90 46.59276295403398 1.166588260476625 702.2861328069281 0.0 0.0 286.0 281.82249683065214 2.455545818948271 702.2861042192047 1.1665620738680633 702.2703684685715 2.491888959775158 2.4596430006591343 696.3567118201058 
244.00010093226257 2.1393057808169766E-90 46.59276295403398 1.167793875682636 703.0119131609459 0.0 0.0 285.0 283.1109925635876 2.466708370052625 703.0118854649974 1.1721956759855015 705.6617969432679 2.492527014064189 2.4698380268419524 632.8066281653346 
245.00006545819406 1.9427914282762331E-90 46.59276295403398 1.1690931364646449 703.7940681517157 0.0 0.0 284.0 219.2247388694897 2.47814803182506 703.7940410383172 0.9102799782431046 547.9885469023541 2.4996656386877314 2.485537239926047 681.1843192363834 
246.00007703436154 2.411337022763387E-90 46.619431997952496 1.1689108625624722 703.6843392626081 0.0 0.0 286.0 266.0816072580607 2.460434660261562 703.6843128348066 1.1151148957288488 671.2991672287736 2.5229070665441014 2.4359681079309645 645.7311134145956 
247.0000714523211 4.021114699529005E-90 46.74521484884873 1.1687216882147378 703.570456305273 0.0 0.0 285.0 242.56531574220503 2.4686681782156117 703.5704307914493 1.0304310040376328 620.3194644306585 2.5573296105116907 2.4359681079309645 645.7311134145956 
248.0008928675807 4.021114699529005E-90 46.949260271933454 1.1735063726089192 706.4508363105707 0.0 0.0 285.0 276.4550818689156 2.478774776167171 706.4508112076444 1.161400928811253 699.1633591443795 2.5290305912187785 2.484571045554899 699.2655864320649 
249.0000342459347 4.713791087507545E-90 46.89894721009282 1.1714867397245141 705.2350173141579 0.0 0.0 285.0 281.8335696183374 2.4745087484350066 705.2349933039774 1.1758555272382152 707.8650273974109 2.5116419891214905 2.491888959775158 702.2703684685715 
250.00034900309086 4.422272026805591E-90 47.53162256057587 1.173867467540669 706.6682154594832 0.0 0.0 285.0 282.90548792701156 2.479537518582027 706.668192795878 1.1745234652648195 707.0631260894164 2.4992909514425388 2.492527014064189 705.6617969432679 
251.00003965654693 7.612421910682472E-90 47.51182184329377 1.178882923546747 709.6875199751421 0.0 0.0 285.0 281.2705004401829 2.4901315712413465 709.6874978037839 1.1557926440724928 695.7871717316306 2.473729632658729 2.4996656386877314 547.9885469023541 
252.0001301004678 0.0 0.0 0.0 0.0 0.0 0.0 285.0 281.3441050839411 0.0 0.0 1.1130470700013078 670.0543361407899 2.3816185377009207 2.5229070665441014 671.2991672287736 
253.00037221306877 0.0 0.0 0.0 0.0 0.0 0.0 284.0 282.37973992083596 0.0 0.0 0.7840009051169263 471.9685448803848 1.6713966271542686 2.5573296105116907 620.3194644306585 
254.00027829959953 0.0 0.0 0.0 0.0 0.0 0.0 286.0 228.5096010518283 0.0 0.0 0.21964013200429072 132.2233594665849 0.578633715423604 2.5573296105116907 620.3194644306585 
255.00003065956471 0.0 0.0 0.0 0.0 0.0 0.0 284.0 283.0764517709912 0.0 0.0 0.07081865751493263 42.63283182398973 0.15060536317051088 2.4992909514425388 707.0631260894164 
256.00025755403095 0.0 0.0 0.0 0.0 0.0 0.0 284.0 241.53728227140815 0.0 0.0 0.00835107290955653 5.027345891553037 0.020813954037555 2.4992909514425388 707.0631260894164 
257.0000172535312 0.0 0.0 0.0 0.0 0.0 0.0 283.0 280.2322397891122 0.0 0.0 0.0010538341565848825 0.6344081622641007 0.002263865723449673 2.3816185377009207 670.0543361407899 
258.00006492586385 0.0 0.0 0.0 0.0 0.0 0.0 281.0 281.9657484090086 0.0 0.0 1.7114789084176303E-4 0.1030310302867408 3.654026450662652E-4 1.6713966271542686 471.9685448803848 
259.0001290468597 0.0 0.0 0.0 0.0 0.0 0.0 281.0 140.16755085313977 0.0 0.0 3.5983286251395665E-5 0.021661938323340037 1.5454317487530536E-4 1.6713966271542686 471.9685448803848 
260.001032200272 0.0 0.0 0.0 0.0 0.0 0.0 282.0 212.1701075806635 0.0 0.0 2.063407841027953E-5 0.01242171520298837 5.85460192513964E-5 1.6713966271542686 471.9685448803848 
261.0008971956202 0.0 0.0 0.0 0.0 0.0 0.0 281.0 278.7467257389843 0.0 0.0 -4.028571452906222E-6 -0.0024252000146495474 -8.70037130739423E-6 1.6713966271542686 471.9685448803848 
262.0008026023901 0.0 0.0 0.0 0.0 0.0 0.0 281.0 278.64529788536834 0.0 0.0 5.974468860352059E-5 0.035966302539319615 1.2907557677185625E-4 1.6713966271542686 471.9685448803848 
263.0001312046359 0.0 0.0 0.0 0.0 0.0 0.0 281.0 242.06067836853575 0.0 0.0 6.933071142469909E-5 0.04173708827766821 1.724240738271574E-4 1.6713966271542686 471.9685448803848 
264.0014669262402 0.0 0.0 0.0 0.0 0.0 0.0 281.0 256.8564758461611 0.0 0.0 3.4466521625969894E-5 0.020748846018833766 8.077992174610718E-5 1.6713966271542686 471.9685448803848 
265.0002744724586 0.0 0.0 0.0 0.0 0.0 0.0 281.0 278.78291843417713 0.0 0.0 2.1130533980560514E-6 0.0012720581456297504 4.562898447202006E-6 1.6713966271542686 471.9685448803848 
266.0001946857159 0.0 0.0 0.0 0.0 0.0 0.0 282.0 279.13952770607216 0.0 0.0 -1.1538071721687892E-7 -6.945919176456041E-5 -2.4883323524749754E-7 1.2907557677185625E-4 0.035966302539319615 
267.0001580387479 0.0 0.0 0.0 0.0 0.0 0.0 282.0 267.40152108683344 0.0 0.0 -4.929080476744274E-7 -2.9673064470000544E-4 -1.1096819625182609E-6 1.724240738271574E-4 0.04173708827766821 
268.00000854015076 0.0 0.0 0.0 0.0 0.0 0.0 282.0 266.80797408300873 0.0 0.0 -5.546470130738918E-7 -3.338975018704803E-4 -1.2514524838249355E-6 8.077992174610718E-5 0.020748846018833766 
269.0007168400124 0.0 0.0 0.0 0.0 0.0 0.0 282.0 278.23750068208676 0.0 0.0 1.5188971027092197E-9 9.143760558309373E-7 3.2863149416932847E-9 4.562898447202006E-6 0.0012720581456297504 
270.0000996073896 0.0 0.0 0.0 0.0 0.0 0.0 282.0 260.8217892515977 0.0 0.0 8.227901232840235E-11 4.953196542169872E-8 1.8990731397030055E-10 -2.4883323524749754E-7 -6.945919176456041E-5 
271.0003182444718 0.0 0.0 0.0 0.0 0.0 0.0 282.0 255.18043077745466 0.0 0.0 2.080380845683165E-12 1.2523892691012601E-9 4.907857805889045E-12 -2.4883323524749754E-7 -6.945919176456041E-5 
272.0000695459621 0.0 0.0 0.0 0.0 0.0 0.0 283.0 275.2492506883107 0.0 0.0 1.8748971990526567E-13 1.1286881138297074E-10 4.100603765522405E-13 -2.4883323524749754E-7 -6.945919176456041E-5 
273.000160772964 0.0 0.0 0.0 0.0 0.0 0.0 282.0 276.45598071989735 0.0 0.0 9.77801936547606E-14 5.886367658016539E-11 2.129224205129623E-13 -2.4883323524749754E-7 -6.945919176456041E-5 
274.00010771886815 0.0 0.0 0.0 0.0 0.0 0.0 283.0 266.9595383906057 0.0 0.0 8.908092187169787E-14 5.3626714966762704E-11 2.0087956133748628E-13 -2.4883323524749754E-7 -6.945919176456041E-5 
275.00007244277543 0.0 0.0 0.0 0.0 0.0 0.0 282.0 278.2169639900109 0.0 0.0 9.023081336702172E-14 5.4318949646946546E-11 1.9523953129219254E-13 -2.4883323524749754E-7 -6.945919176456041E-5 
276.00029157940105 0.0 0.0 0.0 0.0 0.0 0.0 281.0 278.0794660425082 0.0 0.0 6.998392594740622E-14 4.2130323420339066E-11 1.5150461851756747E-13 -2.4883323524749754E-7 -6.945919176456041E-5 
277.0005028001627 0.0 0.0 0.0 0.0 0.0 0.0 281.0 276.68482428466314 0.0 0.0 1.9165854089655144E-14 1.1537844161972476E-11 4.170031439852998E-14 -2.4883323524749754E-7 -6.945919176456041E-5 
278.00031988308046 0.0 0.0 0.0 0.0 0.0 0.0 281.0 278.77121660433255 0.0 0.0 1.3875887282391234E-15 8.353284143999442E-13 2.9964657921823694E-15 -2.4883323524749754E-7 -6.945919176456041E-5 
279.00082910947026 0.0 0.0 0.0 0.0 0.0 0.0 281.0 279.0700810983712 0.0 0.0 3.822816301230164E-16 2.30133541334055E-13 8.246442629331296E-16 -2.4883323524749754E-7 -6.945919176456041E-5 
280.00016076182817 0.0 0.0 0.0 0.0 0.0 0.0 281.0 262.5217295271743 0.0 0.0 2.069829197084301E-16 1.2460371766447592E-13 4.74641538774328E-16 -2.4883323524749754E-7 -6.945919176456041E-5 
281.0002224064092 0.0 0.0 0.0 0.0 0.0 0.0 282.0 277.8571112682789 0.0 0.0 5.583367318277237E-17 3.361187125602892E-14 1.209681879387845E-16 4.170031439852998E-14 1.1537844161972476E-11 
282.00048540276356 0.0 0.0 0.0 0.0 0.0 0.0 281.0 277.44976548841737 0.0 0.0 3.547789979547897E-18 2.135769567687822E-15 7.697860417823937E-18 2.9964657921823694E-15 8.353284143999442E-13 
283.0004828355057 0.0 0.0 0.0 0.0 0.0 0.0 281.0 259.280909982307 0.0 0.0 6.710456006916561E-19 4.039694516163714E-16 1.5580377731778934E-18 8.246442629331296E-16 2.30133541334055E-13 
284.0003761606825 0.0 0.0 0.0 0.0 0.0 0.0 282.0 269.6963171865197 0.0 0.0 4.3975252704362935E-19 2.647310212802675E-16 9.815893077145053E-19 4.74641538774328E-16 1.2460371766447592E-13 
285.00020882191404 0.0 0.0 0.0 0.0 0.0 0.0 282.0 268.06963724203786 0.0 0.0 1.044999967318522E-19 6.290899803257563E-17 2.3467408946346136E-19 1.209681879387845E-16 3.361187125602892E-14 
286.00000940327845 0.0 0.0 0.0 0.0 0.0 0.0 282.0 271.3098767988919 0.0 0.0 6.846315781144525E-21 4.121482100248978E-18 1.519105072353861E-20 7.697860417823937E-18 2.135769567687822E-15 
287.0004875767634 0.0 0.0 0.0 0.0 0.0 0.0 282.0 262.9312933764695 0.0 0.0 9.123151798986615E-23 5.492137382989991E-20 2.0888108495804851E-22 1.5580377731778934E-18 4.039694516163714E-16 
288.0007522174263 0.0 0.0 0.0 0.0 0.0 0.0 282.0 256.0471378104908 0.0 0.0 1.4163067991278073E-23 8.526166930749389E-21 3.3299208121044863E-23 1.5580377731778934E-18 4.039694516163714E-16 
289.00001121102946 0.0 0.0 0.0 0.0 0.0 0.0 284.0 274.16792770679245 0.0 0.0 1.7747826765294863E-23 1.0684191712707368E-20 3.896951697477002E-23 9.815893077145053E-19 2.647310212802675E-16 
290.0003596434579 0.0 0.0 0.0 0.0 0.0 0.0 284.0 275.63581684652695 0.0 0.0 1.762280908683796E-23 1.0608931070276489E-20 3.848894237204124E-23 2.3467408946346136E-19 6.290899803257563E-17 
291.0002322085342 0.0 0.0 0.0 0.0 0.0 0.0 284.0 276.1119448212793 0.0 0.0 9.748520454538842E-28 5.868609313632425E-25 2.125445647572776E-27 1.519105072353861E-20 4.121482100248978E-18 
292.0000469612607 0.0 0.0 0.0 0.0 0.0 0.0 285.0 266.1566388260875 0.0 0.0 6.309708721284301E-28 3.7984446502131514E-25 1.427146310145259E-27 3.3299208121044863E-23 8.526166930749389E-21 
293.000513943095 0.0 0.0 0.0 0.0 0.0 0.0 285.0 270.6325912313461 0.0 0.0 2.866402249495213E-28 1.725574154196108E-25 6.376076681470442E-28 3.3299208121044863E-23 8.526166930749389E-21 
294.00119685403456 0.0 0.0 0.0 0.0 0.0 0.0 285.0 278.3482853452861 0.0 0.0 6.771217030518461E-29 4.076272652372143E-26 1.4644504266716065E-28 3.848894237204124E-23 1.0608931070276489E-20 
295.0002871801147 0.0 0.0 0.0 0.0 0.0 0.0 284.0 274.05768532409144 0.0 0.0 6.896432672347874E-30 4.151652468753388E-27 1.5148827021011226E-29 3.848894237204124E-23 1.0608931070276489E-20 
296.00034285068796 0.0 0.0 0.0 0.0 0.0 0.0 284.0 269.7039005875709 0.0 0.0 4.454575122122886E-31 2.681654223517985E-28 9.942956767313313E-31 1.427146310145259E-27 3.7984446502131514E-25 
297.00031652805455 0.0 0.0 0.0 0.0 0.0 0.0 284.0 263.60575333814353 0.0 0.0 1.3218147865623435E-31 7.957325015105373E-29 3.0186461844396912E-31 6.376076681470442E-28 1.725574154196108E-25 
298.0004294837788 0.0 0.0 0.0 0.0 0.0 0.0 285.0 265.88590783491287 0.0 0.0 1.3241511814368515E-31 7.971390112249952E-29 2.998049117066913E-31 1.4644504266716065E-28 4.076272652372143E-26 
299.00046476621424 0.0 0.0 0.0 0.0 0.0 0.0 285.0 278.2906395745867 0.0 0.0 1.048050450673451E-31 6.309263713054131E-29 2.267149093731246E-31 1.5148827021011226E-29 4.151652468753388E-27 
300.0000578654503 0.0 0.0 0.0 0.0 0.0 0.0 284.0 278.06844537759616 0.0 0.0 1.0190600881532027E-31 6.134741730682273E-29 2.2061984495765972E-31 9.942956767313313E-31 2.681654223517985E-28 
#####################################################################
# End of data export. Simulation finished at: 2021-12-09T08:55+0000 #
#####################################################################
