#####################################################################
# Alchemist log file - simulation started at: 2021-12-09T08:43+0000 #
#####################################################################
# random = 28.0
#
# The columns have the following meaning: 
# time localWarningInSystem[Min] localWarningInSystem[Max] localWarningInSystem[Mean] localWarningInSystem[Sum] meanWarningAtDetector[Sum] dataAtCollector[Sum] inSurveillanceArea[Sum] numDevicesAtDetector[Sum] localWarningInSurveillanceArea[Mean] localWarningInSurveillanceArea[Sum] sumWarningAtDetector[Mean] sumWarningAtDetector[Sum] meanWarningOverallAtDetector[Sum] meanWarningAtCollector[Sum] sumWarningAtCollector[Sum] 
0.0 0.0 0.0 0.0 0.0 0.0 0.0 0.0 0.0 0.0 0.0 0.0 0.0 0.0 0.0 0.0 
1.0002059193013424 0.0 0.0 0.0 0.0 0.0 0.0 87.0 1.0 0.0 0.0 0.0 0.0 0.0 0.0 0.0 
2.0 0.0 0.0 0.0 0.0 0.0 0.0 247.0 10.670955091475014 0.0 0.0 0.0 0.0 0.0 0.0 0.0 
3.0002059193013424 0.0 0.0 0.0 0.0 0.0 0.0 264.0 53.167212189359674 0.0 0.0 0.0 0.0 0.0 0.0 0.0 
4.000114194277555 0.0 0.0 0.0 0.0 0.0 0.0 266.0 116.04755853575524 0.0 0.0 0.0 0.0 0.0 0.0 0.0 
5.000205919301342 0.0 0.0 0.0 0.0 0.0 0.0 266.0 184.8482057280755 0.0 0.0 0.0 0.0 0.0 0.0 0.0 
6.000082113019003 0.0 0.0 0.0 0.0 0.0 0.0 266.0 233.68400197212927 0.0 0.0 0.0 0.0 0.0 0.0 0.0 
7.000205919301342 0.0 0.0 0.0 0.0 0.0 0.0 267.0 254.19581142499564 0.0 0.0 0.0 0.0 0.0 0.0 0.0 
8.000205919301342 0.0 0.0 0.0 0.0 0.0 0.0 267.0 260.593610505064 0.0 0.0 0.0 0.0 0.0 0.0 0.0 
9.000205919301342 0.0 0.0 0.0 0.0 0.0 0.0 267.0 260.02620502210203 0.0 0.0 0.0 0.0 0.0 0.0 0.0 
10.00008245372414 0.0 0.0 0.0 0.0 0.0 0.0 268.0 260.39458315766274 0.0 0.0 0.0 0.0 0.0 0.0 0.0 
11.000032908168158 0.0 0.0 0.0 0.0 0.0 0.0 268.0 256.54026987063213 0.0 0.0 0.0 0.0 0.0 0.0 0.0 
12.000025503437389 0.0 0.0 0.0 0.0 0.0 0.0 269.0 261.4052832648756 0.0 0.0 0.0 0.0 0.0 0.0 0.0 
13.000205919301342 0.0 0.0 0.0 0.0 0.0 0.0 268.0 261.44144794598793 0.0 0.0 0.0 0.0 0.0 0.0 0.0 
14.000205919301342 0.0 0.0 0.0 0.0 0.0 0.0 267.0 260.6904068764949 0.0 0.0 0.0 0.0 0.0 0.0 0.0 
15.000147506697076 0.0 0.0 0.0 0.0 0.0 0.0 269.0 264.3012064233471 0.0 0.0 0.0 0.0 0.0 0.0 0.0 
16.000055856100705 0.0 0.0 0.0 0.0 0.0 0.0 267.0 257.8857140589099 0.0 0.0 0.0 0.0 0.0 0.0 0.0 
17.00012453665543 0.0 0.0 0.0 0.0 0.0 0.0 267.0 264.24442016455623 0.0 0.0 0.0 0.0 0.0 0.0 0.0 
18.000034548417354 0.0 0.0 0.0 0.0 0.0 0.0 267.0 264.36449020716407 0.0 0.0 0.0 0.0 0.0 0.0 0.0 
19.000013696444924 0.0 0.0 0.0 0.0 0.0 0.0 267.0 268.19114930015434 0.0 0.0 0.0 0.0 0.0 0.0 0.0 
20.000205919301344 0.0 0.0 0.0 0.0 0.0 0.0 267.0 267.6355257546138 0.0 0.0 0.0 0.0 0.0 0.0 0.0 
21.000205919301344 0.0 0.0 0.0 0.0 0.0 0.0 268.0 264.12428043255426 0.0 0.0 0.0 0.0 0.0 0.0 0.0 
22.000205919301344 0.0 0.0 0.0 0.0 0.0 0.0 268.0 259.93492787683425 0.0 0.0 0.0 0.0 0.0 0.0 0.0 
23.000205919301344 0.0 0.0 0.0 0.0 0.0 0.0 268.0 262.72483237698725 0.0 0.0 0.0 0.0 0.0 0.0 0.0 
24.000205919301344 0.0 0.0 0.0 0.0 0.0 0.0 269.0 264.34161920143305 0.0 0.0 0.0 0.0 0.0 0.0 0.0 
25.000205919301344 0.0 0.0 0.0 0.0 0.0 0.0 268.0 265.09009677025364 0.0 0.0 0.0 0.0 0.0 0.0 0.0 
26.000149589687688 0.0 0.0 0.0 0.0 0.0 0.0 268.0 265.37752871821004 0.0 0.0 0.0 0.0 0.0 0.0 0.0 
27.000141324882282 0.0 0.0 0.0 0.0 0.0 0.0 269.0 258.6829921551784 0.0 0.0 0.0 0.0 0.0 0.0 0.0 
28.000205919301344 0.0 0.0 0.0 0.0 0.0 0.0 269.0 265.75228070119437 0.0 0.0 0.0 0.0 0.0 0.0 0.0 
29.000205919301344 0.0 0.0 0.0 0.0 0.0 0.0 269.0 257.2258989402415 0.0 0.0 0.0 0.0 0.0 0.0 0.0 
30.00016516787486 0.0 0.0 0.0 0.0 0.0 0.0 269.0 262.2433594983344 0.0 0.0 0.0 0.0 0.0 0.0 0.0 
31.000000128229114 6.91450945602153E-91 48.53171248190431 1.3274257338496869 799.1102917775116 0.0 0.0 270.0 258.6818962501424 2.9595261662147982 799.0720648779958 0.0029858500002317065 1.7974817001394585 0.0069486180756975525 0.0 0.0 
32.000205919301344 6.91450945602153E-91 48.75330575122814 1.3264538266216082 798.5252036262076 0.0 0.0 268.0 263.30435152917687 2.9793147413089414 798.4563506707959 0.17829815493818874 107.33548927279001 0.4076479885327536 0.0 0.0 
33.00019327270604 9.621870554781731E-91 48.68293514507051 1.3255571680670164 797.985415176344 0.0 0.0 269.0 261.589686594514 2.9662408486369922 797.9187882833513 0.7631223294770617 459.3996423451969 1.7561840771547887 0.0 0.0 
34.00000999751904 1.135143588722647E-90 48.66589909929541 1.326720324140132 798.6856351323587 0.0 0.0 267.0 263.70901473900545 2.990954956607132 798.5849734141035 1.1632039433686447 700.2487739079297 2.6553842863543005 0.0 0.0 
35.00002490003195 1.135143588722647E-90 48.381228341963265 1.3271277925140659 798.930931093467 0.0 0.0 267.0 261.1549069448287 2.9918902509463687 798.8346970026803 1.2562203631049087 756.244658589163 2.8957704353949834 0.0069486180756975525 1.7974817001394585 
36.000205919301344 1.253057958356715E-90 48.41860383083425 1.3262311632628276 798.3911602842215 0.0 0.0 268.0 263.43331544793193 2.9787233152945602 798.2978484989414 1.3034372719682124 784.6692377248584 2.9786256775861353 0.4076479885327536 107.33548927279001 
37.0001371169391 1.1235053754618042E-90 48.41860383083425 1.3232077185119615 796.5710465442007 0.0 0.0 269.0 261.1959269556772 2.9608907780015414 796.4796192824145 1.2913871217856232 777.4150473149501 2.9763674203345105 1.7561840771547887 459.3996423451969 
38.000205919301344 1.5626299448173574E-90 48.33045471299048 1.3289196519071256 800.0096304480898 0.0 0.0 270.0 263.03577087830774 2.9627693862500615 799.9477342875168 1.2947407070119445 779.4339056211792 2.963223986678909 2.6553842863543005 700.2487739079297 
39.000053672287194 1.8030330305592172E-90 48.35408871203406 1.3303186044512367 800.8517998796452 0.0 0.0 270.0 260.73099504335204 2.965899159425518 800.7927730448904 1.2964074140029198 780.4372632297639 2.9932661557940192 2.6553842863543005 700.2487739079297 
40.000205919301344 1.479425145610644E-90 48.35408871203406 1.3292157864906313 800.1879034673601 0.0 0.0 270.0 259.6695838888509 2.963441788932687 800.1292830118254 1.2888976250604818 775.9163702864112 2.9880910912482332 2.6553842863543005 700.2487739079297 
41.000001064350734 1.5066725305845275E-90 48.28000258989159 1.3320680630946533 801.904973982981 0.0 0.0 269.0 262.5042716188286 2.9807553197286616 801.8231810070095 1.2894188486167724 776.2301468672903 2.957019107081127 2.9763674203345105 777.4150473149501 
42.000205919301344 1.6093873797303025E-90 48.3315287350071 1.332585563265707 802.2165090859554 0.0 0.0 269.0 260.78454179404713 2.9819160485023763 802.1354170471392 1.2716886836651395 765.5565875664198 2.9355903624495236 2.963223986678909 779.4339056211792 
43.000205919301344 1.5066725305845275E-90 48.05628871554323 1.3334299093715756 802.7248054416877 0.0 0.0 269.0 264.5390891039082 2.9838178338912744 802.6469973167522 1.3067084936226876 786.638513160853 2.973619194900416 2.9932661557940192 780.4372632297639 
44.000205919301344 1.5066725305845275E-90 48.21486856188052 1.3374731880813988 805.1588592250015 0.0 0.0 269.0 264.7355270612982 2.992877309405181 805.0839962299932 1.3125023588497027 790.1264200275098 2.9845877838850083 2.9932661557940192 780.4372632297639 
45.00004436437665 1.375122043569042E-90 48.42290789792404 1.3401812678125833 806.7891232231749 0.0 0.0 269.0 265.8564958234878 2.998953217245729 806.7184154391011 1.3202455584920985 794.7878262122515 2.9895369821617646 2.9932661557940192 780.4372632297639 
46.000205919301344 1.4263521825354095E-90 48.65589658157431 1.3425424158438473 808.2105343379955 0.0 0.0 270.0 264.03945752404877 2.9931153646278923 808.1411484495308 1.3383726642699987 805.7003438905323 3.0514391729393284 2.9932661557940192 780.4372632297639 
47.000205919301344 1.7383509439134616E-90 48.64184246381946 1.3428747935613057 808.4106257239057 0.0 0.0 269.0 262.4531819022046 3.004997011742507 808.344196158734 1.2732853407076627 766.5177751060081 2.9205886152739735 2.973619194900416 786.638513160853 
48.00006616658651 1.4263521825354095E-90 48.715401256001215 1.3451435504181846 809.7764173517468 0.0 0.0 269.0 266.6639977614941 3.0100761651970824 809.7104884380151 1.3331858211893592 802.5778643560051 3.0096971135707475 2.9845877838850083 790.1264200275098 
49.00002879086539 1.4263521825354095E-90 48.69023813303982 1.3479559008777389 811.4694523283989 0.0 0.0 269.0 261.9276676829086 3.016371721550716 811.4039930971429 1.303899644512206 784.9475859963401 2.996810504748215 2.9845877838850083 790.1264200275098 
50.000205919301344 1.4263521825354095E-90 48.63751893644807 1.3507498570609717 813.1514139507049 0.0 0.0 269.0 260.9220433777117 3.0226375002553056 813.0894875686776 1.2858130345010448 774.0594467696358 2.966631093138821 2.9845877838850083 790.1264200275098 
51.000205919301344 1.4263521825354095E-90 48.564077744228754 1.3497215153960676 812.5323522684324 0.0 0.0 269.0 267.20607124239626 3.0203400501133877 812.4714734805012 1.33281732964252 802.3560324447913 3.0027612348558246 2.9845877838850083 790.1264200275098 
52.000205919301344 1.2779453554466438E-90 48.564077744228754 1.350157610347117 812.7948814289639 0.0 0.0 269.0 269.0368600850397 3.0213232357025754 812.7359504039928 1.3711125610615542 825.4097617590483 3.068017376868527 2.9845877838850083 790.1264200275098 
53.000047177689034 1.187424802324179E-90 48.564077744228754 1.350587279932197 813.0535425191823 0.0 0.0 269.0 262.79219373589365 3.02229034046726 812.9961015856928 1.373842316488584 827.0530745261192 3.1471751986564263 2.9932661557940192 780.4372632297639 
54.000205919301344 1.2094555066781983E-90 48.77823047677145 1.3505295451793342 813.0187861979589 0.0 0.0 270.0 267.5921859925896 3.011051952339952 812.9840271317864 1.393171516501807 838.6892529340812 3.1342068148331768 2.9932661557940192 780.4372632297639 
55.000205919301344 1.3301362424973947E-90 48.94245536346681 1.3500326001722422 812.7196253036891 0.0 0.0 268.0 267.9575847648196 3.0323106750869577 812.659260923304 1.4078595844086321 847.5314698140061 3.1629314413990763 2.9932661557940192 780.4372632297639 
56.000090387882565 1.082966025936537E-90 49.040438224587625 1.3524577379090423 814.1795582212429 0.0 0.0 269.0 260.8738985866867 3.0265044101773633 814.1296863377106 1.3342759876057555 803.2341445386734 3.079013074478832 2.966631093138821 774.0594467696358 
57.000039076440586 1.0246184136134935E-90 48.92043621342397 1.3486458056177169 811.8847749818653 0.0 0.0 268.0 260.1432934048814 3.0292124435093544 811.8289348605067 1.2871428723156422 774.8600091340264 2.9785892190118894 2.966631093138821 774.0594467696358 
58.000020792779715 1.0437212856513736E-90 49.07396064272886 1.3509624168513021 813.2793749444843 0.0 0.0 267.0 263.68484106066654 3.0457813286867665 813.2236147593668 1.3501321658064467 812.77956381549 3.082390176644595 2.966631093138821 774.0594467696358 
59.00009144689699 1.0437212856513736E-90 49.07396064272886 1.3518650043329092 813.8227326084109 0.0 0.0 267.0 266.6178924837511 3.0478236661711993 813.7689188677099 1.3481947897976836 811.6132634581961 3.044106514748103 2.966631093138821 774.0594467696358 
60.000205919301344 1.7684109498372416E-90 48.99550508686818 1.3538722831164407 815.0311144360975 0.0 0.0 268.0 264.4154701462182 3.0409689857325692 814.9796881763286 1.3488176236109815 811.9882094138179 3.0708801151642127 2.966631093138821 774.0594467696358 
61.00000460431533 2.457822558923265E-90 48.878871510105846 1.3521890266874903 814.0177940658695 0.0 0.0 268.0 266.62394358955885 3.037189179984093 813.9667002357372 1.3743984043291206 827.3878394061248 3.1032015664722388 2.966631093138821 774.0594467696358 
62.000205919301344 2.2407342385149253E-90 49.005305167860826 1.353377107807611 814.7330189001814 0.0 0.0 268.0 261.09625126480546 3.039866117968662 814.684119615601 1.321419715854558 795.4946689444549 3.0467487184933164 2.966631093138821 774.0594467696358 
63.000116958222065 2.3252459522008847E-90 48.78283752701652 1.3550457858467484 815.7375630797428 0.0 0.0 268.0 262.5422445349892 3.0436218882428268 815.6906660490779 1.3853655147925656 833.9900399051166 3.1765936997387487 2.966631093138821 774.0594467696358 
64.00018358637911 2.3252459522008847E-90 48.67022514919121 1.357840314636991 817.4198694114684 0.0 0.0 268.0 257.39527336004244 3.049899825888954 817.3731533382395 1.299965022162661 782.5789433419301 3.040378065712438 2.9785892190118894 774.8600091340264 
65.00020591930135 2.65229636968786E-90 48.65049067107749 1.3563262303603272 816.5083906769165 0.0 0.0 268.0 261.73662542792033 3.0465078216415944 816.464096199947 1.309385701760204 788.2501924596472 3.011615937092929 2.9785892190118894 774.8600091340264 
66.0001332755575 2.3294998716976917E-90 48.65049067107749 1.3567683788941665 816.774564094288 0.0 0.0 268.0 266.85500489456217 3.047503879880453 816.7310398079612 1.3922285221864907 838.1215703562586 3.140737685198789 2.9785892190118894 774.8600091340264 
67.00020591930135 2.1811650328797777E-90 48.60834517817862 1.353541896157759 814.832221486971 0.0 0.0 268.0 257.3165223010241 3.0402634669649693 814.7906091466119 1.2786113274270374 769.7240191110742 2.9913509331927215 2.9785892190118894 774.8600091340264 
68.00004886593379 2.1811650328797777E-90 48.58647634376194 1.3521997351404764 814.0242405545666 0.0 0.0 268.0 266.71258400111014 3.0372526314402166 813.983705225978 1.3594645705436479 818.3976714672768 3.068462909361151 2.9785892190118894 774.8600091340264 
69.00000168571 3.236392076619728E-90 48.454931404922355 1.3516700260706818 813.7053556945498 0.0 0.0 268.0 261.04844893701573 3.0360654769006827 813.6655478093825 1.30032462963255 782.7954270387926 2.998659560040753 2.9785892190118894 774.8600091340264 
70.00007924724287 3.236392076619728E-90 48.57783951565793 1.3531575810503054 814.6008637922838 0.0 0.0 268.0 263.2845722993992 3.0394102828396496 814.5619558010261 1.307189719183779 786.9282109486292 2.9888884262225526 2.9785892190118894 774.8600091340264 
71.00002688272728 3.3926237753263125E-90 48.69943604665682 1.3541480286742003 815.197113261868 0.0 0.0 269.0 265.61355086554283 3.030328722000645 815.158426218173 1.324289404362041 797.2222214259507 3.0014365563356193 3.140737685198789 838.1215703562586 
72.00020591930135 4.131829403761198E-90 48.4519703605407 1.3577912695937742 817.390344295452 0.0 0.0 270.0 263.7948133939944 3.0272337897113846 817.3531232220735 1.3826069274770545 832.329370341177 3.155215068986364 3.0467487184933164 795.4946689444549 
73.00020591930135 4.131829403761198E-90 48.21995817754496 1.3619642590315721 819.9024839370055 0.0 0.0 268.0 263.9404673362996 3.059224583481235 819.8721883729702 1.371891804447134 825.8788662771816 3.1290346441074095 2.9785892190118894 774.8600091340264 
74.00004702818067 5.478987185743926E-90 48.2598901124444 1.3619846543773617 819.9147619351716 0.0 0.0 267.0 262.42518507796984 3.0707317495444166 819.8853771283592 1.329682667854958 800.4689660486875 3.050274941449915 2.9888884262225526 786.9282109486292 
75.00003210264052 5.130958511262866E-90 48.33367685066128 1.3629162367153513 820.4755745026418 0.0 0.0 267.0 258.5923255744663 3.072834248688904 820.4467443999375 1.2894464187913663 776.2467441124077 3.0018166331423997 3.0014365563356193 797.2222214259507 
76.00020591930135 5.8505573516565275E-90 48.275711224816675 1.364583799294817 821.4794471754793 0.0 0.0 265.0 263.7622126426979 3.099764534907574 821.4376017505068 1.3573128724650676 817.1023492239682 3.0978749421201037 3.155215068986364 832.329370341177 
77.00020591930135 5.8505573516565275E-90 47.898230442190716 1.363004379478157 820.5286364458501 0.0 0.0 265.0 259.5181588859261 3.096183723968112 820.4886868515493 1.2972422236725298 780.9398186508699 3.0091914261542683 2.9913509331927215 769.7240191110742 
78.00005486025653 5.8505573516565275E-90 48.23415836700117 1.3660918197150909 822.3872754684846 0.0 0.0 264.0 266.20487663761753 3.1149536364744708 822.3477600292601 1.375330162066302 827.9487575639039 3.1101938026889853 2.9913509331927215 769.7240191110742 
79.00001362384685 9.885512127046962E-90 48.28241665036657 1.3657168123444379 822.1615210313518 0.0 0.0 267.0 256.8746323918243 3.0791165544772774 822.124120045433 1.306184366547423 786.3229886615499 3.061115772078771 2.9913509331927215 769.7240191110742 
80.00020591930135 9.258504051136688E-90 48.28241665036657 1.3680748935559666 823.5810859206915 0.0 0.0 267.0 262.5914346114023 3.084467078334655 823.5527099153526 1.3708149662265467 825.2306096683859 3.1426410038454184 2.9913509331927215 769.7240191110742 
81.00020591930135 1.1269415755487031E-89 48.28241665036657 1.3681616817851323 823.6333324346496 0.0 0.0 266.0 264.18496365297597 3.096260560662214 823.6053091361495 1.3965005374290522 840.6933235322838 3.182214884252795 3.0978749421201037 817.1023492239682 
82.00005067007818 1.371571815819059E-89 48.15784804455042 1.3728483746346694 826.4547215300709 0.0 0.0 264.0 262.7721772677847 3.1303782920929693 826.419869112544 1.4173419865745283 853.2398759178545 3.2470708458922526 3.0091914261542683 780.9398186508699 
83.00015372692172 1.2146652253901489E-89 48.20924382187591 1.3712164814511536 825.472321833595 0.0 0.0 264.0 264.23368428008234 3.12666360106758 825.4391906818415 1.4264192460942624 858.7043861487481 3.2497915187775184 3.1101938026889853 827.9487575639039 
84.00020591930135 1.5782091049860137E-89 47.90089152892354 1.373675972491051 826.9529354396133 0.0 0.0 264.0 264.81492717867405 3.1322756566191954 826.920773347468 1.4678893457782098 883.6693861584769 3.336931930435529 3.061115772078771 786.3229886615499 
85.00010115896872 2.1879332855881312E-89 47.70649012083924 1.3748244958090747 827.6443464770636 0.0 0.0 265.0 266.7939282033962 3.1230662321009652 827.6125515067561 1.497034272415556 901.2146319941504 3.3779428117535333 2.9913509331927215 769.7240191110742 
86.00003380133235 1.9545449282448694E-89 47.70649012083924 1.37299961215468 826.5457665171178 0.0 0.0 264.0 264.2355776264254 3.1307375196625635 826.5147051909174 1.4545386394887638 875.6322609722347 3.3138318043234816 3.182214884252795 840.6933235322838 
87.0000431899145 1.7150188294515057E-89 47.77544928731884 1.3766789883775736 828.7607510032996 0.0 0.0 264.0 257.86466502696646 3.1391307584207717 828.7305202230835 1.3803484878619847 830.9697896929097 3.2225035159664475 3.2497915187775184 858.7043861487481 
88.00020591930135 1.6515845673106768E-89 47.77544928731884 1.378059647737347 829.5919079378828 0.0 0.0 265.0 259.51423147056244 3.130428687488671 829.5636021844979 1.3802727530710068 830.9241973487482 3.2018444331173517 3.182214884252795 840.6933235322838 
89.0000452014324 1.683012211296174E-89 47.77544928731884 1.373595813243242 826.9046795724316 0.0 0.0 265.0 255.82385546429916 3.120291385448045 826.8772171437314 1.3023078423344185 783.9893210853268 3.0645669054688076 3.182214884252795 840.6933235322838 
90.00009430888066 2.0476002632309844E-89 47.48754422786925 1.3751531052736627 827.8421693747454 0.0 0.0 265.0 257.30468221732116 3.123830914025827 827.8151922168443 1.3143403873951591 791.2329132118871 3.07508167513099 3.3138318043234816 875.6322609722347 
91.00001865492767 1.8632222720101613E-89 47.48754422786925 1.3761775477756162 828.458883760921 0.0 0.0 265.0 258.12344120552217 3.1261610471045835 828.4326774827149 1.3293614094380737 800.2755684817255 3.1003599082058293 3.2225035159664475 830.9697896929097 
92.0000811867803 3.8206633514058704E-89 47.5865797378289 1.3751766594331885 827.8563489787792 0.0 0.0 264.0 259.5611172295881 3.13572302432331 827.8308784213539 1.343291281884643 808.6613516945514 3.1154949567398837 3.182214884252795 840.6933235322838 
93.00020591930135 3.967760530501922E-89 47.5865797378289 1.3716012215137592 825.7039353512826 0.0 0.0 266.0 259.4699882219429 3.1040558043309923 825.6788439520438 1.3674083001958084 823.1797967178804 3.172543392624495 3.182214884252795 840.6933235322838 
94.00020591930135 3.967760530501922E-89 47.5865797378289 1.3690618078653447 824.1752083349369 0.0 0.0 265.0 259.2534472827667 3.1100027947522624 824.150740609349 1.330483895942144 800.9513053571766 3.0894528645691732 3.182214884252795 840.6933235322838 
95.0001817628116 3.967760530501922E-89 47.47013532014323 1.370784897213348 825.2125081224349 0.0 0.0 269.0 260.89823807915616 3.0676181078878155 825.1892710218219 1.354249798978764 815.2583789852242 3.124813662934266 3.182214884252795 840.6933235322838 
96.00017447861869 7.133142191735882E-89 47.47013532014323 1.3705831249995473 825.0910412497271 0.0 0.0 269.0 261.8789334459156 3.0671689619853786 825.0684507740665 1.365591840290617 822.0862878549451 3.1391844965823723 3.1154949567398837 808.6613516945514 
97.00020591930135 8.193860635602249E-89 47.432174398414006 1.372450743057629 826.2153473206927 0.0 0.0 269.0 255.75580688819937 3.0713501329485764 826.1931857631673 1.303292970337301 784.5823681430638 3.0677010922611614 3.172543392624495 823.1797967178804 
98.00016073586704 1.0541134457262324E-88 47.47356384264104 1.3704964430343574 825.0388587066831 0.0 0.0 269.0 257.2187603410182 3.066978254750929 825.0171505279998 1.3082225268251855 787.5499611487734 3.061790516775087 3.172543392624495 823.1797967178804 
99.00020591930135 9.960246671582304E-89 47.47356384264104 1.3713586497518564 825.5579071506171 0.0 0.0 268.0 262.90270994385634 3.0803613282275597 825.536835964986 1.3427075803826125 808.3099633903252 3.0745592678102946 3.172543392624495 823.1797967178804 
100.00011588340669 9.960246671582304E-89 47.47356384264104 1.3710721284832104 825.3854213468923 0.0 0.0 268.0 263.90481908186644 3.079719339782988 825.3647830618411 1.3679117246782921 823.4828582563258 3.1203782527399455 3.172543392624495 823.1797967178804 
101.00020591930135 1.2541539338216215E-88 47.435600179057715 1.373846130287964 827.0553704333543 0.0 0.0 268.0 264.63560716688215 3.085956561309666 827.0363584309905 1.3815276558344622 831.6796488123499 3.142735241550029 3.172543392624495 823.1797967178804 
102.00008186902943 1.0979252913389594E-88 46.9844854250133 1.37037847848982 824.9678440508717 0.0 0.0 268.0 265.01463610504436 3.078169149069989 824.9493319507573 1.3529474831039527 814.4743848285708 3.0733185034570543 3.172543392624495 823.1797967178804 
103.00009606351661 1.0369036023949913E-88 46.74105990317108 1.3735314072380302 826.8659071572946 0.0 0.0 268.0 264.3387870581977 3.0852538983682987 826.8480447627041 1.352027177349172 813.920360764206 3.079080334075266 3.172543392624495 823.1797967178804 
104.00020591930135 9.245689039619774E-89 46.79068368457112 1.3766583424697574 828.7483221667939 0.0 0.0 268.0 263.7719573808799 3.092282733684779 828.7317726275207 1.3478696793483156 811.4175469676944 3.0762085364367544 3.172543392624495 823.1797967178804 
105.00013682392718 1.1624993508629679E-88 46.79068368457112 1.3781655968734392 829.6556893178107 0.0 0.0 267.0 260.6397029684001 3.1072633886123704 829.6393247595031 1.3106799582089543 789.0293348417996 3.0272799034668223 3.172543392624495 823.1797967178804 
106.00018515382456 1.1850284046608703E-88 46.79068368457112 1.375945459408543 828.3191665639421 0.0 0.0 267.0 259.97520544350743 3.102259293932006 828.3032314798452 1.33639786611961 804.5115154039955 3.0945701688417966 3.172543392624495 823.1797967178804 
107.00020591930135 1.6315185208006135E-88 46.84582517786656 1.3731664851774397 826.6462240768177 0.0 0.0 267.0 265.9057871109286 3.09599448911795 826.6305285944918 1.3933451740062393 838.7937947517642 3.154477395416153 3.079080334075266 813.920360764206 
108.00012823712181 2.740359090471228E-88 47.022871760200516 1.3750387705243459 827.7733398556555 0.0 0.0 268.0 261.4779986449128 3.088650257562602 827.7582690267767 1.3645272443309828 821.4454010872456 3.1415469192219443 3.0762085364367544 811.4175469676944 
109.00020591930135 2.6693012778056477E-88 46.66400074567308 1.3773834387152823 829.1848301065996 0.0 0.0 267.0 262.60446745331365 3.1055062627513856 829.1701721546194 1.3267053737334067 798.6766349875036 3.041367280354794 3.0272799034668223 789.0293348417996 
110.00010224520122 3.3510079761998987E-88 46.66400074567308 1.3780732485988307 829.6000956564952 0.0 0.0 267.0 261.97076057258784 3.107063793081058 829.5860327526416 1.4207332063676303 855.2813902333219 3.2647971413448538 3.0945701688417966 804.5115154039955 
111.00011638687424 4.2290989942533286E-88 46.76885312629352 1.3757290014319457 828.1888588620317 0.0 0.0 267.0 260.6198119269075 3.1017795249637476 828.1751331653209 1.361855573864242 819.8370554662705 3.1457203863542 3.154477395416153 838.7937947517642 
112.00020591930135 7.093886885740084E-88 46.76885312629352 1.3775389190164617 829.27842924791 0.0 0.0 267.0 256.4062514105082 3.1058604016973463 829.2647272531917 1.3089679777561543 787.998722609215 3.073243020692282 3.1415469192219443 821.4454010872456 
113.00006974221489 8.07225934150879E-88 46.8999894201585 1.3795821239716206 830.5084386309146 0.0 0.0 266.0 255.5173149135935 3.1221633115956102 830.4954408844316 1.2985395371637187 781.720801372559 3.059365278775366 3.041367280354794 798.6766349875036 
114.00020591930135 8.07225934150879E-88 46.633679000827 1.3798810546381424 830.6883948921611 0.0 0.0 265.0 262.57721498926514 3.1346259379136723 830.6758735471224 1.3529549040323254 814.478852227465 3.1018641593131493 3.2647971413448538 855.2813902333219 
115.00020591930135 8.07225934150879E-88 46.39207099873847 1.3800639140320643 830.7984762473021 0.0 0.0 266.0 257.6429987964278 3.1232579589811023 830.7866170889725 1.3545386239288293 815.4322516051603 3.1649695719054267 3.1457203863542 819.8370554662705 
116.00020591930135 7.093886885740084E-88 46.10558611558469 1.3773395689913188 829.1584205327733 0.0 0.0 266.0 259.13520010311134 3.117093319955918 829.146823108274 1.3194282335003307 794.2957965672061 3.0651790889510626 3.073243020692282 787.998722609215 
117.00020591930135 6.825431984384223E-88 45.80814411057387 1.3795970329231986 830.5174138197659 0.0 0.0 266.0 258.953899707716 3.122203072133151 830.5060171874183 1.339147425913408 806.1667503998785 3.1131670591167286 3.059365278775366 781.720801372559 
118.00020591930135 9.185158424002939E-88 46.0242048214391 1.3753228640288913 827.9443641453922 0.0 0.0 266.0 254.2248080397061 3.112530635743733 827.9331491078327 1.3755325771674836 828.0706114548333 3.2572376308983233 3.1018641593131493 814.478852227465 
119.00017204105939 9.185158424002939E-88 46.0242048214391 1.3750884367337761 827.803238913733 0.0 0.0 266.0 260.5507760090911 3.1120018667186526 827.7924965471617 1.3640279326771494 821.1448154716425 3.1515730946930325 3.1649695719054267 815.4322516051603 
120.00020591930135 8.502744270122934E-88 46.0242048214391 1.377596758427152 829.3132485731454 0.0 0.0 266.0 262.6816888306518 3.1176789096346806 829.302589962825 1.3872896077827648 835.1483438852339 3.179316942886131 3.0651790889510626 794.2957965672061 
121.00020591930135 8.668585540073797E-88 46.0242048214391 1.3805836368285587 831.1113493707918 0.0 0.0 266.0 261.82551508523295 3.124439620193074 831.100938971357 1.4122585221563768 850.1796303381318 3.24712291718922 3.1131670591167286 806.1667503998785 
122.00020591930135 7.42506314468746E-88 45.657480037914596 1.3772938866738946 829.1309197776843 0.0 0.0 266.0 263.18704171023927 3.1169956838541224 829.1208519051966 1.4096423661264676 848.6047044081398 3.2243407536090896 3.2572376308983233 828.0706114548333 
123.00002244122415 7.718646051052875E-88 45.657480037914596 1.3775656984354967 829.2945504581689 0.0 0.0 266.0 262.230809417563 3.1176120590162633 829.284807698326 1.4366291049040432 864.8507211522235 3.29805152595582 3.059365278775366 781.720801372559 
124.00006071769795 9.992319465914247E-88 45.739991621852 1.3765253585120936 828.6682658242808 0.0 0.0 268.0 261.8968852395482 3.0920273877065942 828.6633399053673 1.4046319063912902 845.5884076475521 3.2287073856343156 3.059365278775366 781.720801372559 
125.00020591930135 9.992319465914247E-88 45.82239775002211 1.3771047847926599 829.0170804451817 0.0 0.0 267.0 263.78788766018454 3.1049153094831485 829.0123876320008 1.387114222215268 835.0427617735866 3.1655841713600625 3.059365278775366 781.720801372559 
126.00009378517689 9.427523201168783E-88 45.8458240728698 1.3757979019942173 828.2303370005188 0.0 0.0 267.0 259.8334422620393 3.1019689985564494 828.225722614572 1.3290740370163543 800.102570283841 3.0792901918951063 3.059365278775366 781.720801372559 
127.00020591930135 8.55434179795336E-88 45.91183860212581 1.3749840038448469 827.7403703145974 0.0 0.0 266.0 263.3935961966752 3.111789332136255 827.7359623482434 1.385651575234599 834.1622482912192 3.1669799886416095 0.0 0.0 
128.00008868453062 8.55434179795336E-88 45.90393224410666 1.3754242494434215 828.0053981649401 0.0 0.0 267.0 261.9925857955519 3.1011279747691005 828.00116926335 1.390229899887427 836.9183997322384 3.1944354348459867 0.0 0.0 
129.0000428066183 8.068672468381463E-88 45.90393224410666 1.3796637898396056 830.557601483443 0.0 0.0 267.0 256.9827891370695 3.1106868199321043 830.5533809218721 1.2924640214444971 778.0633409095924 3.027686575907575 0.0 0.0 
130.00020591930135 1.0443595990966954E-87 45.69452835065213 1.3808252453567487 831.2567977047624 0.0 0.0 266.0 260.500396265445 3.1250103238363285 831.2527461404635 1.355504431575049 816.013667808177 3.1324853225047478 0.0 0.0 
131.00020591930135 9.472094718615494E-88 45.95292256201686 1.3800866656292827 830.812172708828 0.0 0.0 267.0 258.95859757188805 3.1116409992653473 830.8081468038474 1.3240163680934125 797.0578535922381 3.0779354733374755 0.0 0.0 
132.0001258689865 8.758625329289188E-88 45.86951720231501 1.379558124484265 830.493990939527 0.0 0.0 266.0 255.95578639906321 3.122143139547844 830.4900751197262 1.324075849362489 797.0936613162258 3.114184963466578 0.0 0.0 
133.00013863075174 1.0478989998582102E-87 46.05540957880833 1.3777708861953544 829.4180734896033 0.0 0.0 266.0 262.8204978656286 3.1180985192563218 829.4142061221814 1.4051688596058096 845.911653482686 3.218590864686561 0.0 0.0 
134.00016059327874 1.4460200432930477E-87 45.87563354592085 1.3795114475296868 830.4658914128713 0.0 0.0 266.0 257.9200766108283 3.1220383391494484 830.4621982137533 1.3074616428334964 787.0919089857563 3.0516891873190133 0.0 0.0 
135.00020591930135 1.3558541863607536E-87 46.227671129407774 1.3797162519406831 830.589183668291 0.0 0.0 267.0 259.13058688977253 3.110807448954246 830.5855888707835 1.3362901525598199 804.4466718410195 3.1044064751152294 0.0 0.0 
136.0000732203345 1.410153153678307E-87 46.18531518034742 1.3815802302987625 831.7112986398545 0.0 0.0 267.0 260.6306189020443 3.1150105239237322 831.7078098876361 1.389955270017555 836.7530725505562 3.2104941317928666 0.0 0.0 
137.00017529121715 2.2125558004562826E-87 46.227671129407774 1.3825694657638692 832.3068183898489 0.0 0.0 267.0 262.83916511888907 3.117241113130184 832.3033772057594 1.436612068051634 864.8404649670892 3.290378983573088 0.0 0.0 
138.00020591930135 2.2125558004562826E-87 46.43229488838848 1.3839464877438674 833.1357856218085 0.0 0.0 266.0 255.29204711485164 3.1320774868503274 833.1326115021873 1.337431114567325 805.1335309695223 3.1537744323359442 0.0 0.0 
139.00020591930135 2.52973608930992E-87 46.68059534038935 1.3819081356667662 831.9086976713934 0.0 0.0 266.0 263.849439546056 3.127464725860374 831.9056170788594 1.3591963632152984 818.2362106556155 3.1011481853566307 0.0 0.0 
140.00005399613988 2.203955881737283E-87 46.89191289548737 1.3811668551511178 831.4624468009737 0.0 0.0 266.0 261.0211303580159 3.125787441009873 831.4594593086268 1.3496823222463332 812.508757992287 3.1128083648931106 3.0516891873190133 787.0919089857563 
141.00020591930135 2.1079129150349456E-87 46.89191289548737 1.380498098018786 831.0598550073086 0.0 0.0 266.0 264.93007874088363 3.124274288717537 831.0569607988646 1.4051100139344186 845.8762283885162 3.1928282073845993 3.0516891873190133 787.0919089857563 
142.00002343181364 2.1079129150349456E-87 47.008505855497305 1.3807196528005994 831.193230985961 0.0 0.0 266.0 259.8729332253271 3.1247757658450723 831.1903537147896 1.3562419279663296 816.4576406357216 3.1417571291574204 3.290378983573088 864.8404649670892 
143.00020591930135 2.1079129150349456E-87 47.008505855497305 1.3839472759325353 833.1362601113866 0.0 0.0 266.0 262.9532580498153 3.1320807581026564 833.1334816553069 1.3610290503466684 819.3394883086962 3.1159130500428183 3.290378983573088 864.8404649670892 
144.00020591930135 2.1079129150349456E-87 47.23783817329903 1.386169455764761 834.474012370386 0.0 0.0 266.0 261.3259624496291 3.137110045989422 834.4712722331864 1.3767340993321782 828.7939277979827 3.1714947876934874 3.1537744323359442 805.1335309695223 
145.00020591930135 1.9478389756904013E-87 47.23783817329903 1.3853246960160022 833.9654670016331 0.0 0.0 266.0 263.4999342831813 3.1351983251943674 833.9627545017017 1.4076064502857166 847.3790830719963 3.215860699841104 3.1011481853566307 818.2362106556155 
146.0000945365074 2.1079129150349456E-87 47.59609800564275 1.3845982454374817 833.5281437533642 0.0 0.0 266.0 265.72485624597584 3.1335543147815286 833.5254477318867 1.442442515660182 868.3503944274329 3.267855354952641 3.1011481853566307 818.2362106556155 
147.00020591930135 2.9066577271196094E-87 47.56252815838666 1.3824174434385035 832.215300949979 0.0 0.0 266.0 260.88969781181 3.1286190699261955 832.2126726003679 1.4385346425543095 865.9978548176873 3.319402268779374 3.1011481853566307 818.2362106556155 
148.0000301438763 2.6333422942644696E-87 47.56252815838666 1.3841150105793445 833.2372363687655 0.0 0.0 268.0 262.41769166952446 3.1090880743129086 833.2356039158597 1.4680062280493014 883.7397492856751 3.3676835721831293 3.1011481853566307 818.2362106556155 
149.00020591930135 2.385064328313524E-87 47.410571328991644 1.3858854536653513 834.3030431065416 0.0 0.0 267.0 257.8532323081036 3.124721045988445 834.3005192789149 1.3532567306311754 814.660551839971 3.1593963145148773 3.1011481853566307 818.2362106556155 
150.00012600891682 2.1595946465024133E-87 47.66410319339383 1.3832747118542381 832.7313765362519 0.0 0.0 268.0 259.26828997248106 3.1071973651739593 832.7288938666214 1.3470947475791688 810.9510380426543 3.1278450524309367 3.1011481853566307 818.2362106556155 
151.00016141486225 2.848089213978997E-87 47.66410319339383 1.384642833810836 833.5549859541234 0.0 0.0 267.0 259.13315062973567 3.1219201478006013 833.5526794627607 1.381724305244934 831.7980317574453 3.209925205385883 3.1011481853566307 818.2362106556155 
152.00020591930135 2.848089213978997E-87 47.996255883163826 1.382769362692356 832.4271563407974 0.0 0.0 267.0 264.3047048259202 3.1176961504228897 832.4248721629106 1.4063386861321059 846.6158890515345 3.203181303976952 3.1011481853566307 818.2362106556155 
153.00008765687218 2.848089213978997E-87 48.197193017477375 1.3842438214778627 833.314780529673 0.0 0.0 267.0 262.1456228958486 3.1210205388370564 833.3124838694938 1.3995266127894668 842.5150208992643 3.213919849556285 3.1011481853566307 818.2362106556155 
154.00020591930135 2.737022198408942E-87 48.47647171623981 1.385023262059797 833.7840037599976 0.0 0.0 267.0 258.4282692502138 3.1227781529153327 833.7817668283934 1.3519380942430665 813.8667327343305 3.1492945222116298 3.1011481853566307 818.2362106556155 
155.00002143397626 2.5273761040556035E-87 48.63995087320356 1.383803044408935 833.0494327341788 0.0 0.0 267.0 263.6696503107146 3.1200269955396114 833.0472078090761 1.4063794510007737 846.6404295024547 3.2109893137293333 3.1011481853566307 818.2362106556155 
156.00020591930135 2.873518413555925E-87 48.63995087320356 1.3860470035130148 834.4002961148342 0.0 0.0 267.0 263.11013867302495 3.125086458200915 834.3980843396436 1.4054638391197012 846.0892311500537 3.2157226453425074 3.1011481853566307 818.2362106556155 
157.00007280696425 2.2418804154611487E-87 48.57622028140342 1.3834320647453056 832.8261029766742 0.0 0.0 267.0 261.71830762035927 3.1191907238120407 832.8239232578151 1.3752176857280098 827.8810468082563 3.163252331621966 3.1011481853566307 818.2362106556155 
158.00016953151547 2.2871821104497087E-87 48.618337920658824 1.3833863061244733 832.7985562869328 0.0 0.0 266.0 262.60176188227615 3.1308135250012183 832.796397650324 1.4483943625838265 871.9334062754635 3.3203638849397725 3.1492945222116298 813.8667327343305 
159.00020591930135 3.1522803007493393E-87 48.618337920658824 1.385687308347467 834.1837596251752 0.0 0.0 266.0 264.5915865175261 3.1360215399610154 834.1817296296304 1.4098361866752487 848.7213843784926 3.207665805058676 3.2109893137293333 846.6404295024547 
160.00020591930135 3.1522803007493393E-87 48.618337920658824 1.3856751058966017 834.1764137497543 0.0 0.0 266.0 263.47329787863464 3.1359940446456096 834.1744158757324 1.3628861747990109 820.4574772289957 3.1140061776086627 3.2157226453425074 846.0892311500537 
161.00020591930135 3.1522803007493393E-87 48.8218794118055 1.3854240124481436 834.0252554937816 0.0 0.0 266.0 264.80866445174007 3.13542603763173 834.0233260100399 1.3908623198375984 837.2991165422418 3.161902267343805 3.163252331621966 827.8810468082563 
162.00020591930135 3.0286103193145035E-87 48.772540015168616 1.3857004969474316 834.1916991623536 0.0 0.0 266.0 256.86957893882857 3.136051820652437 834.1897842935483 1.3025642455841253 784.1436758416388 3.0526918721986007 3.3203638849397725 871.9334062754635 
163.00013801125627 2.7397149271236227E-87 48.772540015168616 1.3856798290334145 834.1792570781151 0.0 0.0 266.0 263.1767910693999 3.1360052854031486 834.1774059172375 1.3836200345090977 832.9392607744858 3.164941928921229 3.163252331621966 827.8810468082563 
164.00003825906424 3.17774091556545E-87 48.772540015168616 1.3844248386638653 833.423752875647 0.0 0.0 266.0 255.9547947427781 3.133165095517859 833.4219154077504 1.3695958304293105 824.4966899184543 3.221259014690593 3.1140061776086627 820.4574772289957 
165.00020591930135 3.626267468720226E-87 48.92043621345776 1.3824065561117145 832.2087467792518 0.0 0.0 266.0 259.71137563778024 3.1285974557446345 832.2069232280726 1.393618272654446 838.9582001379729 3.230348297519585 3.161902267343805 837.2991165422418 
166.00020591930135 6.8786753421950896E-87 49.0551525629756 1.3829633241233283 832.5439211222443 0.0 0.0 266.0 258.28793774974525 3.129857648928828 832.5421346150686 1.3662121468448563 822.459712400608 3.184274571882981 3.163252331621966 827.8810468082563 
167.00020591930135 6.452411092588895E-87 49.10750597601263 1.3843810546970385 833.397394927618 0.0 0.0 266.0 261.1294675611757 3.1330663757721844 833.3956559554016 1.403082473817636 844.655649238221 3.2346240243466227 3.163252331621966 827.8810468082563 
168.00020591930135 9.063889369274313E-87 49.03989333387305 1.38288828966042 832.4987503755736 0.0 0.0 267.0 260.8222906462407 3.1179690831354523 832.4977451971664 1.3856126019643469 834.1387863825348 3.198111573653406 3.163252331621966 827.8810468082563 
169.00020591930135 9.063889369274313E-87 49.1905131724432 1.3799742919780253 830.7445237707715 0.0 0.0 267.0 260.50037692957426 3.11139911421132 830.7435634944227 1.3646382255904246 821.5122118054294 3.153593178974645 3.163252331621966 827.8810468082563 
170.00020591930135 1.2475547648497205E-86 49.31035583724766 1.3810607954008913 831.398598831337 0.0 0.0 265.0 263.34950394443774 3.1373495963706715 831.3976430382284 1.388615000572864 835.9462303448554 3.174284431237151 3.163252331621966 827.8810468082563 
171.00020591930135 1.2475547648497205E-86 49.38026167961858 1.382328857135744 832.1619719957185 0.0 0.0 266.0 258.65806556375577 3.1284250283439787 832.1610575394986 1.3770893572289586 829.0077930518246 3.2050336077669503 3.2346240243466227 844.655649238221 
172.00006538468455 1.1056706943386144E-86 49.361336206970854 1.383141211202192 832.6510091437198 0.0 0.0 266.0 260.6174218611841 3.130265796345168 832.6507018278149 1.3969234715824475 840.9479298926353 3.226752547420103 3.198111573653406 834.1387863825348 
173.00020591930135 1.1056706943386144E-86 49.46015766788604 1.3837164965255855 832.9973309084023 0.0 0.0 267.0 257.39891786416297 3.1198390870344213 832.9970362381903 1.3518270051778463 813.7998571170575 3.1616288983255316 3.153593178974645 821.5122118054294 
174.00004437813124 1.8423278203379874E-86 49.44504715061266 1.3838842022184745 833.0982897355217 0.0 0.0 266.0 257.7206672887593 3.1319473733234378 833.0980013040344 1.3415560413960252 807.6167369203982 3.133690229101868 3.174284431237151 835.9462303448554 
175.00020591930135 1.6994739818318875E-86 49.55064251284714 1.381638804070521 831.7465600504538 0.0 0.0 266.0 254.07282350039378 3.1268657307040573 831.7462843672793 1.3121365141359393 789.9061815098432 3.1089754922514135 3.2050336077669503 829.0077930518246 
176.00020591930135 3.0158109950335296E-86 49.55064251284714 1.3808993861431749 831.3014304581905 0.0 0.0 265.0 256.20226622842335 3.1369855313553527 831.3011658091682 1.3334106231929832 802.7131951621814 3.133122930483772 3.226752547420103 840.9479298926353 
177.00020591930135 2.8297417341334612E-86 49.55064251284714 1.3810986223220634 831.4213706378816 0.0 0.0 265.0 258.9248628519472 3.1374381946383845 831.4211215791713 1.3638053522905318 821.0108220789033 3.170845831627826 3.1616288983255316 813.7998571170575 
178.00020591930135 2.8297417341334612E-86 49.7669337814977 1.3824187466047781 832.2160854560763 0.0 0.0 265.0 261.06433362566 3.1404371584340507 832.2158469850231 1.3912590037085344 837.5379202325457 3.208166771005536 3.133690229101868 807.6167369203982 
179.00020317535763 2.8874677064174568E-86 49.80897694126909 1.384538022703574 833.4918896675518 0.0 0.0 264.0 261.1711371915952 3.1571653637031885 833.4916560176418 1.3709036057943347 825.2839706882016 3.159935586920438 3.1089754922514135 789.9061815098432 
180.00001315692646 2.8874677064174568E-86 49.897604990761266 1.381313823721922 831.5509218805965 0.0 0.0 264.0 262.42886047927163 3.1498132357197237 831.5506942300066 1.4124306098168835 850.2832271097564 3.2400522776225573 3.133122930483772 802.7131951621814 
181.00020591930135 2.8874677064174568E-86 49.91119007666218 1.3767989753494647 828.8329831603777 0.0 0.0 264.0 258.39295972301767 3.1395180154658235 828.8327560829772 1.3714141064537644 825.591292085178 3.1950997928510287 3.170845831627826 821.0108220789033 
182.00000859243423 2.455948952291047E-86 49.93559706859813 1.3712152253389815 825.4715656540677 0.0 0.0 264.0 262.58813656761794 3.1267854341387884 825.4713546126405 1.3907678408701405 837.2422402038206 3.188423708503015 3.208166771005536 837.5379202325457 
183.0000802540203 2.2188420207121016E-86 49.93559706859813 1.372148604854257 826.0334601222623 0.0 0.0 264.0 259.1383691030449 3.1289138646300767 826.0332602623403 1.3467188898447375 810.724771686532 3.128540071054286 3.159935586920438 825.2839706882016 
184.00020591930135 3.003955414900442E-86 49.94308796995569 1.3726325874921772 826.3248176702905 0.0 0.0 264.0 256.2388404591329 3.1300175437706166 826.3246315554426 1.3165714513199993 792.5760136946361 3.0931142689940585 3.2400522776225573 850.2832271097564 
185.00020591930135 3.274893820366279E-86 49.972229936848954 1.3732887289845592 826.7198148487042 0.0 0.0 264.0 254.50075182873036 3.131513751232457 826.7196303253681 1.3119906779371862 789.818388118179 3.10340296617158 3.2400522776225573 850.2832271097564 
186.00020591930135 4.223026765669077E-86 49.96751056022198 1.3758308249879119 828.2501566427233 0.0 0.0 266.0 257.25494944635534 3.113721708731023 828.2499745224521 1.331096517248124 801.3201033833611 3.114887022029709 3.1950997928510287 825.591292085178 
187.00020591930135 3.963003169770572E-86 49.963901925894106 1.3752510106478069 827.9011084099797 0.0 0.0 265.0 260.43687076049946 3.1241544488616158 827.9009289483281 1.394692624063142 839.6049596860188 3.2238329282420555 3.188423708503015 837.2422402038206 
188.00020591930135 3.963003169770572E-86 49.977227409714494 1.375852480252386 828.2631931119358 0.0 0.0 265.0 260.63589917405113 3.125520829906117 828.2630199251208 1.3796810616630995 830.5679991211775 3.186698385576306 3.128540071054286 810.724771686532 
189.0001693610313 3.24869089625353E-86 49.99722229938347 1.3756648167478491 828.1502196822049 0.0 0.0 266.0 261.7678940024159 3.1133460526823273 828.1500500134991 1.36524340805566 821.8765316495115 3.139714802617949 3.0931142689940585 792.5760136946361 
190.0000320564126 3.0987602560116245E-86 49.99527800076869 1.3787596525413641 830.0133108299007 0.0 0.0 266.0 262.36420585641287 3.1203501761597003 830.0131468584802 1.3962548819400087 840.5454389278807 3.203735190111626 3.10340296617158 789.818388118179 
191.00020591930135 2.8537860708614396E-86 49.998611130402146 1.3801960032502532 830.8779939566523 0.0 0.0 266.0 262.0279178280218 3.1236008928203383 830.8778374902101 1.3718194402483024 825.8353030294733 3.1517073061333036 3.10340296617158 789.818388118179 
192.00007776855577 3.0987602560116245E-86 49.938648781627734 1.3793679341345364 830.3794963489909 0.0 0.0 266.0 258.5713910043495 3.121726840953584 830.3793396936535 1.3756146593116672 828.1200249056129 3.202674594776353 3.114887022029709 801.3201033833611 
193.0000683185704 3.0987602560116245E-86 49.90120883677571 1.3780176301309635 829.5666133388391 0.0 0.0 266.0 262.63241509814316 3.118670925406866 829.5664661582257 1.4206763494936065 855.2471623951554 3.256441753679027 3.114887022029709 801.3201033833611 
194.00006320316393 2.8537860708614396E-86 49.90120883677571 1.3784353684970296 829.8180918352119 0.0 0.0 266.0 262.7719801389552 3.119616342996528 829.8179472370766 1.3768908202971841 828.8882738189022 3.154401292636231 3.114887022029709 801.3201033833611 
195.00020591930135 4.379698523799603E-86 49.90120883677571 1.3827197748072997 832.3973044339941 0.0 0.0 266.0 263.5956482250124 3.129312652058903 832.397165447668 1.403093883291404 844.6625177414188 3.2043871870767457 3.114887022029709 801.3201033833611 
196.00020591930135 4.030950136781847E-86 49.88236082939296 1.3768476049291571 828.8622581673523 0.0 0.0 266.0 266.12330185818644 3.116023028309174 828.8621255302401 1.4247239110872512 857.6837944745178 3.222881230188426 3.114887022029709 801.3201033833611 
197.00020591930135 4.115511901010794E-86 49.79099361344904 1.371295889539912 825.5201255030266 0.0 0.0 265.0 256.2555538063804 3.1151698125908944 825.5200003365869 1.328467098207348 799.7371931208147 3.1208579921162367 3.114887022029709 801.3201033833611 
198.00020591930135 4.115511901010794E-86 49.763616096477506 1.3661283648644058 822.409275648373 0.0 0.0 265.0 258.84909691960985 3.1034307782242823 822.4091562294348 1.381646399211971 831.7511323255994 3.213266502466935 3.256441753679027 855.2471623951554 
199.00020591930135 4.115511901010794E-86 49.67743387473134 1.3683056000454012 823.7199712273315 0.0 0.0 266.0 263.9871522795517 3.096691185960784 823.7198554655682 1.4156912115781741 852.246109370062 3.228362069937282 3.256441753679027 855.2471623951554 
200.00009430152883 4.482121836351728E-86 49.53495396015936 1.369792489681709 824.615078788388 0.0 0.0 264.0 262.31264933727425 3.1235415334029137 824.6149648183685 1.3568158060334576 816.8031152321357 3.1138533246329008 3.256441753679027 855.2471623951554 
201.0000366056718 5.7759142664301815E-86 49.44834359687692 1.3668443351721817 822.8402897736535 0.0 0.0 265.0 255.80162271978438 3.1050573039906295 822.8401855575169 1.3031632488386138 784.5042758008394 3.0668463610968475 3.256441753679027 855.2471623951554 
202.00020428079148 5.088172764396379E-86 49.455211899276684 1.365466596112772 822.0108908598886 0.0 0.0 265.0 263.0269957036468 3.1019275190580538 822.0107925503839 1.3756154399273608 828.1204948362753 3.148423957856101 3.256441753679027 855.2471623951554 
203.00018267780692 7.928362804451478E-86 49.36928950717404 1.367284909697972 823.105515638179 0.0 0.0 265.0 259.32370120841443 3.1060581912899083 823.1054206918252 1.3398348652678702 806.5805888912656 3.110323449544742 3.256441753679027 855.2471623951554 
204.00020591930135 6.037941998934005E-86 49.316657007495714 1.364743514378628 821.5755956559337 0.0 0.0 265.0 263.92801388201036 3.1002849187248396 821.575503462082 1.385886733671044 834.3038136699755 3.161103671408496 3.256441753679027 855.2471623951554 
205.00020591930135 9.602774950745263E-86 49.52174640018003 1.3634638160607755 820.8052172685861 0.0 0.0 265.0 258.6854325527676 3.0973778448551053 820.8051288866026 1.3401125859308456 806.7477767303632 3.1186440178296464 3.256441753679027 855.2471623951554 
206.00009423678495 8.472159606593187E-86 49.44202560114073 1.3624761457959982 820.210639769191 0.0 0.0 264.0 262.90103833270416 3.106858165122662 820.2105555923835 1.3914684469843521 837.664005084589 3.186233156007988 3.256441753679027 855.2471623951554 
207.00017867022075 1.4049168677427262E-85 49.52119616159739 1.3630076088110217 820.5305805042352 0.0 0.0 263.0 262.44719822941113 3.1198878305130116 820.5304994249225 1.3613762620821865 819.5485097734834 3.122717694464001 3.256441753679027 855.2471623951554 
208.0001326235116 1.4049168677427262E-85 49.43213818474159 1.357823020892321 817.4094585771772 0.0 0.0 263.0 255.85406254687467 3.1080204567501486 817.4093801252889 1.2988778003632866 781.9244358186883 3.0561345324561064 3.256441753679027 855.2471623951554 
209.00020591930135 1.2472961546364036E-85 49.44834359687692 1.3565612945542338 816.6498993216491 0.0 0.0 263.0 258.5103846263619 3.105132417690153 816.6498258525104 1.327367832169714 799.0754349661636 3.0910767322601282 0.0 0.0 
210.00020591930135 1.2472961546364036E-85 49.42939203116247 1.3532877138219328 814.6792037208033 0.0 0.0 264.0 260.3010376066521 3.08590579975534 814.6791311354094 1.348775170421368 811.9626525936696 3.119321613387682 0.0 0.0 
211.00020591930135 1.2472961546364036E-85 49.3791643526663 1.3500128622573364 812.7077430789167 0.0 0.0 263.0 254.22408580388492 3.0901432430484386 812.7076729217393 1.293886631181903 778.9197519714962 3.0639101307355086 0.0 0.0 
212.000068571774 1.0446518665319782E-85 49.3791643526663 1.3510939750390933 813.3585729735335 0.0 0.0 264.0 251.70274505124692 3.08090342412747 813.3585039696517 1.2648590808327858 761.4451666613389 3.025176251082633 0.0 0.0 
213.00020591930135 1.098993541635132E-85 49.24301104701155 1.3484024685189744 811.7382860484217 0.0 0.0 264.0 261.2358026467335 3.0747659799548135 811.7382187080703 1.3803181265248707 830.9515121679609 3.180848504489441 0.0 0.0 
214.00014002435645 1.098993541635132E-85 49.24301104701155 1.3498568854624216 812.6138450483778 0.0 0.0 264.0 261.6049543057685 3.078082505963256 812.6137815742993 1.3481269932100721 811.5724499124535 3.1022824168837158 0.0 0.0 
215.00020591930135 9.43770867106525E-86 49.26408061905937 1.347132541218429 810.973789813494 0.0 0.0 263.0 260.1453769585429 3.083550298700187 810.973728558149 1.3520127027998194 813.911647085489 3.128680034991339 3.056221612171974E-9 1.3702206524923469E-8 
216.00020591930135 9.43770867106525E-86 49.19925892989524 1.3458285991201608 810.1888166703372 0.0 0.0 265.0 259.66696447721864 3.057316067259146 810.1887578236741 1.3483324030716275 811.6961066491122 3.125912101615547 3.950296012525002E-8 3.2761455415239315E-7 
217.000035222349 9.43770867106525E-86 49.19925892989524 1.3429172996474286 808.4362143877518 0.0 0.0 264.0 250.2225076318155 3.0622581674216356 808.4361561993121 1.2494648785801554 752.1778569052574 3.0060359638471583 3.025176251082633 761.4451666613389 
218.00020591930135 7.897634034079739E-86 49.19925892989524 1.3399354368072611 806.6411329579711 0.0 0.0 263.0 255.77556930987512 3.0670763382090778 806.6410769489876 1.3052758473183548 785.7760600856539 3.0721310178521266 3.025176251082633 761.4451666613389 
219.00013074013594 1.0743632196494534E-85 49.15991526231151 1.337046428774988 804.9019501225425 0.0 0.0 263.0 254.95389594746388 3.060463481321695 804.9018955876055 1.3079091566100036 787.3613122792159 3.0882497768987243 3.025176251082633 761.4451666613389 
220.00020591930135 9.456760588116549E-86 49.15991526231151 1.3337987059200986 802.9468209638994 0.0 0.0 262.0 253.3063116147774 3.0646823220808335 802.9467683851784 1.2619429540594191 759.6896583437808 2.9990948646360613 3.025176251082633 761.4451666613389 
221.00020591930135 9.70138618237661E-86 49.11187128154474 1.332328096851117 802.0615143043724 0.0 0.0 263.0 260.1830432522797 3.049663356699364 802.061462811933 1.342490116373894 808.1790500570887 3.1061941622131735 3.025176251082633 761.4451666613389 
222.00020591930135 1.5864612547249522E-85 48.93756136272788 1.3310771187677042 801.3084254981588 0.0 0.0 263.0 262.26023333537074 3.046799906425839 801.3083753899955 1.3829404581332074 832.5301557961951 3.1744429767649134 3.0060359638471583 752.1778569052574 
223.00005041318005 1.793825256247594E-85 48.98244136082337 1.3337766644094475 802.9335519744883 0.0 0.0 263.0 254.4364786284972 3.052979104465255 802.9335044743627 1.3228023263903539 796.3270004870006 3.1297674169186958 3.0721310178521266 785.7760600856539 
224.00020591930135 1.927187074865834E-85 48.760077513998354 1.3330061340058006 802.4696926714922 0.0 0.0 263.0 254.97633770251937 3.051215391244584 802.4696478973259 1.2952200541579317 779.7224726030686 3.0580189504202933 3.0721310178521266 785.7760600856539 
225.00020591930135 1.6528947294971786E-85 48.760077513998354 1.330771690494116 801.1245576774579 0.0 0.0 263.0 258.71473913616865 3.046100815562436 801.1245144929206 1.3264801642986326 798.5410589077842 3.086569638722787 3.0721310178521266 785.7760600856539 
226.00013485609392 1.7397655354215054E-85 48.71540125603391 1.3311883382812244 801.3753796452966 0.0 0.0 263.0 263.85645016504185 3.0470545162348306 801.3753377697601 1.3566088608288234 816.6785342189531 3.095162288843505 3.0721310178521266 785.7760600856539 
227.00007782201902 2.0914696925583687E-85 48.612666111985234 1.3280886825674127 799.5093869055821 0.0 0.0 263.0 263.03416398850766 3.0399594862867048 799.5093448934033 1.353161513488026 814.6032311197852 3.096948391674993 3.0721310178521266 785.7760600856539 
228.00020591930135 1.8687760313306712E-85 48.660221742218035 1.327911657582447 799.4028178646331 0.0 0.0 263.0 253.18172459486738 3.039554289383756 799.4027781079278 1.2839733841122059 772.9519772355428 3.052953282755277 3.0721310178521266 785.7760600856539 
229.0000477697214 1.6865852285305987E-85 48.383109870729186 1.3258839236625368 798.1821220448477 0.0 0.0 263.0 260.58679158928913 3.0349128637139415 798.1820831567671 1.303033342356964 784.4260720989002 3.0102295949644073 3.0721310178521266 785.7760600856539 
230.0000559397101 1.730424961849541E-85 48.383109870729186 1.3220776907123941 795.8907698088617 0.0 0.0 263.0 257.28440751474676 3.0262005030663355 795.8907323064464 1.232563919261506 742.0034793954214 2.8839815306448062 3.0721310178521266 785.7760600856539 
231.0002022589389 2.0801021872733245E-85 48.44900949730896 1.318712777956173 793.8650923296158 0.0 0.0 263.0 257.09129080322566 3.018498316808409 793.8650573206114 1.23865614401775 745.6709986986898 2.9004132982062654 3.0721310178521266 785.7760600856539 
232.00010712934096 1.9259134108596228E-85 48.37262799933511 1.3136430010754354 790.8130866474115 0.0 0.0 263.0 258.0373317057818 3.0068937396181474 790.8130535195727 1.2621563035582832 759.8180947420908 2.94460530078821 3.0721310178521266 785.7760600856539 
233.00020591930135 1.567581032926802E-85 48.37262799933511 1.3123520653691876 790.0359433522503 0.0 0.0 263.0 261.8510740543804 3.003938822934509 790.0359104317753 1.307934111189312 787.3763349359618 3.0069624032645446 3.0102295949644073 784.4260720989002 
234.00010496611048 1.7438587919716116E-85 48.527668341160975 1.3083959243722445 787.6543464720908 0.0 0.0 263.0 250.21309688495327 2.994883323838983 787.6543141696519 1.2143635370742374 731.0468493186844 2.9216969791745795 2.8839815306448062 742.0034793954214 
235.00020591930135 1.640161641374411E-85 48.51014762459355 1.307061260941953 786.8508790870559 0.0 0.0 263.0 258.32660857799215 2.9918283203755567 786.8508482587719 1.252539097346436 754.0285366025563 2.9188961243800997 2.9004132982062654 745.6709986986898 
236.00020591930135 1.971270250365577E-85 48.7143187037108 1.307779719349777 787.2833910485652 0.0 0.0 263.0 262.82660099960174 2.993472853360261 787.2833604337479 1.2972653546386859 780.9537434924958 2.9713649247158176 2.94460530078821 759.8180947420908 
237.00020591930135 2.8466555068527405E-85 48.7143187037108 1.3067647626034185 786.6723870872579 0.0 0.0 263.0 263.4858112846332 2.9911496468119405 786.6723571115402 1.3455541153821635 810.0235774600601 3.074258813067638 3.0069624032645446 787.3763349359618 
238.00005604605596 2.437756458679935E-85 48.73191316203709 1.3019069206625176 783.7479662388346 0.0 0.0 263.0 259.7893708269646 2.9800301792315023 783.7479371378842 1.324988094876947 797.6428331159287 3.070344373893599 2.9188961243800997 754.0285366025563 
239.00001407442008 2.755167204580678E-85 48.8262193274113 1.3032228988163674 784.540185087453 0.0 0.0 263.0 259.41824149177853 2.983042427242002 784.5401583646465 1.318696294792661 793.855169465181 3.0601362683677733 2.9713649247158176 780.9537434924958 
240.00020591930135 2.4840197928077116E-85 48.86611035980788 1.3015103013878722 783.5092014354989 0.0 0.0 263.0 259.4806886757732 2.979122344119832 783.5091765035157 1.2790075694778802 769.9625568256886 2.9673212320928193 3.074258813067638 810.0235774600601 
241.00002103944954 2.23915901235519E-85 48.92179513330069 1.2997565903524582 782.4534673921798 0.0 0.0 263.0 262.08051910736384 2.975108149770601 782.4534433896679 1.3089671078176524 787.998198906216 3.00670267897098 3.070344373893599 797.6428331159287 
242.0001729649373 2.3584661361839606E-85 49.165924063677416 1.2999578962240925 782.5746535269044 0.0 0.0 263.0 258.7833327716333 2.975568936072316 782.5746301870199 1.259845776580879 758.427157501688 2.9307419043519776 3.0601362683677733 793.855169465181 
243.00016898750016 2.833543736990031E-85 49.155818773485294 1.2969084933873192 780.7389130191665 0.0 0.0 263.0 252.03534535100692 2.968588939730519 780.7388911491269 1.2362532511290847 744.2244571797032 2.952857489663721 2.9673212320928193 769.9625568256886 
244.00020591930135 2.935060693271857E-85 49.155818773485294 1.295145133670769 779.6773704698033 0.0 0.0 264.0 254.3605986419547 2.953323290537486 779.6773487018966 1.2161955034814569 732.1496930958375 2.8783927109970064 3.00670267897098 787.998198906216 
245.0000867426041 3.0122223606790187E-85 49.336387616071356 1.2888184808847334 775.8687254926095 0.0 0.0 264.0 255.36553011793245 2.938896612893218 775.8687058038097 1.2349207940557665 743.4223180215658 2.9112085631848585 2.9307419043519776 758.427157501688 
246.00020591930135 3.0122223606790187E-85 49.52532309989822 1.2860107407136638 774.1784659096256 0.0 0.0 264.0 258.19676655364833 2.9324941164367075 774.178446739291 1.264571748498341 761.2721925960049 2.9484187689772137 2.952857489663721 744.2244571797032 
247.00020591930135 2.554001808196439E-85 49.644326622429624 1.2865219953235771 774.4862411847934 0.0 0.0 262.0 256.5872603535675 2.956054206900074 774.4862022078191 1.249607493985265 752.2637113791334 2.9318046045721156 2.8783927109970064 732.1496930958375 
248.0000941219334 2.6212329504753565E-85 49.644326622429624 1.2850072622414181 773.5743718693337 0.0 0.0 263.0 259.37117711731474 2.941347358473247 773.5743552784638 1.279339737298344 770.1625218535929 2.9693450537306423 2.9112085631848585 743.4223180215658 
249.00020591930135 3.347380608652959E-85 49.60683174225975 1.2825571382282184 772.0993972133878 0.0 0.0 263.0 254.1949216554874 2.9357390915242867 772.0993810708876 1.2318878291376603 741.5964731408782 2.917432292947104 2.9484187689772137 761.2721925960049 
250.0000991334363 3.17783565771992E-85 49.60683174225975 1.2814066036262908 771.4067753830275 0.0 0.0 263.0 257.97595720837853 2.9331055526559373 771.4067603485116 1.2645391958838368 761.2525959220671 2.950866445694278 2.9318046045721156 752.2637113791334 
251.00020591930135 0.0 49.644326622429624 1.2762500211462555 768.3025127300455 0.0 0.0 264.0 256.03498756579245 2.9102367378028817 768.3024987799607 1.2507331298058288 752.9413441431038 2.94077520928511 2.9693450537306423 770.1625218535929 
252.00020591930135 0.0 0.0 0.0 0.0 0.0 0.0 264.0 256.1516810431841 0.0 0.0 1.2179307090717828 733.1942868612088 2.862344232430007 2.917432292947104 741.5964731408782 
253.00020591930135 0.0 0.0 0.0 0.0 0.0 0.0 262.0 258.5924045295072 0.0 0.0 0.7746673052145832 466.3497177391768 1.8034161466871819 2.950866445694278 761.2525959220671 
254.00020591930135 0.0 0.0 0.0 0.0 0.0 0.0 263.0 259.1972400165737 0.0 0.0 0.211279141274215 127.19004304707836 0.49070755166584923 2.94077520928511 752.9413441431038 
255.00020591930135 0.0 0.0 0.0 0.0 0.0 0.0 262.0 261.2597163249266 0.0 0.0 0.030364381409139694 18.279357608302025 0.06996623078916665 2.862344232430007 733.1942868612088 
256.0001122028817 0.0 0.0 0.0 0.0 0.0 0.0 262.0 254.09238174047096 0.0 0.0 0.0032018497143176763 1.9275135280192266 0.007585876895703162 1.8034161466871819 466.3497177391768 
257.0002059193014 0.0 0.0 0.0 0.0 0.0 0.0 263.0 256.52659983307683 0.0 0.0 0.0017137639966445062 1.0316859259800057 0.004021750284965883 0.49070755166584923 127.19004304707836 
258.00012646427774 0.0 0.0 0.0 0.0 0.0 0.0 262.0 251.40039418708722 0.0 0.0 0.0014938608202404616 0.8993042137847452 0.003577179012358671 0.49070755166584923 127.19004304707836 
259.00001404127926 0.0 0.0 0.0 0.0 0.0 0.0 262.0 257.6076058093839 0.0 0.0 0.0015632436834773131 0.9410726974533353 0.003653124660262087 0.007585876895703162 1.9275135280192266 
260.0002059193014 0.0 0.0 0.0 0.0 0.0 0.0 262.0 264.52218179223064 0.0 0.0 0.0013890969007773293 0.8362363342679637 0.0031613089254071964 0.007585876895703162 1.9275135280192266 
261.0002059193014 0.0 0.0 0.0 0.0 0.0 0.0 263.0 262.1352244008959 0.0 0.0 0.0011567677162917175 0.6963741652076096 0.0026565455550628765 0.007585876895703162 1.9275135280192266 
262.0002059193014 0.0 0.0 0.0 0.0 0.0 0.0 262.0 269.6102268382206 0.0 0.0 0.0011887629361111095 0.7156352875388956 0.0026543328713131936 0.007585876895703162 1.9275135280192266 
263.0000097288476 0.0 0.0 0.0 0.0 0.0 0.0 263.0 267.4742716523156 0.0 0.0 3.6727705091464547E-5 0.022110078465061692 8.266244947028825E-5 0.0031613089254071964 0.8362363342679637 
264.0000753165238 0.0 0.0 0.0 0.0 0.0 0.0 264.0 267.69517935034287 0.0 0.0 1.4327570405939897E-5 0.008625197384375843 3.222021930057888E-5 0.0031613089254071964 0.8362363342679637 
265.0001567722566 0.0 0.0 0.0 0.0 0.0 0.0 263.0 263.6857884961142 0.0 0.0 1.0432802566462094E-5 0.006280547145010252 2.381829973025947E-5 0.0031613089254071964 0.8362363342679637 
266.0000048087346 0.0 0.0 0.0 0.0 0.0 0.0 264.0 255.80245417276436 0.0 0.0 5.918032685920051E-8 3.5626556769238936E-5 1.392737098025549E-7 0.0031613089254071964 0.8362363342679637 
267.0002059193014 0.0 0.0 0.0 0.0 0.0 0.0 263.0 257.4013796377544 0.0 0.0 4.796821904656404E-8 2.8876867866031098E-5 1.1218614253998961E-7 0.0031613089254071964 0.8362363342679637 
268.0002059193014 0.0 0.0 0.0 0.0 0.0 0.0 263.0 258.01185258631926 0.0 0.0 4.307602766302034E-8 2.5931768653138653E-5 1.005061139370062E-7 0.0031613089254071964 0.8362363342679637 
269.0002059193014 0.0 0.0 0.0 0.0 0.0 0.0 263.0 257.8236821516287 0.0 0.0 1.7172302855191307E-8 1.0337726318825069E-5 4.009610844338709E-8 0.0031613089254071964 0.8362363342679637 
270.0002059193014 0.0 0.0 0.0 0.0 0.0 0.0 262.0 251.71025945631985 0.0 0.0 1.36397111109687E-9 8.211106088803197E-7 3.262126107429522E-9 0.0031613089254071964 0.8362363342679637 
271.0001984674679 0.0 0.0 0.0 0.0 0.0 0.0 262.0 258.09677347731673 0.0 0.0 1.3837583594405539E-9 8.330225323832203E-7 3.2275588770831026E-9 0.0031613089254071964 0.8362363342679637 
272.00009629060673 0.0 0.0 0.0 0.0 0.0 0.0 262.0 258.2375138520771 0.0 0.0 1.3159252443872238E-9 7.921869971211155E-7 3.067668152872994E-9 4.009610844338709E-8 1.0337726318825069E-5 
273.0002059193014 0.0 0.0 0.0 0.0 0.0 0.0 262.0 262.9031767606732 0.0 0.0 8.610540539167792E-10 5.183545404579045E-7 1.971655675084423E-9 3.262126107429522E-9 8.211106088803197E-7 
274.0002059193014 0.0 0.0 0.0 0.0 0.0 0.0 262.0 257.62175873036335 0.0 0.0 7.604096196008773E-10 4.577665909997234E-7 1.7768941305879338E-9 3.2275588770831026E-9 8.330225323832203E-7 
275.0002059193014 0.0 0.0 0.0 0.0 0.0 0.0 262.0 263.5789845900928 0.0 0.0 1.1198995154181111E-11 6.741795082817062E-9 2.557789306799867E-11 3.2275588770831026E-9 8.330225323832203E-7 
276.00006236295184 0.0 0.0 0.0 0.0 0.0 0.0 262.0 259.7835083490854 0.0 0.0 1.1146522201289879E-11 6.7102063651765E-9 2.5829993627461623E-11 3.2275588770831026E-9 8.330225323832203E-7 
277.0000520102232 0.0 0.0 0.0 0.0 0.0 0.0 262.0 262.56359551127224 0.0 0.0 1.1256868436963041E-11 6.7766347990516675E-9 2.5809498783926948E-11 3.2275588770831026E-9 8.330225323832203E-7 
278.0002059193014 0.0 0.0 0.0 0.0 0.0 0.0 262.0 262.291751517529 0.0 0.0 1.3069530932018858E-12 7.867857621075372E-10 2.9996588057209878E-12 3.2275588770831026E-9 8.330225323832203E-7 
279.0002059193014 0.0 0.0 0.0 0.0 0.0 0.0 262.0 262.8475343603827 0.0 0.0 1.2982530545784427E-12 7.815483388562288E-10 2.9733904134123256E-12 2.5829993627461623E-11 6.7102063651765E-9 
280.0002059193014 0.0 0.0 0.0 0.0 0.0 0.0 263.0 259.26320837156334 0.0 0.0 1.2153188654035012E-14 7.316219569728958E-12 2.8219274210491563E-14 2.5829993627461623E-11 6.7102063651765E-9 
281.00005128870987 0.0 0.0 0.0 0.0 0.0 0.0 263.0 257.59790133611995 0.0 0.0 7.942562079493214E-16 4.781422371854916E-13 1.8561573471889437E-15 2.5829993627461623E-11 6.7102063651765E-9 
282.00001064562395 0.0 0.0 0.0 0.0 0.0 0.0 262.0 253.6602715688194 0.0 0.0 2.568673878252599E-17 1.5463416747080826E-14 6.096112982708654E-17 2.9733904134123256E-12 7.815483388562288E-10 
283.0002059193014 0.0 0.0 0.0 0.0 0.0 0.0 262.0 259.16356922463774 0.0 0.0 4.486216093927924E-18 2.700702088544582E-15 1.0420839999327482E-17 2.9733904134123256E-12 7.815483388562288E-10 
284.0000431320945 0.0 0.0 0.0 0.0 0.0 0.0 262.0 257.1240644449942 0.0 0.0 4.187788220495057E-18 2.52104850873804E-15 9.804794094943068E-18 2.9733904134123256E-12 7.815483388562288E-10 
285.00008557716893 0.0 0.0 0.0 0.0 0.0 0.0 262.0 258.1317975115467 0.0 0.0 4.181325383728172E-18 2.5171578810043486E-15 9.751444437571669E-18 2.9733904134123256E-12 7.815483388562288E-10 
286.0002059193014 0.0 0.0 0.0 0.0 0.0 0.0 262.0 257.7819785758557 0.0 0.0 4.232764642888331E-18 2.548124315018762E-15 9.884803930422713E-18 1.0420839999327482E-17 2.700702088544582E-15 
287.00004943018143 0.0 0.0 0.0 0.0 0.0 0.0 263.0 256.1458493481395 0.0 0.0 4.3732050681302693E-20 2.6326694510144068E-17 1.0278009414223323E-19 9.804794094943068E-18 2.52104850873804E-15 
288.000137228212 0.0 0.0 0.0 0.0 0.0 0.0 264.0 249.76983404471395 0.0 0.0 3.2062527309666623E-26 1.9301641440419087E-23 7.727771255580726E-26 9.804794094943068E-18 2.52104850873804E-15 
289.0001248985053 0.0 0.0 0.0 0.0 0.0 0.0 263.0 258.64141656303946 0.0 0.0 2.7140529492827327E-26 1.6338598754682142E-23 6.317085241721094E-26 9.804794094943068E-18 2.52104850873804E-15 
290.00010214511775 0.0 0.0 0.0 0.0 0.0 0.0 263.0 260.3636499512539 0.0 0.0 2.7121051207441535E-26 1.6326872826879712E-23 6.270795800387836E-26 1.0278009414223323E-19 2.6326694510144068E-17 
291.0000588844947 0.0 0.0 0.0 0.0 0.0 0.0 264.0 258.194958338315 0.0 0.0 2.8371337290940345E-27 1.7079545049145928E-24 6.614980075159507E-27 7.727771255580726E-26 1.9301641440419087E-23 
292.0002059193014 0.0 0.0 0.0 0.0 0.0 0.0 264.0 260.0133504450503 0.0 0.0 2.8638713935771636E-27 1.7240505789334614E-24 6.630623296774956E-27 6.317085241721094E-26 1.6338598754682142E-23 
293.00003188703147 0.0 0.0 0.0 0.0 0.0 0.0 262.0 256.0278250994026 0.0 0.0 2.8205591195747837E-27 1.697976589984035E-24 6.632000210620845E-27 6.270795800387836E-26 1.6326872826879712E-23 
294.0000489146804 0.0 0.0 0.0 0.0 0.0 0.0 263.0 260.03348552609884 0.0 0.0 2.8638709064458866E-27 1.7240502856804344E-24 6.630108742311944E-27 6.614980075159507E-27 1.7079545049145928E-24 
295.0002059193014 0.0 0.0 0.0 0.0 0.0 0.0 263.0 260.4714675558565 0.0 0.0 3.270284742382822E-32 1.9687114149144447E-29 7.558261307420424E-32 6.614980075159507E-27 1.7079545049145928E-24 
296.0000626854301 0.0 0.0 0.0 0.0 0.0 0.0 262.0 259.7396112711868 0.0 0.0 4.869311862884905E-33 2.9313257414567447E-30 1.1285632280384951E-32 6.614980075159507E-27 1.7079545049145928E-24 
297.0000656685511 0.0 0.0 0.0 0.0 0.0 0.0 264.0 259.1343674965204 0.0 0.0 1.0161776575016863E-34 6.117389498160177E-32 2.3607017306349073E-34 6.614980075159507E-27 1.7079545049145928E-24 
298.000138294693 0.0 0.0 0.0 0.0 0.0 0.0 263.0 258.48718773297765 0.0 0.0 1.9270178788549637E-37 1.1600647630706964E-34 4.487900438102434E-37 6.614980075159507E-27 1.7079545049145928E-24 
299.0000017025394 0.0 0.0 0.0 0.0 0.0 0.0 263.0 250.9611693969482 0.0 0.0 1.224471050873469E-37 7.371315726258332E-35 2.9372335744096873E-37 6.614980075159507E-27 1.7079545049145928E-24 
300.0002059193014 0.0 0.0 0.0 0.0 0.0 0.0 263.0 258.17928807209546 0.0 0.0 3.071871364848087E-39 1.849266561638541E-36 7.162722368039612E-39 6.614980075159507E-27 1.7079545049145928E-24 
#####################################################################
# End of data export. Simulation finished at: 2021-12-09T08:55+0000 #
#####################################################################
