#####################################################################
# Alchemist log file - simulation started at: 2021-12-09T08:43+0000 #
#####################################################################
# random = 21.0
#
# The columns have the following meaning: 
# time localWarningInSystem[Min] localWarningInSystem[Max] localWarningInSystem[Mean] localWarningInSystem[Sum] meanWarningAtDetector[Sum] dataAtCollector[Sum] inSurveillanceArea[Sum] numDevicesAtDetector[Sum] localWarningInSurveillanceArea[Mean] localWarningInSurveillanceArea[Sum] sumWarningAtDetector[Mean] sumWarningAtDetector[Sum] meanWarningOverallAtDetector[Sum] meanWarningAtCollector[Sum] sumWarningAtCollector[Sum] 
0.0 0.0 0.0 0.0 0.0 0.0 0.0 0.0 0.0 0.0 0.0 0.0 0.0 0.0 0.0 0.0 
1.004854045475055 0.0 0.0 0.0 0.0 0.0 0.0 113.0 1.0 0.0 0.0 0.0 0.0 0.0 0.0 0.0 
2.0 0.0 0.0 0.0 0.0 0.0 0.0 244.0 13.701202209928836 0.0 0.0 0.0 0.0 0.0 0.0 0.0 
3.0000514144101165 0.0 0.0 0.0 0.0 0.0 0.0 258.0 66.43479980580496 0.0 0.0 0.0 0.0 0.0 0.0 0.0 
4.000161620871099 0.0 0.0 0.0 0.0 0.0 0.0 260.0 137.79190323697443 0.0 0.0 0.0 0.0 0.0 0.0 0.0 
5.000184273796993 0.0 0.0 0.0 0.0 0.0 0.0 260.0 200.0050733430978 0.0 0.0 0.0 0.0 0.0 0.0 0.0 
6.000115474173721 0.0 0.0 0.0 0.0 0.0 0.0 260.0 237.41019545286974 0.0 0.0 0.0 0.0 0.0 0.0 0.0 
7.000486679767495 0.0 0.0 0.0 0.0 0.0 0.0 260.0 247.50318127778303 0.0 0.0 0.0 0.0 0.0 0.0 0.0 
8.000218618749612 0.0 0.0 0.0 0.0 0.0 0.0 261.0 251.759553388908 0.0 0.0 0.0 0.0 0.0 0.0 0.0 
9.000103931435486 0.0 0.0 0.0 0.0 0.0 0.0 261.0 254.6795861708514 0.0 0.0 0.0 0.0 0.0 0.0 0.0 
10.000076794779465 0.0 0.0 0.0 0.0 0.0 0.0 261.0 251.9982936321622 0.0 0.0 0.0 0.0 0.0 0.0 0.0 
11.001119861056456 0.0 0.0 0.0 0.0 0.0 0.0 260.0 250.46082376211703 0.0 0.0 0.0 0.0 0.0 0.0 0.0 
12.000335811308233 0.0 0.0 0.0 0.0 0.0 0.0 261.0 253.560883126279 0.0 0.0 0.0 0.0 0.0 0.0 0.0 
13.000591610899821 0.0 0.0 0.0 0.0 0.0 0.0 261.0 253.21721750569938 0.0 0.0 0.0 0.0 0.0 0.0 0.0 
14.000133055927266 0.0 0.0 0.0 0.0 0.0 0.0 261.0 257.01865153658713 0.0 0.0 0.0 0.0 0.0 0.0 0.0 
15.00102741675753 0.0 0.0 0.0 0.0 0.0 0.0 259.0 256.16723632365296 0.0 0.0 0.0 0.0 0.0 0.0 0.0 
16.00029889691137 0.0 0.0 0.0 0.0 0.0 0.0 259.0 252.51865246027552 0.0 0.0 0.0 0.0 0.0 0.0 0.0 
17.000208274486145 0.0 0.0 0.0 0.0 0.0 0.0 258.0 256.32479062878616 0.0 0.0 0.0 0.0 0.0 0.0 0.0 
18.00044441122079 0.0 0.0 0.0 0.0 0.0 0.0 258.0 255.96466770789863 0.0 0.0 0.0 0.0 0.0 0.0 0.0 
19.000398555088868 0.0 0.0 0.0 0.0 0.0 0.0 259.0 254.91827476804488 0.0 0.0 0.0 0.0 0.0 0.0 0.0 
20.000200313252066 0.0 0.0 0.0 0.0 0.0 0.0 259.0 254.54627883649746 0.0 0.0 0.0 0.0 0.0 0.0 0.0 
21.0000382572947 0.0 0.0 0.0 0.0 0.0 0.0 259.0 254.29674150265836 0.0 0.0 0.0 0.0 0.0 0.0 0.0 
22.000105898044687 0.0 0.0 0.0 0.0 0.0 0.0 259.0 252.27446764407034 0.0 0.0 0.0 0.0 0.0 0.0 0.0 
23.00040951334697 0.0 0.0 0.0 0.0 0.0 0.0 259.0 251.93160981654856 0.0 0.0 0.0 0.0 0.0 0.0 0.0 
24.00012726359349 0.0 0.0 0.0 0.0 0.0 0.0 258.0 250.225032847914 0.0 0.0 0.0 0.0 0.0 0.0 0.0 
25.00000128514119 0.0 0.0 0.0 0.0 0.0 0.0 258.0 253.34647691003636 0.0 0.0 0.0 0.0 0.0 0.0 0.0 
26.000103538074455 0.0 0.0 0.0 0.0 0.0 0.0 258.0 258.8730238728847 0.0 0.0 0.0 0.0 0.0 0.0 0.0 
27.000539713132884 0.0 0.0 0.0 0.0 0.0 0.0 258.0 261.02744033692665 0.0 0.0 0.0 0.0 0.0 0.0 0.0 
28.0006863611076 0.0 0.0 0.0 0.0 0.0 0.0 258.0 256.40113791798035 0.0 0.0 0.0 0.0 0.0 0.0 0.0 
29.00016956254831 0.0 0.0 0.0 0.0 0.0 0.0 258.0 257.4357667631648 0.0 0.0 0.0 0.0 0.0 0.0 0.0 
30.000028455308254 0.0 0.0 0.0 0.0 0.0 0.0 258.0 259.05141293768 0.0 0.0 0.0 0.0 0.0 0.0 0.0 
31.00011616245109 7.118253464486153E-95 48.10944699191991 1.443339580153637 868.8904272524886 0.0 0.0 258.0 264.0046819563408 3.3674203965858682 868.7944623191535 0.003397802413586194 2.0454770529788706 0.007747881733844163 0.0 0.0 
32.00036805122902 6.30743478427853E-95 48.44847117808742 1.4435542771270997 869.019674830513 0.0 0.0 259.0 257.01678319911656 3.3549325645969232 868.9275342306028 0.1742396658954889 104.892278869084 0.40811451129174564 0.0 0.0 
33.000322680795975 7.259389458907628E-95 48.49209442962591 1.4399405390348436 866.8442044989758 0.0 0.0 260.0 256.08293025739647 3.3336684489743624 866.7537967333337 0.7443838028086833 448.11904929082436 1.7498981632255097 0.0 0.0 
34.000397363308984 1.0550385456858939E-94 48.41134158503472 1.4368156790727227 864.9630388017782 0.0 0.0 260.0 255.9965441434528 3.3264347792514553 864.8730426053775 1.2459021984229244 750.0331234505948 2.9298564398990425 0.0 0.0 
35.00085330202948 1.576347773767712E-94 48.41134158503472 1.4374688518833525 865.3562488337781 0.0 0.0 260.0 255.23772952921723 3.32795075751464 865.2671969538064 1.3935085868325885 838.8921692732163 3.286709103785488 0.0 0.0 
36.00041627193529 1.5135625722663028E-94 48.647517676388155 1.4360616361171898 864.5091049425478 0.0 0.0 260.0 253.82827075062752 3.3246937361808757 864.4203714070275 1.425740400261112 858.2957209571954 3.381403176324769 0.0 0.0 
37.00080899132494 1.9097382510634798E-94 48.60942537566977 1.4363992014760456 864.7123192885791 0.0 0.0 259.0 255.9654315840549 3.338327963533199 864.6269425550983 1.4419124916903707 868.0313199975963 3.391205267936928 0.40811451129174564 104.892278869084 
38.00080729311056 1.670757811011207E-94 48.8267618439128 1.4348911320883295 863.8044615171735 0.0 0.0 258.0 253.41758619336915 3.347761596304571 863.7224918465791 1.429471872484052 860.5420672354057 3.3957472334961514 0.0 0.0 
39.00040292819173 1.705162878069911E-94 48.791239739376145 1.4339043394870241 863.2104123711882 0.0 0.0 259.0 254.76483905132716 3.332557080553724 863.1322838634145 1.4844399752445232 893.6328650972041 3.5076773876051437 0.40811451129174564 104.892278869084 
40.00002744782034 1.705162878069911E-94 48.791239739376145 1.4360188797963251 864.4833656373871 0.0 0.0 259.0 255.3035507380683 3.3374800355555747 864.4073292088938 1.4651834211213728 882.0404195150737 3.4548693779038486 0.40811451129174564 104.892278869084 
41.00025986797871 1.705162878069911E-94 48.80343907414893 1.436951046790891 865.0445301681168 0.0 0.0 259.0 253.2775545895936 3.339668097275569 864.9740371943725 1.4574718350151745 877.3980446791442 3.4641760739551684 0.40811451129174564 104.892278869084 
42.0001872453151 2.2277541471248404E-94 49.19543246968277 1.4334935488121476 862.9631163849127 0.0 0.0 260.0 254.59383962013672 3.318818675523464 862.8928556361008 1.4344279791041195 863.5256434206837 3.3917774472041247 0.40811451129174564 104.892278869084 
43.0000101161688 2.909989650585829E-94 49.33638761614244 1.4355753427571452 864.2163563398018 0.0 0.0 259.0 254.91800892468663 3.3364839869125342 864.1493526103465 1.4306906003163276 861.2757413904284 3.3786382728451523 0.40811451129174564 104.892278869084 
44.00018257364513 2.574570844844516E-94 49.25340789120001 1.4337254759702842 863.1027365341117 0.0 0.0 261.0 256.1866500935186 3.306660790624317 863.0384663529472 1.4474968679795928 871.3931145237088 3.4013993867581105 0.40811451129174564 104.892278869084 
45.00004307072367 2.62773365582873E-94 49.25340789120001 1.430781762398448 861.3306209638656 0.0 0.0 260.0 252.3174209352708 3.312571722954007 861.2686479680415 1.432334068499607 862.2651092367576 3.417382383033956 0.40811451129174564 104.892278869084 
46.00012840852087 2.52245556613944E-94 49.25340789120001 1.4305716529893908 861.2041350996122 0.0 0.0 260.0 257.25209979319817 3.3120945852230212 861.1445921579852 1.4399828180760958 866.8696564818002 3.369728205051256 3.5076773876051437 893.6328650972041 
47.000382019872234 3.521641804186265E-94 49.4879180994588 1.4326621289154147 862.462601607079 0.0 0.0 261.0 256.71253899961926 3.304225931603258 862.4029681484504 1.431951852296789 862.0350150826779 3.357977831709874 3.5076773876051437 893.6328650972041 
48.00021721641203 3.668622280945307E-94 49.55642375834779 1.4333922334108815 862.9021245133516 0.0 0.0 260.0 254.37162772110304 3.318633115657966 862.8446100710717 1.3939784824580341 839.1750464397313 3.299011976916764 3.5076773876051437 893.6328650972041 
49.00007816892879 5.473306200254033E-94 49.55642375834779 1.4328501873504371 862.5758127849641 0.0 0.0 259.0 254.99897788145117 3.3301941876954886 862.5202946131323 1.3916007168879858 837.7436315665655 3.285282311821782 3.5076773876051437 893.6328650972041 
50.00042615776551 4.551845968505601E-94 49.550642512819756 1.4317265388241598 861.8993763721446 0.0 0.0 259.0 255.28760033458911 3.3275879365919585 861.8452755773176 1.3974493407870685 841.2645031538074 3.2953598296635476 3.5076773876051437 893.6328650972041 
51.00007779516547 6.351024835948779E-94 49.55642375834779 1.4306126407071313 861.2288097056928 0.0 0.0 260.0 254.54485963291663 3.312210113351211 861.1746294713147 1.3985826633039995 841.9467633090027 3.307655729222692 3.5076773876051437 893.6328650972041 
52.00019959984519 5.730544978720309E-94 49.55642375834779 1.4294020147344297 860.5000128701267 0.0 0.0 259.0 254.37154829255672 3.322196264467313 860.4488324970341 1.3960813329223543 840.4409624192522 3.3039896484517515 3.5076773876051437 893.6328650972041 
53.00017102116112 9.758768278034686E-94 49.524222549429844 1.4306791792730298 861.2688659223633 0.0 0.0 259.0 254.20652410557625 3.325165658054942 861.2179054362298 1.3846658780043093 833.5688585585874 3.2791009652151657 3.5076773876051437 893.6328650972041 
54.00014088014438 1.3266377913081303E-93 49.53000071243336 1.4333730004707064 862.8905462833659 0.0 0.0 259.0 254.15253320216308 3.3314315952774414 862.8407831768575 1.4050656232788306 845.8495052138493 3.3281175464067743 3.5076773876051437 893.6328650972041 
55.00037951962234 1.247195917040431E-93 49.524222549429844 1.42874821210166 860.1064236851994 0.0 0.0 259.0 257.22383300340914 3.320683193937836 860.0569472298997 1.4160988468145566 852.4915057823599 3.314201082490911 3.5076773876051437 893.6328650972041 
56.00036288226132 1.5222879474015362E-93 49.524222549429844 1.4257447281468907 858.2983263444279 0.0 0.0 259.0 255.286207813782 3.313700817351153 858.2485116939484 1.3912154139628934 837.5116792056563 3.2806773478987843 3.4013993867581105 871.3931145237088 
57.000241188279844 2.5889092651655664E-93 49.59360501736854 1.4267400831282993 858.8975300432359 0.0 0.0 259.0 256.7911172378949 3.3160173824334844 858.8485020502723 1.4047338194450756 845.6497593059294 3.2931425681773385 3.3281175464067743 845.8495052138493 
58.000552174927975 2.111850192439732E-93 49.572945319696785 1.4265446066753067 858.7798532185338 0.0 0.0 259.0 255.03971791481405 3.315570660128998 858.7328009734092 1.3894603657716276 836.4551401945148 3.2797054005286332 3.3281175464067743 845.8495052138493 
59.00053754814223 2.42273669041123E-93 49.670810658444935 1.4242864696513282 857.4204547300986 0.0 0.0 259.0 256.5610799612207 3.310322102524871 857.3734245539409 1.410149427934112 848.9099556163402 3.3088025500385845 3.2806773478987843 837.5116792056563 
60.000380644177945 2.011836054476734E-93 49.770251687624686 1.4230801461451101 856.6942479793565 0.0 0.0 260.0 252.1631217135447 3.2948258164109565 856.654712266849 1.4082714349491987 847.7794038394252 3.3620277147524207 3.2931425681773385 845.6497593059294 
61.00035289647371 1.6486626296239497E-93 49.81257438615053 1.4180419446234453 853.6612506633143 0.0 0.0 259.0 249.71421840110216 3.295818321808011 853.6169453482752 1.4101641958197442 848.9188458834911 3.399561512031805 3.2797054005286332 836.4551401945148 
62.000122336751154 1.4558128898183955E-93 49.78490841943786 1.4153979826717655 852.0695855684023 0.0 0.0 259.0 251.11840061675701 3.289681403363101 852.027483471043 1.418128914525485 853.7136065443411 3.3996457625071907 3.2797054005286332 836.4551401945148 
63.000252963393166 1.285007341802557E-93 49.78490841943786 1.4168854796851749 852.9650587704759 0.0 0.0 258.0 247.91427163333026 3.305909623735946 852.924682923874 1.383799924237855 833.0475543911797 3.3602242779442415 3.2797054005286332 836.4551401945148 
64.00011703229949 1.285007341802557E-93 49.81534182831879 1.415005041243458 851.8330348285609 0.0 0.0 258.0 250.1063792691604 3.3015229996756723 851.7929339163229 1.3889357824175468 836.1393410153635 3.343134803113214 3.2797054005286332 836.4551401945148 
65.00075635154977 1.285007341802557E-93 49.83084234569301 1.4136341902468144 851.0077825285816 0.0 0.0 258.0 253.84129235324934 3.2983245960563146 850.967745782529 1.3903641742584316 836.9992329035877 3.297332853706114 3.2797054005286332 836.4551401945148 
66.00002670905043 1.2070923265872093E-93 49.83084234569301 1.415007793576632 851.834691733133 0.0 0.0 257.0 252.81826517540262 3.314378302069924 851.7952236319707 1.3836772363355032 832.9736962739788 3.2947528363746605 3.2797054005286332 836.4551401945148 
67.00011383074587 1.021146017229251E-93 49.787950923511076 1.4120520530627396 850.0553359437697 0.0 0.0 257.0 255.09385337100557 3.307463671414428 850.0181635535085 1.388013682622652 835.5842369388274 3.2755953383304903 3.2797054005286332 836.4551401945148 
68.00068944007714 1.021146017229251E-93 49.806763258140506 1.4104920388483075 849.1162073866811 0.0 0.0 257.0 248.96900223936439 3.303812061995255 849.0796999327803 1.3921614230416437 838.0811766710757 3.366206913844341 3.2797054005286332 836.4551401945148 
69.00020082173971 1.6246587035234597E-93 49.74371463057814 1.4123112771205215 850.2113888265541 0.0 0.0 258.0 250.44664723651528 3.2952577372680403 850.1764962151541 1.4001272286916855 842.8765916723903 3.3654936130025317 3.2797054005286332 836.4551401945148 
70.0004218687107 1.8612179745242195E-93 49.67605396514683 1.4107012466685345 849.2421504944574 0.0 0.0 256.0 248.37295355836395 3.317215818038454 849.207249417844 1.416645081438849 852.8203390261943 3.433628045276654 3.2797054005286332 836.4551401945148 
71.00018904374183 1.7475493442445826E-93 49.67605396514683 1.4056802386062972 846.2195036409902 0.0 0.0 256.0 251.25799161145193 3.3054094895534942 846.1848293256943 1.4214509317230744 855.7134608972851 3.4057163929757492 3.3088025500385845 848.9099556163402 
72.00028718447871 1.7475493442445826E-93 49.67605396514683 1.4028313812784148 844.5044915296052 0.0 0.0 256.0 251.51430032559526 3.2987125200406737 844.470405130412 1.413367527545374 850.847251582309 3.382898111482542 3.3088025500385845 848.9099556163402 
73.00023528732585 1.6406586304049125E-93 49.47912102927809 1.3999839262485905 842.7903236016512 0.0 0.0 256.0 248.43855473507207 3.2920236595301686 842.7580568397227 1.3694227307822402 824.3924839309168 3.3182952815436635 3.3088025500385845 848.9099556163402 
74.00047844509645 1.4765098574693938E-93 49.53000071235516 1.397915348296904 841.5450396747366 0.0 0.0 256.0 250.08486058847748 3.2871631013979004 841.5137539578627 1.378624275383853 829.9318137810876 3.3186007814634033 3.433628045276654 852.8203390261943 
75.0005313848305 1.4765098574693938E-93 49.48874290490146 1.3997384815014935 842.6425658638996 0.0 0.0 255.0 252.12265897646554 3.3043583533407768 842.6113801018979 1.3756899723101117 828.1653633306804 3.284771653181659 3.2755953383304903 835.5842369388274 
76.0001532338739 1.4765098574693938E-93 49.512943316607824 1.4008396874585494 843.3054918500469 0.0 0.0 255.0 251.29611383813776 3.3069611152167395 843.2750843802689 1.3832720263217566 832.7297598457101 3.3137391069329443 3.2755953383304903 835.5842369388274 
77.000330230749 1.6064658692080335E-93 49.512943316607824 1.3958733855859407 840.3157781227371 0.0 0.0 254.0 248.7982384506795 3.3082144411442265 840.2864680506341 1.3621364564079999 820.0061467576077 3.2958679766543506 3.2755953383304903 835.5842369388274 
78.00008890517265 1.8395788395851842E-93 49.367918157115525 1.3937588388438267 839.0428209839833 0.0 0.0 255.0 245.2784059281254 3.290253382625936 839.014612569614 1.3780280033530472 829.5728580185357 3.3821683359342596 3.2755953383304903 835.5842369388274 
79.0003484276543 2.736655772430581E-93 49.38026167952696 1.3882233989831871 835.710486187878 0.0 0.0 255.0 249.68052446265335 3.2771860552862666 835.6824440979976 1.402388337903684 844.2377794180114 3.3812720524955906 3.2755953383304903 835.5842369388274 
80.00013040990068 2.5686658868731455E-93 49.37669545607978 1.3872296327603193 835.1122389217126 0.0 0.0 256.0 247.92062600322615 3.262048719245475 835.084472126842 1.3859292195060655 834.3293901426448 3.365308500518984 3.2755953383304903 835.5842369388274 
81.00106887191072 2.5686658868731455E-93 49.385748680096434 1.3831661523699925 832.6660237267356 0.0 0.0 256.0 247.58987698136946 3.252498679458705 832.6396619414282 1.366747611723138 822.7820622573199 3.3231651967710794 3.2755953383304903 835.5842369388274 
82.00031325567981 3.57541444603846E-93 49.38766927432937 1.379405471473714 830.402093827176 0.0 0.0 256.0 251.04485588888664 3.243654227621855 830.3754822711945 1.3654209133423552 821.9833898321041 3.2742490855734436 3.2755953383304903 835.5842369388274 
83.00060147617754 5.428568888253349E-93 49.38766927432937 1.3791129976813925 830.2260246041975 0.0 0.0 255.0 250.7950707547012 3.255684893305342 830.1996477928619 1.377128822702242 829.0315512667518 3.3056134188443234 3.382898111482542 850.847251582309 
84.00006433495625 5.428568888253349E-93 49.362707374091606 1.3781769437429994 829.6625201332854 0.0 0.0 256.0 253.33374745750314 3.240766323478094 829.6361788103916 1.382244457828219 832.1111636125813 3.284643960639979 3.382898111482542 850.847251582309 
85.00001616108425 5.081596799286502E-93 49.362707374091606 1.376843513647711 828.8597952159222 0.0 0.0 257.0 249.32076334580873 3.2250384040580355 828.8348698429148 1.3587981333029555 817.9964762483897 3.2808999349718255 3.382898111482542 850.847251582309 
86.00020123102422 5.081596799286502E-93 49.39480356402785 1.371474163826687 825.6274466236657 0.0 0.0 255.0 242.74574507910665 3.2376389246563746 825.5979257873754 1.3513071709044724 813.4869168844853 3.3511891902343494 3.382898111482542 850.847251582309 
87.00003078489478 5.081596799286502E-93 49.370386614792 1.3730390594480006 826.5695137876962 0.0 0.0 255.0 248.03347192529972 3.24133641082599 826.5407847606275 1.3914401020819747 837.6469414533371 3.377152829218193 3.382898111482542 850.847251582309 
88.00008443397306 5.081596799286502E-93 49.317752945357086 1.36764326586074 823.3212460481652 0.0 0.0 252.0 251.1115965528031 3.2670350670818435 823.2928369046246 1.4044687584445774 845.4901925836289 3.3669898331670294 3.382898111482542 850.847251582309 
89.0007398799559 4.4758317906213925E-93 49.35064240918649 1.3647380810988645 821.5723248215164 0.0 0.0 252.0 252.29314799942097 3.2601002716471794 821.5452684550896 1.3951634065877232 839.8883707658026 3.329017761384983 3.382898111482542 850.847251582309 
90.00028916593934 4.4758317906213925E-93 49.336387616071356 1.3644111613379766 821.3755191254613 0.0 0.0 252.0 249.14564686716213 3.2593222433321856 821.3492053197104 1.3490674125110327 812.1385823316488 3.25969404861671 3.382898111482542 850.847251582309 
91.00036060394461 4.025337974789424E-93 49.283790193026746 1.3609524043073 819.2933473929945 0.0 0.0 252.0 250.2718495635324 3.251064939958936 819.268364869652 1.3348359888769004 803.5712653038872 3.2107936498063787 3.2958679766543506 820.0061467576077 
92.00034825969314 3.619181028755941E-93 49.19843894901674 1.359308126794406 818.3034923302322 0.0 0.0 251.0 247.88087301892773 3.260074765290186 818.2787660878364 1.3414958367775023 807.5804937400594 3.2579379114837717 3.3669898331670294 845.4901925836289 
93.00013984516272 4.713266058814984E-93 49.18641413369842 1.3564836428704186 816.6031530079918 0.0 0.0 251.0 247.61075140512466 3.2533054439911635 816.5796664417823 1.3535974746480752 814.865679738139 3.290913965221601 3.329017761384983 839.8883707658026 
94.00000141950672 4.713266058814984E-93 49.17220677745495 1.358649121284831 817.9067710134677 0.0 0.0 251.0 249.44419682868957 3.2585043230726525 817.8845850912355 1.3385542883109147 805.8096815631648 3.2304206383946044 3.25969404861671 812.1385823316488 
95.00001903759178 4.059293225874197E-93 49.20827962084173 1.3576934583619584 817.3314619338984 0.0 0.0 251.0 247.0119399835768 3.2562137924519874 817.3096619054488 1.3134752918599997 790.7121256997307 3.201108925148732 3.2107936498063787 803.5712653038872 
96.00011275317381 6.88085012816733E-93 49.24465250793018 1.3495927433653223 812.4548315059235 0.0 0.0 252.0 246.9977647801387 3.223943124148379 812.4336672853912 1.324060779151806 797.0845890493808 3.2270923170454338 3.2579379114837717 807.5804937400594 
97.00127234473891 1.021723032559729E-92 49.105323468664245 1.3495686659475474 812.4403369004236 0.0 0.0 252.0 248.55685416858032 3.2238892597387454 812.4200934541637 1.356266209378581 816.4722580458996 3.2848511089223007 3.290913965221601 814.865679738139 
98.0008426231422 1.1655339854771445E-92 48.97455038089137 1.349532437188462 812.4185271874545 0.0 0.0 251.0 246.31751922789311 3.2366484263461617 812.398755012887 1.3398839021886737 806.6101091175859 3.274676164513129 3.290913965221601 814.865679738139 
99.00000967022598 1.0912681384999104E-92 48.97455038089137 1.346275441929322 810.4578160414519 0.0 0.0 252.0 245.4585938430529 3.2160281069441488 810.4390829499256 1.3424828501425796 808.1746757858311 3.292509189157096 3.290913965221601 814.865679738139 
100.00039163713205 9.805052018911235E-93 48.95958822094089 1.341278569843636 807.4496990458689 0.0 0.0 252.0 250.46956531314518 3.204093948062274 807.4316749116931 1.3418444204590119 807.7903411163186 3.225103777005373 3.2270923170454338 797.0845890493808 
101.00038140554955 1.118489750921099E-92 48.937833238746315 1.3388235362058958 805.9717687959491 0.0 0.0 252.0 245.24204469353447 3.1982292766606117 805.9537777184746 1.309324391060191 788.2132834182275 3.2140218224130956 3.2848511089223007 816.4722580458996 
102.00009588162871 1.118489750921099E-92 48.915816168002415 1.3376868303902592 805.2874718949356 0.0 0.0 252.0 246.44373899968247 3.1955159572225167 805.2700212200738 1.3180083824202848 793.4410462170127 3.219562604583089 3.2848511089223007 816.4722580458996 
103.00031199068768 1.0046847223940148E-92 48.7435560650128 1.3366368566582798 804.6553877082844 0.0 0.0 253.0 247.94424420782235 3.180390028329154 804.638677167276 1.3198160364972489 794.5292539713525 3.2044674257709027 3.2848511089223007 816.4722580458996 
104.00034294789245 1.0487818404087621E-92 48.7435560650128 1.3364475147221442 804.54140386273 0.0 0.0 253.0 250.0972856942186 3.179941299335839 804.5251487319666 1.3321090990805662 801.9296776464971 3.2064709355821486 3.2848511089223007 816.4722580458996 
105.00017834141784 1.0487818404087621E-92 48.634006353519396 1.3349854969299793 803.6612691518475 0.0 0.0 252.0 252.61051134588988 3.189069201088088 803.6454386741983 1.3305847839883913 801.0120399610204 3.1709370908331893 3.225103777005373 807.7903411163186 
106.00030399155662 1.364556324221288E-92 48.59727453803276 1.3331629361815358 802.5640875812846 0.0 0.0 253.0 249.53187670453974 3.1721287381680114 802.5485707565063 1.3212229817771015 795.3762350298099 3.187473462444967 3.2140218224130956 788.2132834182275 
107.00198241428058 1.364556324221288E-92 48.59727453803276 1.328989300109881 800.0515586661486 0.0 0.0 252.0 247.07166835745664 3.174746236157256 800.0360515116283 1.3009778790917925 783.1886832132518 3.169884626675024 3.219562604583089 793.4410462170127 
108.00024551449445 1.364556324221288E-92 48.40461825448921 1.326592089684138 798.608437989851 0.0 0.0 253.0 249.1328607748042 3.1564963476524697 798.5935759560741 1.3019532698529492 783.7758684514844 3.146015607952874 3.219562604583089 793.4410462170127 
109.00053824257458 1.775090772150192E-92 48.48320502705218 1.3272926899733213 799.0301993639388 0.0 0.0 254.0 249.59362946740842 3.145732586654999 799.0160770103696 1.3153231836612487 791.8245565640677 3.172454995160295 3.2848511089223007 816.4722580458996 
110.00029956499392 1.7373819239197325E-92 48.48320502705218 1.3263420857467143 798.457935619522 0.0 0.0 254.0 249.37095666727802 3.1434816384466764 798.4443361654559 1.299034523726622 782.0187832834254 3.1359657665621024 3.2848511089223007 816.4722580458996 
111.00002275928095 1.775090772150192E-92 48.241394033204 1.3241429255431163 797.1340411769555 0.0 0.0 253.0 249.73229268969112 3.150674626225642 797.1206804350874 1.3100132804995237 788.6279948607014 3.157893544190634 3.187473462444967 795.3762350298099 
112.00010976157579 1.775090772150192E-92 47.89104624633851 1.3257386327531504 798.0946569173962 0.0 0.0 254.0 250.08794308102046 3.142055578948634 798.0821170529528 1.317350482107548 793.0449902287504 3.1710644681972107 3.169884626675024 783.1886832132518 
113.00004306976454 3.423383325798402E-92 47.89104624633851 1.3237427026820012 796.8931070145643 0.0 0.0 254.0 251.64953329552964 3.1373257997104713 796.8807531264597 1.3041246163703906 785.0830190549678 3.119747566282946 3.146015607952874 783.7758684514844 
114.00137752987833 4.168040433603696E-92 47.89104624633851 1.3227684985932053 796.3066361531096 0.0 0.0 254.0 250.14438992514798 3.1350185087000737 796.2947012098188 1.3001681859429 782.7012479376205 3.1289978087129287 3.146015607952874 783.7758684514844 
115.00013818006968 3.992790859469931E-92 47.28299812498357 1.3206465893581665 795.0292467936151 0.0 0.0 255.0 242.41203513818402 3.1177157573914873 795.0175181348287 1.291257212233927 777.3368417648287 3.206675944623448 3.146015607952874 783.7758684514844 
116.00011542540486 3.992790859469931E-92 47.2323274135331 1.319475234064869 794.3240909070508 0.0 0.0 254.0 251.86070132959895 3.1272155434897044 794.3127480463851 1.2950112014601007 779.59674327897 3.0953488939060256 3.146015607952874 783.7758684514844 
117.00007909026834 3.992790859469931E-92 47.25043660973602 1.3144860363241562 791.3205938671416 0.0 0.0 254.0 249.91390008040517 3.1153908193083777 791.3092681043281 1.3002256813402504 782.7358601668208 3.1320221080739805 3.146015607952874 783.7758684514844 
118.00030538754903 3.992790859469931E-92 47.25043660973602 1.3145200979828529 791.3410989856765 0.0 0.0 254.0 251.95347098394157 3.1154732242643175 791.3301989631362 1.3188429574022813 793.9434603561839 3.1511511123686264 3.146015607952874 783.7758684514844 
119.00012350762033 3.4342412226568736E-92 46.97195789919064 1.310851398070105 789.1325416382025 0.0 0.0 254.0 250.6929013955011 3.106779971255879 789.1221126989926 1.3249586237460063 797.625091495102 3.1816819983934974 3.146015607952874 783.7758684514844 
120.00015033412315 4.180842043365795E-92 47.074363853257 1.3090749532141248 788.0631218349023 0.0 0.0 254.0 251.0479639664448 3.102569550987142 788.0526659507337 1.2847293980724521 773.4070976396214 3.080714479496816 3.146015607952874 783.7758684514844 
121.00070640593859 4.180842043365795E-92 47.074363853257 1.309003211220115 788.0199331545091 0.0 0.0 254.0 251.52297878582326 3.102400326626329 788.0096829630874 1.3099546439264533 788.5926956437331 3.1352709778267824 3.146015607952874 783.7758684514844 
122.00068997025083 3.752943441293486E-92 47.074363853257 1.3095107516873197 788.3254725157664 0.0 0.0 253.0 246.33764837811515 3.1158722917369728 788.3156898094542 1.3273370924819086 799.0569296741099 3.243746682389369 3.146015607952874 783.7758684514844 
123.00002357930235 3.752943441293486E-92 46.761578537124166 1.3089073400449163 787.9622187070395 0.0 0.0 253.0 245.15741956203686 3.1144389093527263 787.9530440662395 1.2903787854633493 776.8080288489316 3.1686090930336337 3.1320221080739805 782.7358601668208 
124.00000042727774 5.1014730876693005E-92 46.761578537124166 1.3043080285088084 785.1934331623024 0.0 0.0 252.0 246.94552509095845 3.115810582410062 785.1842667673357 1.3074961309250965 787.112670816902 3.1873939425587143 0.0 0.0 
125.00031969758949 6.628321209421937E-92 46.432294888039316 1.3020102608605097 783.8101770380268 0.0 0.0 250.0 250.1097806826973 3.13518917002488 783.7972925062196 1.2924603100687653 778.0611066613999 3.1108783692409454 3.219562604583089 793.4410462170127 
126.00009325240191 6.485999983784813E-92 46.14556161036514 1.3015672857385048 783.5435060145796 0.0 0.0 250.0 246.7091477785013 3.1341232351496133 783.5308087874029 1.2939964459644289 778.9858604705747 3.1575069975514585 3.1320221080739805 782.7358601668208 
127.00003868282631 7.720587403962298E-92 46.14556161036514 1.3010474672579475 783.2305752892838 0.0 0.0 250.0 245.92452314401808 3.1328727843779562 783.218196094489 1.2738372165428156 766.850004358771 3.118233165830677 3.1320221080739805 782.7358601668208 
128.0006613462334 7.231697419671884E-92 46.06359793460156 1.2958164688314835 780.0815142365527 0.0 0.0 249.0 245.68465696890908 3.132809682355719 780.069610906574 1.264418135509749 761.1797175768613 3.098198019232382 3.1320221080739805 782.7358601668208 
129.00048263693117 7.231697419671884E-92 45.65342177583497 1.2921029354189306 777.8459671221959 0.0 0.0 247.0 247.52746569865332 3.1491273685724206 777.8344600373875 1.2973977617918169 781.0334525986727 3.155340561477425 3.1320221080739805 782.7358601668208 
130.00032191333173 7.231697419671884E-92 45.48330009247606 1.2901028617779626 776.6419227903332 0.0 0.0 247.0 239.68732115696767 3.144252978070942 776.6304855835223 1.2343171543224147 743.0589269020927 3.1001177839334875 3.1320221080739805 782.7358601668208 
131.00038941092316 7.231697419671884E-92 45.48330009247606 1.2935201335060111 778.6991203706187 0.0 0.0 247.0 239.6235670325516 3.152583421914169 778.6881052127995 1.2850482254395068 773.5990317145763 3.2283929385354946 3.118233165830677 766.850004358771 
132.00012846884167 7.231697419671884E-92 45.406800942180645 1.2939183733097464 778.9388607324674 0.0 0.0 247.0 242.69360826449787 3.1535546605308458 778.928001151119 1.2874770987945352 775.0612134743051 3.193579011069835 3.098198019232382 761.1797175768613 
133.00025702632308 7.231697419671884E-92 45.032985287964266 1.2932288091124289 778.5237430856829 0.0 0.0 246.0 241.22105220049124 3.1646874693450884 778.5131174588923 1.2972288664222296 780.9317775861782 3.237411372109867 3.155340561477425 781.0334525986727 
134.00042271392434 7.231697419671884E-92 44.92503571456105 1.290960771910921 777.1583846903748 0.0 0.0 247.0 242.1878972259577 3.1463481776027 777.1479998678672 1.2898632755789785 776.4976918985354 3.20617875951941 3.1001177839334875 743.0589269020927 
135.0008425636589 8.799460825314973E-92 45.113365762968854 1.2906230523066382 776.9550774885957 0.0 0.0 246.0 243.91691285303108 3.15831264848719 776.9449115278487 1.2956848780889205 780.00229660952 3.197819648855183 3.2283929385354946 773.5990317145763 
136.00018673313332 8.799460825314973E-92 44.92503571456105 1.2869198358183171 774.7257411626265 0.0 0.0 247.0 243.44681453682512 3.136500376299543 774.7155929459869 1.293417918668296 778.6375870383145 3.1983888904840585 3.193579011069835 775.0612134743051 
137.00013307752963 7.55791988910055E-92 44.797430515161615 1.282474880888404 772.049878294819 0.0 0.0 246.0 243.2508846950841 3.1383726815025565 772.0396796496291 1.3051485303483201 785.6994152696925 3.229996126240485 3.237411372109867 780.9317775861782 
138.00016602138814 8.613775051786079E-92 44.537367726227046 1.281726017195642 771.5990623517761 0.0 0.0 247.0 247.23479562536355 3.1238439826344715 771.5894637107142 1.3271759977021287 798.9599506166707 3.231583760674771 3.20617875951941 776.4976918985354 
139.0002823923457 7.894822117849529E-92 44.668202468369465 1.2790023396398438 769.9594084631859 0.0 0.0 248.0 243.5252769551154 3.104637508499838 769.9501021079594 1.2619865907284527 759.7159276185192 3.119659433786596 3.20617875951941 776.4976918985354 
140.0007788394064 1.0945814179343161E-91 44.582670408059826 1.276696223490194 768.5711265410962 0.0 0.0 248.0 237.42894492685542 3.099040540595122 768.5620540675899 1.2495768724855223 752.2452772362934 3.168296424296697 3.20617875951941 776.4976918985354 
141.00059996429533 1.3314767839332853E-91 44.31991464418246 1.2739391329358984 766.9113580274101 0.0 0.0 248.0 242.85795361297625 3.092348738135521 766.9024870576087 1.278222678048294 769.4900521850768 3.168477872507124 3.20617875951941 776.4976918985354 
142.0000219577146 1.8452121284229492E-91 43.73290454603775 1.273558021230577 766.6819287808073 0.0 0.0 249.0 245.43329063065903 3.0790088000396487 766.673191209872 1.2726158568715622 766.1147458366756 3.1214785242380403 3.231583760674771 798.9599506166707 
143.00007279731318 1.8452121284229492E-91 43.42929079362825 1.2729156662575496 766.2952310870451 0.0 0.0 249.0 245.19122283160104 3.0774567841246445 766.2867392470364 1.2721803314276707 765.8525595194518 3.1234909254702172 3.119659433786596 759.7159276185192 
144.0002127986489 2.3939089624853281E-91 43.03802884276146 1.2756437632350486 767.9375454674997 0.0 0.0 250.0 238.77517249606294 3.0717167957304095 767.9291989326026 1.222073481190902 735.6882356769232 3.081091840438535 3.168296424296697 752.2452772362934 
145.00014750127534 3.8502095637393974E-91 43.03802884276146 1.2725945392278657 766.1019126151758 0.0 0.0 249.0 247.0554992682854 3.0766816086349023 766.0937205500908 1.261373928824742 759.3471051524838 3.073589162764941 3.168477872507124 769.4900521850768 
146.00024846629407 3.300548577112746E-91 42.88622947734811 1.2715157682338998 765.4524924768077 0.0 0.0 249.0 245.83384388567896 3.074073753298331 765.4443645712846 1.2625186383813334 760.0362203055738 3.0916663397209714 3.1214785242380403 766.1147458366756 
147.0000537306594 3.0891789907608286E-91 42.9797279273255 1.2728126551850603 766.233218421406 0.0 0.0 250.0 246.0981973171342 3.0649007215574744 766.2251803893687 1.281007099536108 771.1662739207302 3.1335714049419368 3.1234909254702172 765.8525595194518 
148.00009022031733 5.196084477705846E-91 42.54923577881852 1.269885960684403 764.471348332011 0.0 0.0 251.0 243.47705752672653 3.0456708247745308 764.4633770184074 1.2823399812887768 771.9686687358485 3.170601273802191 3.081091840438535 735.6882356769232 
149.0002938742501 5.312048694729887E-91 42.54923577881852 1.2638247503077369 760.8224996852582 0.0 0.0 249.0 242.3249373584138 3.055480357886314 760.8146091136925 1.2801102179570116 770.6263512101261 3.1801363888121896 3.081091840438535 735.6882356769232 
150.00021487549387 5.312048694729887E-91 42.11463174316305 1.2628066987958126 760.209632675079 0.0 0.0 250.0 245.40442076360318 3.0408070902614686 760.2017725653668 1.2707434437618235 764.9875531446197 3.1172525367076753 3.081091840438535 735.6882356769232 
151.00037416316707 4.971529698010084E-91 42.26182162881572 1.2601515139501125 758.6112113979675 0.0 0.0 249.0 240.83716197405727 3.0466016442152215 758.6038094095899 1.268791110077207 763.8122482664813 3.1714883284862756 3.081091840438535 735.6882356769232 
152.00063545381366 4.971529698010084E-91 41.92693921342667 1.2601111730771346 758.5869261924354 0.0 0.0 248.0 241.8396011306691 3.0587890061394183 758.579673522576 1.2683513078362112 763.5474873174057 3.1572475465043914 3.081091840438535 735.6882356769232 
153.0000837728971 4.971529698010084E-91 41.80970798416368 1.2574275143624716 756.9713636462075 0.0 0.0 247.0 240.7437829028642 3.0646323077624285 756.9641800173194 1.277980957477918 769.3445364017 3.1956984605169083 3.081091840438535 735.6882356769232 
154.00047932192055 6.999655351459783E-91 42.35207641972884 1.2575403865144061 757.0393126816726 0.0 0.0 247.0 245.79669325818907 3.064908881040962 757.0324936171178 1.2671389969104536 762.817676140095 3.1034497088975 3.081091840438535 735.6882356769232 
155.00020681314876 6.999655351459783E-91 42.28554186133589 1.250848284974879 753.010667554877 0.0 0.0 246.0 240.83969164475974 3.0609912798932384 753.0038548537365 1.2233109412060954 736.433186606079 3.0577733328621064 3.081091840438535 735.6882356769232 
156.00025277756595 8.30115154693405E-91 42.33231672828387 1.250350739779844 752.7111453474658 0.0 0.0 246.0 244.12142329525116 3.0597744806494034 752.7045222397531 1.2435936795001623 748.6433950591082 3.0666845414614268 3.081091840438535 735.6882356769232 
157.00011979459038 8.487733669271292E-91 42.78057380700659 1.248387671780247 751.5293784117083 0.0 0.0 248.0 244.42706320967147 3.0303334546598775 751.5226967556498 1.2306206320164095 740.8336204738786 3.0308985050415043 3.081091840438535 735.6882356769232 
158.00048699778307 7.939937127992126E-91 42.81956942536397 1.2439880961400267 748.8808338762962 0.0 0.0 248.0 242.00204510228613 3.0196547054441205 748.8743669501418 1.218634124333965 733.6177428490512 3.0314526579268186 3.1034497088975 762.817676140095 
159.00035188748498 1.3331472310855258E-90 43.011974814834545 1.242737709621875 748.1281011923683 0.0 0.0 248.0 240.54593663816928 3.016620675310957 748.1219274771167 1.2403160860300244 746.6702837900735 3.104065253503823 3.0577733328621064 736.433186606079 
160.0003118679079 1.219488337130827E-90 43.32494477746817 1.2409886103361865 747.0751434223836 0.0 0.0 249.0 241.46821575285819 3.00027865233386 747.0693844311303 1.2528689299170483 754.2270958100676 3.1235046544677174 3.0666845414614268 748.6433950591082 
161.00038759412791 1.275080294422353E-90 43.32494477746817 1.236822299659056 744.5670243947515 0.0 0.0 249.0 242.1146674361998 2.9902065305844734 744.5614261155338 1.2339347724014973 742.8287329857112 3.06808646023668 3.0308985050415043 740.8336204738786 
162.00026028176168 1.022298575358649E-90 43.727559740062986 1.2388539760327135 745.7900935716942 0.0 0.0 248.0 243.47099938273843 3.00719566322157 745.7845244789502 1.2267499305869118 738.5034582133289 3.0332296663077947 3.0308985050415043 740.8336204738786 
163.00000437282688 1.2694540554669514E-90 43.97605264349176 1.2335511841476112 742.5978128568613 0.0 0.0 247.0 244.9729551611399 3.0064469094763124 742.5923866406487 1.2286282772577952 739.6342229091931 3.019248481623907 3.0314526579268186 733.6177428490512 
164.00022671875894 1.2694540554669514E-90 43.97605264349176 1.2305228349399755 740.774746633865 0.0 0.0 247.0 246.70981910963613 2.9990661821055205 740.7693469800631 1.2380008272718184 745.2764980176313 3.020862731395525 3.1235046544677174 754.2270958100676 
165.0001995206245 1.644345587723328E-90 44.161876502075984 1.228945512283628 739.8251983947434 0.0 0.0 247.0 239.59543297454374 2.9952221691753063 739.8198757863001 1.236110897914473 744.1387605445186 3.1058136263539757 3.06808646023668 742.8287329857112 
166.00069885285438 1.644345587723328E-90 44.42270813648642 1.23071723338904 740.8917745002017 0.0 0.0 247.0 241.2048968722841 2.9995413188435065 740.8867057543459 1.231138942850498 741.1456435960044 3.0726807507081193 3.06808646023668 742.8287329857112 
167.00005789880277 1.644345587723328E-90 44.363270865023516 1.2261547257352814 738.1451448926393 0.0 0.0 247.0 242.39505322524084 2.9884222083485303 738.1402854620868 1.2271547993101972 738.7471891847333 3.047699114957874 3.019248481623907 739.6342229091931 
168.00029028483775 2.585029527145578E-90 44.60050704373012 1.2220768134387325 735.6902416901171 0.0 0.0 248.0 243.861300363854 2.966473611287758 735.6854555993638 1.2307191751188014 740.8929434215161 3.038173512222171 3.020862731395525 745.2764980176313 
169.000055962013 3.3467964244550103E-90 44.778520037259575 1.218864203443261 733.7562504728429 0.0 0.0 248.0 242.53954241837272 2.958676128752218 733.7516799305503 1.2204814158602415 734.7298123478696 3.029319693695492 3.1058136263539757 744.1387605445186 
170.0001401352952 4.332273604233323E-90 44.778520037259575 1.2166263940193778 732.4090891996652 0.0 0.0 248.0 244.24736802596013 2.953244214963591 732.4045653109706 1.2066449266707648 726.400245855809 2.9740351010808133 3.1058136263539757 744.1387605445186 
171.00045547319112 4.236521307175664E-90 44.778520037259575 1.2135035050769507 730.529110056324 0.0 0.0 247.0 241.82053719895555 2.957589477260326 730.5246008833003 1.2112461085728645 729.1701573608741 3.0153359421286714 3.0726807507081193 741.1456435960044 
172.00037252877212 4.236521307175664E-90 45.17907858603354 1.2066051493774415 726.3762999252201 0.0 0.0 249.0 242.30950233541114 2.9171566707212646 726.3720110095951 1.2185589815580613 733.5725068979591 3.0274194772705565 3.0726807507081193 741.1456435960044 
173.00062384173881 4.8070126447069765E-90 45.17907858603354 1.201787102380312 723.4758356329477 0.0 0.0 249.0 241.49331612510542 2.90550842523237 723.4715978828605 1.167937672770303 703.0984790077229 2.9114614445208216 3.0726807507081193 741.1456435960044 
174.00035445505014 5.46840471069851E-90 45.32992678853522 1.199817358714564 722.290049946167 0.0 0.0 248.0 243.36481381464543 2.912442811413605 722.285817230574 1.1951007610394473 719.4506581457404 2.956264082998035 3.0726807507081193 741.1456435960044 
175.00021671276076 4.99952289128431E-90 45.29292246057566 1.1990665565653593 721.8380670523458 0.0 0.0 248.0 242.69486138826016 2.9106203492414124 721.8338466118698 1.184750972713814 713.2200855737121 2.938752314301009 3.0726807507081193 741.1456435960044 
176.00015021063643 4.189523191141936E-90 45.512873848069404 1.196634273837104 720.3738328499365 0.0 0.0 249.0 243.12852269163812 2.8930516235872807 720.3698542732327 1.1788575513886883 709.6722459359843 2.9189181017484622 3.0726807507081193 741.1456435960044 
177.00017202726363 6.166431230614251E-90 45.77786984596749 1.1957736896417728 719.8557611643472 0.0 0.0 249.0 246.13405498008905 2.89097106731969 719.8517957626028 1.1920536569785114 717.6163015010574 2.915550639910876 3.0726807507081193 741.1456435960044 
178.00021953519376 5.895092728091512E-90 45.77786984596749 1.1944136377722807 719.0370099389123 0.0 0.0 249.0 241.87022123379478 2.887683471392574 719.0331843767507 1.2008973170742845 722.9401848787162 2.9889590425433696 3.0726807507081193 741.1456435960044 
179.0008839980345 6.9688735472635255E-90 45.77786984596749 1.1956955245635743 719.8087057872716 0.0 0.0 249.0 244.78640836484445 2.8907829558703693 719.8049560117219 1.2093933296278006 728.0547844359361 2.9742451359913713 3.0726807507081193 741.1456435960044 
180.00156636839716 8.84211250572826E-90 45.77786984596749 1.1928735320370687 718.1098662863157 0.0 0.0 249.0 243.9220623790721 2.8839604069549174 718.1061413317748 1.1969619217656815 720.5710769029467 2.954103740657655 3.0726807507081193 741.1456435960044 
181.00020054564575 9.42938969316481E-90 45.888633483563 1.1920012801052782 717.5847706233768 0.0 0.0 249.0 240.43315520933226 2.8818514184736195 717.5810031999312 1.1545487237963457 695.0383317253944 2.8907757381475188 3.0726807507081193 741.1456435960044 
182.0000028181545 8.051237605011233E-90 46.241541511131615 1.1911112766969911 717.0489885715891 0.0 0.0 249.0 244.3805015591979 2.879699838232867 717.045259719984 1.1950630589078506 719.4279614625295 2.943884462436369 3.0726807507081193 741.1456435960044 
183.00012393869912 6.870767511521884E-90 46.241541511131615 1.1891007416686048 715.8386464845 0.0 0.0 249.0 244.26268749437338 2.874839100324569 715.8349359808179 1.1871526390442313 714.6658887046326 2.9258086694927363 3.0726807507081193 741.1456435960044 
184.00037532036416 5.516861627051881E-90 46.32099099865105 1.1849055759976173 713.3131567505659 0.0 0.0 249.0 241.88928138796578 2.8646968078686417 713.3095051592918 1.1691623682534797 703.8357456886049 2.9097434233132637 2.956264082998035 719.4506581457404 
185.0002550126253 5.883347010268878E-90 46.4934710086635 1.183785279863834 712.6387384780285 0.0 0.0 249.0 243.2528268754378 2.86198831818432 712.6350912278959 1.1762083182935348 708.0774076127066 2.9108702114910714 2.956264082998035 719.4506581457404 
186.00008639901432 6.6642615528012405E-90 46.63005207782184 1.1811427148222866 711.047914323016 0.0 0.0 249.0 246.14661715903324 2.85560012443072 711.0444309832486 1.1834587410201278 712.4421620941121 2.8943812850932225 2.956264082998035 719.4506581457404 
187.0002231974732 6.367478791421673E-90 46.56274617984209 1.1793845332990043 709.9894890460009 0.0 0.0 249.0 241.14586504169398 2.851349606689207 709.986052065613 1.1362555772904395 684.0258575288425 2.83656473815371 2.956264082998035 719.4506581457404 
188.00098619637376 6.367478791421673E-90 46.596645845913024 1.178018934923485 709.1673988239384 0.0 0.0 249.0 247.95956996872124 2.8480481220047285 709.1639823791778 1.167655607330031 702.9286756126785 2.8348519708327817 2.9258086694927363 714.6658887046326 
189.00014700251432 1.0688757476864146E-89 46.56274617984209 1.1753626020934578 707.568286460261 0.0 0.0 249.0 244.88793398142843 2.841626205670139 707.5649252118641 1.1634736458899593 700.4111348257483 2.860129216815008 2.9097434233132637 703.8357456886049 
190.00008358456714 1.0024047242163812E-89 46.884358695948805 1.1745828356263757 707.0988670470775 0.0 0.0 250.0 242.77341017493023 2.8283841956139693 707.096048903492 1.1406384670916192 686.6643571891645 2.8284166568916627 2.9108702114910714 708.0774076127066 
191.00026011510772 1.139741904841018E-89 46.884358695948805 1.172210170072652 705.6705223837363 0.0 0.0 249.0 244.3025641528911 2.834005476946131 705.6673637595862 1.1313748039671834 681.0876319882453 2.787885728297155 2.8943812850932225 712.4421620941121 
192.00018599952907 1.0644786734931898E-89 47.08168710201244 1.1719131167978853 705.4916963123267 0.0 0.0 250.0 245.63506446163404 2.8219559901695837 705.488997542396 1.1725092053706574 705.8505416331415 2.8735740281224746 2.9097434233132637 703.8357456886049 
193.00005546067456 8.867594789576223E-90 47.20320979062226 1.173938587450328 706.7110296450969 0.0 0.0 250.0 244.7666004004007 2.8268339626786343 706.7084906696579 1.1404159932078801 686.5304279111381 2.804837043894385 2.9097434233132637 703.8357456886049 
194.00031356322293 1.3031075531385735E-89 47.1735859641139 1.1763652277426697 708.1718671010872 0.0 0.0 251.0 248.83465498994798 2.821391787931621 708.1693387708368 1.1671560234072345 702.6279260911512 2.823673921622914 2.9097434233132637 703.8357456886049 
195.000039819389 1.1620945922250244E-89 47.1735859641139 1.1714417467062181 705.2079315171436 0.0 0.0 252.0 245.72934809230526 2.798434478740908 705.2054886427088 1.182945627055244 712.1332674872538 2.898039135397655 2.9097434233132637 703.8357456886049 
196.0013749958453 1.501739435335385E-89 47.34792544295486 1.1678995222115187 703.0755123713332 0.0 0.0 252.0 244.9012972405796 2.78997277122393 703.0731383484296 1.1519635904105632 693.482081427158 2.831679902233893 2.9097434233132637 703.8357456886049 
197.00001436998843 1.501739435335385E-89 47.30506867357981 1.1672043671730976 702.6570290382045 0.0 0.0 252.0 248.62054010886916 2.7883123116759885 702.6547025423486 1.167821463384264 703.028520957325 2.8277169724169764 2.9097434233132637 703.8357456886049 
198.00010221320733 2.6721250636693762E-89 47.36397384804892 1.1595389351745649 698.0424389750873 0.0 0.0 252.0 248.8392237304146 2.770000661068576 698.0401665892804 1.1540425299923263 694.7336030553789 2.7918974856151846 2.9097434233132637 703.8357456886049 
199.00021723442697 2.797478579538672E-89 47.64477667077082 1.161360042967422 699.1387458663867 0.0 0.0 252.0 247.4027961665663 2.7743515054444186 699.1365793719928 1.1632037930477876 700.2486834147726 2.8303992285654016 2.804837043894385 686.5304279111381 
200.00006029354824 3.179270720804389E-89 47.88891780300654 1.1611496503118344 699.012089487724 0.0 0.0 252.0 242.80203085972352 2.7738488173718623 699.0099019777091 1.1527867808101215 693.9776420476874 2.8582036138265505 2.898039135397655 712.1332674872538 
201.00108155707127 4.665454096865023E-89 47.88891780300654 1.1597798385551275 698.1874628101859 0.0 0.0 252.0 246.48118663104643 2.770576718143952 698.1853329722754 1.1511008765053 692.9627276561972 2.8114223934400377 2.898039135397655 712.1332674872538 
202.00003788608095 4.06542587639298E-89 48.363760496933054 1.1598085973651282 698.2047756138069 0.0 0.0 251.0 245.4421851530047 2.78168391029791 698.2026614847753 1.1399820727984236 686.2692078246484 2.7960523876400436 2.8277169724169764 703.028520957325 
203.00012087731136 3.813792343184287E-89 48.37665921951009 1.156633333144507 696.2932665529933 0.0 0.0 251.0 246.86969400598963 2.7740685440480983 696.2912045560728 1.1450346074143603 689.310833663441 2.7922051608599503 2.8277169724169764 703.028520957325 
204.0000819226754 3.9024176913386985E-89 48.59646459033741 1.1532935749655107 694.2827321292373 0.0 0.0 251.0 246.41715988592327 2.766058763902647 694.2807497395644 1.1306352375355497 680.6424129964031 2.7621550922488542 2.8277169724169764 703.028520957325 
205.00016834504316 3.478579635753634E-89 48.56299855444009 1.151841030684605 693.4083004721317 0.0 0.0 251.0 241.87966109443173 2.7625752423765477 693.4063858365134 1.155449098135412 695.5803570775252 2.875729004787902 2.8277169724169764 703.028520957325 
206.00021189681206 3.172266389970893E-89 48.81184483461176 1.1504153135376682 692.550018749677 0.0 0.0 251.0 246.42971510621393 2.7591561620163776 692.548196666111 1.1564582689367973 696.1878778999525 2.8250971178532094 2.8277169724169764 703.028520957325 
207.00062857646736 3.381572122469446E-89 48.90413211877883 1.1482932427227435 691.2725321190915 0.0 0.0 251.0 245.64752983727197 2.7540667415474642 691.2707521284135 1.1450130841033777 689.2978766302357 2.80604440470807 2.8277169724169764 703.028520957325 
208.0001252144273 3.842396582392997E-89 49.244378927395594 1.145875684641901 689.8171621544242 0.0 0.0 251.0 247.2655236874801 2.7482687665061416 689.8154603930411 1.14197142484719 687.4667977580079 2.7802776040338726 2.8277169724169764 703.028520957325 
209.00008131808022 6.40240729609704E-89 49.21894256992757 1.1438107716835706 688.5740845535096 0.0 0.0 251.0 246.85064008891842 2.743316720133813 688.572496753587 1.137584119931285 684.825640198629 2.7742510205845403 2.8277169724169764 703.028520957325 
210.00030270377107 5.869787922892838E-89 49.15991526235711 1.1458017502270914 689.7726536367096 0.0 0.0 250.0 248.51525669308563 2.759084398420415 689.7710996051039 1.1461209891650257 689.9648354773371 2.776347998342163 2.8277169724169764 703.028520957325 
211.0002475115421 4.9928247784269836E-89 49.15991526235711 1.141522725723601 687.1966808856081 0.0 0.0 250.0 249.19867647846502 2.748780427871836 687.1951069679593 1.1565972826140418 696.2715641336497 2.7940419827784253 2.8277169724169764 703.028520957325 
212.00004799834545 4.9928247784269836E-89 49.15991526235711 1.1395294913291194 685.99675378013 0.0 0.0 250.0 249.7565911316884 2.743980860995832 685.9952152489578 1.161588236634511 699.2761184539759 2.7998304880981926 2.8277169724169764 703.028520957325 
213.00023023370292 5.321659393253034E-89 49.15991526235711 1.1395898722196731 686.0331030762432 0.0 0.0 252.0 248.40045071661783 2.722347683761526 686.0316163079045 1.1378080272852904 684.9604324257417 2.757484660151296 2.8277169724169764 703.028520957325 
214.00020757988395 4.9928247784269836E-89 49.21894256992757 1.138045068231646 685.1031310754513 0.0 0.0 252.0 249.85883667058513 2.718657330359022 685.1016472504738 1.1517228129001216 693.3371333658675 2.774915398649542 2.8277169724169764 703.028520957325 
215.00105129884878 7.487418359026967E-89 49.34077326772295 1.1400325542503607 686.2995976587168 0.0 0.0 252.0 248.32988788532418 2.723405565513997 686.298202509527 1.151929860028608 693.4617757372234 2.7925022704373625 2.8277169724169764 703.028520957325 
216.0008916188573 9.102980046502004E-89 49.60021793889884 1.1401390981488198 686.3637370855886 0.0 0.0 252.0 247.66255698111772 2.723660299835116 686.3623955584486 1.1562332282098426 696.052403382328 2.810487026649718 2.8277169724169764 703.028520957325 
217.0006637737286 8.30855054719691E-89 49.72299240029716 1.1400771748066187 686.3264592335844 0.0 0.0 252.0 245.6511212075645 2.723512439357818 686.32513471817 1.165937701085176 701.8944960532693 2.8572818744034922 2.7940419827784253 696.2715641336497 
218.00010719189925 7.035849975274456E-89 49.72299240029716 1.1410751027872539 686.9272118779272 0.0 0.0 250.0 247.28648979313874 2.747703936570127 686.925984142532 1.1351579133986844 683.3650638660059 2.763454907858726 2.7998304880981926 699.2761184539759 
219.00010602993817 5.693177364003204E-89 49.7636160965001 1.1398080112654607 686.1644227818069 0.0 0.0 251.0 253.74330205320686 2.7337179914945606 686.1632158651347 1.1698410000190367 704.24428201146 2.775420183756372 2.757484660151296 684.9604324257417 
220.00016044090953 5.693177364003204E-89 49.7636160965001 1.1394257358360107 685.9342929732785 0.0 0.0 250.0 248.22433309315235 2.7437326395508106 685.9331598877027 1.1459735694575846 689.8760888134676 2.7792444045144213 2.7925022704373625 693.4617757372234 
221.00032168969386 5.693177364003204E-89 49.7636160965001 1.1392238071529295 685.8127319060641 0.0 0.0 250.0 249.87799063578478 2.743246534024874 685.8116335062188 1.1364193002531704 684.124418752416 2.737833840474477 2.7925022704373625 693.4617757372234 
222.00053951188494 4.9411684797441154E-89 49.86324292225715 1.1397761106200701 686.1452185932819 0.0 0.0 251.0 246.9314106554108 2.7336421432367173 686.1441779524158 1.1547859681691157 695.1811528378055 2.8152803687171284 2.7925022704373625 693.4617757372234 
223.00199053997395 5.3916220788969906E-89 49.84773232627144 1.1351908044902783 683.3848643031477 0.0 0.0 251.0 245.33282328982645 2.722644801726125 683.3838452332575 1.1553262284497243 695.5063895267288 2.8349504163374224 2.7925022704373625 693.4617757372234 
224.00120860168116 5.1803286703784E-89 49.84773232627144 1.1327522060019526 681.9168280131751 0.0 0.0 251.0 245.33727300960498 2.7167962819888825 681.9158667792093 1.1339135505505136 682.6159574314146 2.782357320017534 2.7925022704373625 693.4617757372234 
225.00035306579542 7.586233102235653E-89 49.86656724930194 1.132197214956462 681.5827234037907 0.0 0.0 250.0 248.44257232278383 2.726327197224653 681.5817993061638 1.1349034565660734 683.2118808527786 2.7499790976448666 2.7925022704373625 693.4617757372234 
226.00006477834896 7.586233102235653E-89 49.86656724930194 1.1319561335277242 681.4375923836902 0.0 0.0 249.0 242.83815775734712 2.7366935009165663 681.4366817282258 1.1316547868748343 681.2561816986499 2.8053918214096583 2.7925022704373625 693.4617757372234 
227.00050370056846 7.066875921396351E-89 49.86656724930194 1.1352859708436305 683.4421544478656 0.0 0.0 250.0 239.59408336349298 2.7337651543114703 683.4412885778677 1.0905470468371945 656.5093221959854 2.740089876092566 2.7925022704373625 693.4617757372234 
228.000051362185 8.396949660228801E-89 49.86656724930194 1.1327047255611928 681.8882447878378 0.0 0.0 249.0 243.92201522201145 2.738503589542714 681.8873937961357 1.1242362932371894 676.7902485287975 2.774617321494334 2.7925022704373625 693.4617757372234 
229.00000702248036 7.463372524305255E-89 49.882083705953065 1.1326323318266915 681.8446637596686 0.0 0.0 248.0 243.67807063328672 2.749370340561195 681.8438444591767 1.1236586393070382 676.4425008628274 2.7759678952843143 2.7925022704373625 693.4617757372234 
230.00012054659746 7.463372524305255E-89 49.86656724930194 1.1336725973718667 682.4709036178639 0.0 0.0 247.0 245.81427711249964 2.763036895063512 682.4701130806876 1.1174512375649412 672.7056450140958 2.736641878234862 2.782357320017534 682.6159574314146 
231.00001887258648 7.463372524305255E-89 49.94974749230987 1.1301428865908676 680.3460177277022 0.0 0.0 249.0 245.9199679227879 2.732310309484355 680.3452670616043 1.1303279493273743 680.4574254950751 2.766987289575119 2.7499790976448666 683.2118808527786 
232.00005364866308 1.0253778603961076E-88 49.97111945518286 1.126571491387783 678.1960378154453 0.0 0.0 250.0 246.3478223613779 2.7127812652323495 678.1953163080872 1.126688026369698 678.2661918745624 2.753286736505369 2.8053918214096583 681.2561816986499 
233.0000227447459 1.0253778603961076E-88 49.967788158272576 1.127474605263007 678.7397123683297 0.0 0.0 249.0 241.17599488401822 2.725859484147723 678.7390115527829 1.0999753267104526 662.1851466796993 2.7456511457458475 2.740089876092566 656.5093221959854 
234.00095526395538 1.0671057508384805E-88 49.97111945518286 1.127011060741384 678.4606585663124 0.0 0.0 249.0 244.93246663432473 2.7247388779050237 678.4599805983507 1.107338326093725 666.6176723084183 2.721638668276894 2.774617321494334 676.7902485287975 
235.00033304382376 9.111227033299741E-89 49.99444475307541 1.1266064730269711 678.2170967622361 0.0 0.0 250.0 245.1983932468626 2.712865704999522 678.2164262498802 1.1287530692249748 679.509347673436 2.7712634600721655 2.7759678952843143 676.4425008628274 
236.00021478242402 9.111227033299741E-89 49.99111190119711 1.1259012874450605 677.792575041926 0.0 0.0 250.0 241.2216004960057 2.7111676810600067 677.7919202650012 1.1356008128617767 683.6316893427833 2.8340401022838884 2.7759678952843143 676.4425008628274 
237.00002022246795 9.481482883644965E-89 49.99111190119711 1.1235311645796269 676.3657610769349 0.0 0.0 250.0 240.91569020075852 2.705460513997509 676.3651284993771 1.134679433454766 683.0770189397589 2.835336371701407 2.736641878234862 672.7056450140958 
238.0003960960637 8.69000973735042E-89 49.99555575308327 1.123277395649149 676.2129921807874 0.0 0.0 250.0 247.0253462441727 2.7048495819277614 676.21239548194 1.1259485165618006 677.8210069702111 2.7439330306624385 2.766987289575119 680.4574254950751 
239.0000638827969 1.018876019191467E-88 49.99444475307541 1.1202061650022768 674.3641113313704 0.0 0.0 250.0 246.31130883509107 2.6974540848588866 674.3635212147216 1.116870833277441 672.3562416330185 2.729701063312406 2.753286736505369 678.2661918745624 
240.0004478493534 8.974182442776603E-89 49.99777782715717 1.1199683931000401 674.2209726462237 0.0 0.0 250.0 243.44993613703778 2.6968816159727025 674.2204039931754 1.1255380497937586 677.5739059758386 2.783216610064883 2.7456511457458475 662.1851466796993 
241.0001762222909 8.974182442776603E-89 49.996389019282525 1.119308629637915 673.823795042024 0.0 0.0 250.0 243.99710228756004 2.6952929886846984 673.8232471711741 1.1169358754089775 672.395396996212 2.7557515670975796 2.7712634600721655 679.509347673436 
242.00059451916084 1.0944661877424512E-88 49.987501562370745 1.1165290847999734 672.1505090495841 0.0 0.0 250.0 248.71508027097454 2.6885998812930025 672.1499703232504 1.1270590111959469 678.4895247399522 2.7279790352910624 2.7712634600721655 679.509347673436 
243.00010480933062 1.242454634512275E-88 49.956407902649694 1.1124676583435742 669.7055303228316 0.0 0.0 250.0 243.64220320939984 2.6788200162467954 669.7050040616988 1.0902783291876856 656.3475541709939 2.693899273299921 2.7712634600721655 679.509347673436 
244.00110827279767 1.5142530788789438E-88 49.95307758645322 1.113244068649513 670.1729293270064 0.0 0.0 249.0 251.49344044584183 2.691455479972633 670.1724145131852 1.1169768925564003 672.4200893189553 2.6737082610461105 2.7439330306624385 677.8210069702111 
245.00002558255537 1.5142530788789438E-88 49.95890578547876 1.1146884509317507 671.0424474609132 0.0 0.0 249.0 245.56291088656195 2.694947531322694 671.0419352993503 1.0745357553082726 646.8705246955769 2.634235448505493 2.7439330306624385 677.8210069702111 
246.00001870976098 1.5881451206843833E-88 49.941145776517985 1.1134521052384996 670.2981673535764 0.0 0.0 249.0 245.75879466227636 2.69195850236163 670.2976670880457 1.0718103030170048 645.2298024162326 2.6254596638257133 2.7439330306624385 677.8210069702111 
247.0002887780736 2.4736768162543243E-88 49.95557530278598 1.1136991199181832 670.4468701907458 0.0 0.0 249.0 245.87475200495675 2.6925558345338447 670.446402798927 1.1177259973666656 672.871050414722 2.7366415011215026 2.7439330306624385 677.8210069702111 
248.00034438778175 2.4736768162543243E-88 49.94863751024514 1.1122884473687107 669.5976453159639 0.0 0.0 249.0 249.25834872001928 2.6891453818473807 669.597200079998 1.1034835020465843 664.2970682320465 2.6650945560833414 2.7439330306624385 677.8210069702111 
249.00073952008756 2.4736768162543243E-88 49.92450150212298 1.1095035630385917 667.9211449492312 0.0 0.0 249.0 246.06095539184915 2.682412493051856 667.920710769912 1.09802630996441 661.0118385985809 2.6863743479575106 2.7439330306624385 677.8210069702111 
250.00019280061557 2.358583410532659E-88 49.923946788494604 1.1068956812774273 666.3512001290113 0.0 0.0 250.0 237.03124528705038 2.6654031349658647 666.3507837414661 1.100147220701249 662.2886268621586 2.7940984154224546 2.7439330306624385 677.8210069702111 
251.00002002743724 2.4736768162543243E-88 49.923946788494604 1.1021682165603972 663.5052663693596 0.0 0.0 248.0 236.8341439846819 2.675422911483058 663.5048820477987 1.1042841888370014 664.7790816798729 2.8069393648023566 2.7439330306624385 677.8210069702111 
252.00003384709032 0.0 0.0 0.0 0.0 0.0 0.0 247.0 237.12200247675872 0.0 0.0 1.0346754927846171 622.8746466563392 2.626810840623656 2.7439330306624385 677.8210069702111 
253.0012140401099 0.0 0.0 0.0 0.0 0.0 0.0 246.0 236.3576717444727 0.0 0.0 0.5590169137661556 336.5281820872284 1.423809007778053 2.7439330306624385 677.8210069702111 
254.00029191037535 0.0 0.0 0.0 0.0 0.0 0.0 246.0 238.71451896613775 0.0 0.0 0.14763422018221775 88.87580054969462 0.3723099915941932 2.7439330306624385 677.8210069702111 
255.00012297116913 0.0 0.0 0.0 0.0 0.0 0.0 247.0 240.5323743206234 0.0 0.0 0.021929136338169307 13.201340075577917 0.05488383887143971 2.7439330306624385 677.8210069702111 
256.00000982076597 0.0 0.0 0.0 0.0 0.0 0.0 247.0 236.3795241547201 0.0 0.0 0.001152503027187829 0.6938068223670747 0.002935139263217019 2.6863743479575106 661.0118385985809 
257.00010199107663 0.0 0.0 0.0 0.0 0.0 0.0 247.0 238.29878876580938 0.0 0.0 -6.562151214253684E-4 -0.3950415030980729 -0.0016577570752418051 2.7439330306624385 677.8210069702111 
258.00049935052436 0.0 0.0 0.0 0.0 0.0 0.0 247.0 236.308765674992 0.0 0.0 -7.727306512788707E-4 -0.46518385206987817 -0.0019685425157256768 2.7439330306624385 677.8210069702111 
259.0005812226515 0.0 0.0 0.0 0.0 0.0 0.0 247.0 242.2287499894129 0.0 0.0 3.129681225107882E-4 0.1884068097514931 7.778053173280537E-4 2.7439330306624385 677.8210069702111 
260.00021851662655 0.0 0.0 0.0 0.0 0.0 0.0 247.0 241.71565789081092 0.0 0.0 1.801875011497459E-5 0.010847287569214742 4.487623045965329E-5 1.423809007778053 336.5281820872284 
261.0000768477288 0.0 0.0 0.0 0.0 0.0 0.0 247.0 239.52820022864597 0.0 0.0 1.5754198733479484E-5 0.009484027637554545 3.9594618205711876E-5 0.3723099915941932 88.87580054969462 
262.0003968118808 0.0 0.0 0.0 0.0 0.0 0.0 248.0 240.5097978784953 0.0 0.0 3.4554583719159176E-6 0.002080185939893362 8.649069427700673E-6 0.05488383887143971 13.201340075577917 
263.0002962734244 0.0 0.0 0.0 0.0 0.0 0.0 249.0 235.13870619460593 0.0 0.0 3.3119327511692545E-7 1.9937835162038762E-4 8.47918043128883E-7 0.002935139263217019 0.6938068223670747 
264.0003508647598 0.0 0.0 0.0 0.0 0.0 0.0 249.0 245.42798014266785 0.0 0.0 1.1605786988312807E-7 6.986683766964262E-5 2.8467348192748387E-7 -0.0016577570752418051 -0.3950415030980729 
265.00039160231137 0.0 0.0 0.0 0.0 0.0 0.0 250.0 242.79172231527866 0.0 0.0 1.8116306054259445E-8 1.0906016244664024E-5 4.4919225996106864E-8 -0.0019685425157256768 -0.46518385206987817 
266.00036436757455 0.0 0.0 0.0 0.0 0.0 0.0 251.0 243.21858058692231 0.0 0.0 1.0626672004907105E-8 6.397256546954155E-6 2.6302499305425724E-8 7.778053173280537E-4 0.1884068097514931 
267.00008670753334 0.0 0.0 0.0 0.0 0.0 0.0 251.0 244.46844622144752 0.0 0.0 8.832709124616571E-9 5.317290893019205E-6 2.1750417999559047E-8 4.487623045965329E-5 0.010847287569214742 
268.00011490667794 0.0 0.0 0.0 0.0 0.0 0.0 252.0 241.14474251569325 0.0 0.0 4.041040547825285E-9 2.4327064097908534E-6 1.008815860720056E-8 8.649069427700673E-6 0.002080185939893362 
269.00013669358225 0.0 0.0 0.0 0.0 0.0 0.0 250.0 241.08944833786205 0.0 0.0 7.629696594022331E-10 4.593077349601404E-7 1.905134123980689E-9 8.649069427700673E-6 0.002080185939893362 
270.00006960779376 0.0 0.0 0.0 0.0 0.0 0.0 250.0 244.80683898868023 0.0 0.0 6.247238826480261E-10 3.7608377735411304E-7 1.5362470219694435E-9 2.8467348192748387E-7 6.986683766964262E-5 
271.00039913232837 0.0 0.0 0.0 0.0 0.0 0.0 251.0 246.76980081115016 0.0 0.0 3.3411473436453715E-10 2.011370700874522E-7 8.150797602717193E-10 4.4919225996106864E-8 1.0906016244664024E-5 
272.0000615393837 0.0 0.0 0.0 0.0 0.0 0.0 251.0 244.59037459978867 0.0 0.0 3.030846566579662E-10 1.824569633080951E-7 7.459695157940723E-10 2.6302499305425724E-8 6.397256546954155E-6 
273.00008770037596 0.0 0.0 0.0 0.0 0.0 0.0 251.0 241.50207724401562 0.0 0.0 2.604034018620791E-10 1.5676284792097142E-7 6.491159401605353E-10 2.1750417999559047E-8 5.317290893019205E-6 
274.0005861763113 0.0 0.0 0.0 0.0 0.0 0.0 251.0 244.86938598914605 0.0 0.0 5.585869260085671E-13 3.3626932945716064E-10 1.3732599855176095E-12 1.008815860720056E-8 2.4327064097908534E-6 
275.00065361217736 0.0 0.0 0.0 0.0 0.0 0.0 251.0 243.46576966766042 0.0 0.0 1.42879883141428E-14 8.601368965113927E-12 3.5328863588729975E-14 1.008815860720056E-8 2.4327064097908534E-6 
276.00036595469993 0.0 0.0 0.0 0.0 0.0 0.0 250.0 243.07074284865612 0.0 0.0 2.284751046535512E-16 1.3754201300143676E-13 5.658517820348085E-16 1.008815860720056E-8 2.4327064097908534E-6 
277.0000383373612 0.0 0.0 0.0 0.0 0.0 0.0 251.0 247.53277096325377 0.0 0.0 2.09908834352275E-18 1.2636511828007048E-15 5.1049854040873394E-18 1.008815860720056E-8 2.4327064097908534E-6 
278.0009827692755 0.0 0.0 0.0 0.0 0.0 0.0 250.0 247.4390686043068 0.0 0.0 1.0237519195160577E-19 6.162986555486635E-17 2.490708759230823E-19 1.008815860720056E-8 2.4327064097908534E-6 
279.00026843864515 0.0 0.0 0.0 0.0 0.0 0.0 249.0 248.30691410645008 0.0 0.0 7.3046964698777E-20 4.3974272748663986E-17 1.7709644899300732E-19 1.008815860720056E-8 2.4327064097908534E-6 
280.000111571165 0.0 0.0 0.0 0.0 0.0 0.0 250.0 246.78077098792173 0.0 0.0 5.0682914715728376E-20 3.051111465886824E-17 1.2363651566823884E-19 1.008815860720056E-8 2.4327064097908534E-6 
281.0008479712935 0.0 0.0 0.0 0.0 0.0 0.0 251.0 247.65475071498963 0.0 0.0 2.309716825586746E-20 1.3904495290032264E-17 5.614467418811634E-20 1.008815860720056E-8 2.4327064097908534E-6 
282.00050265780357 0.0 0.0 0.0 0.0 0.0 0.0 251.0 245.92054913844305 0.0 0.0 1.9041942205276678E-20 1.146324920757667E-17 4.6613628864025253E-20 1.008815860720056E-8 2.4327064097908534E-6 
283.0002909857399 0.0 0.0 0.0 0.0 0.0 0.0 251.0 241.9183575315085 0.0 0.0 9.883165711176044E-21 5.949665758127901E-18 2.4593692759975815E-20 1.008815860720056E-8 2.4327064097908534E-6 
284.0006376274076 0.0 0.0 0.0 0.0 0.0 0.0 250.0 245.55665273111478 0.0 0.0 7.373799321932085E-22 4.439027191803055E-19 1.8077405529158282E-21 2.490708759230823E-19 6.162986555486635E-17 
285.00050868723974 0.0 0.0 0.0 0.0 0.0 0.0 252.0 245.6701519411856 0.0 0.0 2.4523412434117897E-23 1.4763094285338756E-20 6.009315404694788E-23 1.7709644899300732E-19 4.3974272748663986E-17 
286.0002752574285 0.0 0.0 0.0 0.0 0.0 0.0 251.0 247.87305411739038 0.0 0.0 2.294449764503261E-23 1.3812587582309565E-20 5.572444181757672E-23 1.2363651566823884E-19 3.051111465886824E-17 
287.0007029623805 0.0 0.0 0.0 0.0 0.0 0.0 252.0 249.4656636894402 0.0 0.0 2.3002652341893816E-23 1.384759670982E-20 5.550902879788247E-23 5.614467418811634E-20 1.3904495290032264E-17 
288.00001080856015 0.0 0.0 0.0 0.0 0.0 0.0 250.0 248.14295355286922 0.0 0.0 2.1690968311090422E-23 1.3057962923276337E-20 5.262274320634381E-23 4.6613628864025253E-20 1.146324920757667E-17 
289.0002454110563 0.0 0.0 0.0 0.0 0.0 0.0 251.0 248.72397394461345 0.0 0.0 1.0951565970264908E-24 6.5928427140994325E-22 2.650666363013139E-24 2.4593692759975815E-20 5.949665758127901E-18 
290.00053299506715 0.0 0.0 0.0 0.0 0.0 0.0 251.0 244.93893936555688 0.0 0.0 9.563053315150504E-25 5.756958095720576E-22 2.3503645890817943E-24 6.009315404694788E-23 1.4763094285338756E-20 
291.00015901409654 0.0 0.0 0.0 0.0 0.0 0.0 251.0 247.9566072134179 0.0 0.0 3.806362500267307E-26 2.2914302251609476E-23 9.241254955503961E-26 6.009315404694788E-23 1.4763094285338756E-20 
292.0002332995102 0.0 0.0 0.0 0.0 0.0 0.0 251.0 250.71121473229644 0.0 0.0 3.801392726414466E-26 2.2884384213015286E-23 9.127786420504042E-26 6.009315404694788E-23 1.4763094285338756E-20 
293.00142326825886 0.0 0.0 0.0 0.0 0.0 0.0 251.0 248.75544820490555 0.0 0.0 3.7357661385659694E-26 2.2489312154166953E-23 9.040731496116617E-26 6.009315404694788E-23 1.4763094285338756E-20 
294.00005252682456 0.0 0.0 0.0 0.0 0.0 0.0 251.0 250.0850319725443 0.0 0.0 3.8185585081842777E-26 2.2987722219269113E-23 9.191962444914669E-26 6.009315404694788E-23 1.4763094285338756E-20 
295.00070403082736 0.0 0.0 0.0 0.0 0.0 0.0 251.0 247.04882097430155 0.0 0.0 7.63890566532191E-29 4.598621210523746E-26 1.8614220429742924E-28 6.009315404694788E-23 1.4763094285338756E-20 
296.00011520182704 0.0 0.0 0.0 0.0 0.0 0.0 251.0 242.9889192673501 0.0 0.0 7.516031642996699E-29 4.524651049084051E-26 1.862081226883344E-28 6.009315404694788E-23 1.4763094285338756E-20 
297.0005362966746 0.0 0.0 0.0 0.0 0.0 0.0 252.0 245.85100891606476 0.0 0.0 7.740206077078692E-29 4.6596040584013233E-26 1.8952958862951604E-28 6.009315404694788E-23 1.4763094285338756E-20 
298.00015769136377 0.0 0.0 0.0 0.0 0.0 0.0 253.0 248.4865165404126 0.0 0.0 5.537129326857315E-29 3.33335185476812E-26 1.341461863274179E-28 6.009315404694788E-23 1.4763094285338756E-20 
299.0002860028467 0.0 0.0 0.0 0.0 0.0 0.0 253.0 246.48485972945494 0.0 0.0 1.9354828263009256E-40 1.1651606614331505E-37 4.72710844273375E-40 6.009315404694788E-23 1.4763094285338756E-20 
300.00021619701363 0.0 0.0 0.0 0.0 0.0 0.0 255.0 247.60976313835934 0.0 0.0 1.9354828250819013E-40 1.1651606606992966E-37 4.705632952155559E-40 6.009315404694788E-23 1.4763094285338756E-20 
#####################################################################
# End of data export. Simulation finished at: 2021-12-09T08:55+0000 #
#####################################################################
