#####################################################################
# Alchemist log file - simulation started at: 2021-12-09T08:43+0000 #
#####################################################################
# random = 18.0
#
# The columns have the following meaning: 
# time localWarningInSystem[Min] localWarningInSystem[Max] localWarningInSystem[Mean] localWarningInSystem[Sum] meanWarningAtDetector[Sum] dataAtCollector[Sum] inSurveillanceArea[Sum] numDevicesAtDetector[Sum] localWarningInSurveillanceArea[Mean] localWarningInSurveillanceArea[Sum] sumWarningAtDetector[Mean] sumWarningAtDetector[Sum] meanWarningOverallAtDetector[Sum] meanWarningAtCollector[Sum] sumWarningAtCollector[Sum] 
0.0 0.0 0.0 0.0 0.0 0.0 0.0 0.0 0.0 0.0 0.0 0.0 0.0 0.0 0.0 0.0 
1.001562157851807 0.0 0.0 0.0 0.0 0.0 0.0 80.0 1.0 0.0 0.0 0.0 0.0 0.0 0.0 0.0 
2.0 0.0 0.0 0.0 0.0 0.0 0.0 243.0 13.816985493839578 0.0 0.0 0.0 0.0 0.0 0.0 0.0 
3.000335869204933 0.0 0.0 0.0 0.0 0.0 0.0 259.0 70.3605415992434 0.0 0.0 0.0 0.0 0.0 0.0 0.0 
4.00015410193969 0.0 0.0 0.0 0.0 0.0 0.0 262.0 137.1417409317395 0.0 0.0 0.0 0.0 0.0 0.0 0.0 
5.000040342425776 0.0 0.0 0.0 0.0 0.0 0.0 262.0 193.7766197385696 0.0 0.0 0.0 0.0 0.0 0.0 0.0 
6.00012208503407 0.0 0.0 0.0 0.0 0.0 0.0 262.0 229.93098573909884 0.0 0.0 0.0 0.0 0.0 0.0 0.0 
7.000193088978376 0.0 0.0 0.0 0.0 0.0 0.0 262.0 250.29117726960973 0.0 0.0 0.0 0.0 0.0 0.0 0.0 
8.000304467954226 0.0 0.0 0.0 0.0 0.0 0.0 262.0 253.86208235119884 0.0 0.0 0.0 0.0 0.0 0.0 0.0 
9.000347096650385 0.0 0.0 0.0 0.0 0.0 0.0 262.0 256.06304387453696 0.0 0.0 0.0 0.0 0.0 0.0 0.0 
10.0001800842272 0.0 0.0 0.0 0.0 0.0 0.0 262.0 256.02433383700946 0.0 0.0 0.0 0.0 0.0 0.0 0.0 
11.000305484708804 0.0 0.0 0.0 0.0 0.0 0.0 262.0 252.66406516814303 0.0 0.0 0.0 0.0 0.0 0.0 0.0 
12.000081667893106 0.0 0.0 0.0 0.0 0.0 0.0 262.0 252.92286094467497 0.0 0.0 0.0 0.0 0.0 0.0 0.0 
13.00098117620298 0.0 0.0 0.0 0.0 0.0 0.0 262.0 256.376205487097 0.0 0.0 0.0 0.0 0.0 0.0 0.0 
14.000052400515983 0.0 0.0 0.0 0.0 0.0 0.0 262.0 254.3775935722195 0.0 0.0 0.0 0.0 0.0 0.0 0.0 
15.00030602125791 0.0 0.0 0.0 0.0 0.0 0.0 263.0 254.10233910769213 0.0 0.0 0.0 0.0 0.0 0.0 0.0 
16.00003524565826 0.0 0.0 0.0 0.0 0.0 0.0 263.0 253.4838775133743 0.0 0.0 0.0 0.0 0.0 0.0 0.0 
17.000116896444098 0.0 0.0 0.0 0.0 0.0 0.0 264.0 256.06959245190654 0.0 0.0 0.0 0.0 0.0 0.0 0.0 
18.000217527566246 0.0 0.0 0.0 0.0 0.0 0.0 263.0 252.2895361326406 0.0 0.0 0.0 0.0 0.0 0.0 0.0 
19.000323383686347 0.0 0.0 0.0 0.0 0.0 0.0 263.0 255.3496005269498 0.0 0.0 0.0 0.0 0.0 0.0 0.0 
20.0000891067376 0.0 0.0 0.0 0.0 0.0 0.0 263.0 250.50224994306583 0.0 0.0 0.0 0.0 0.0 0.0 0.0 
21.00043047151125 0.0 0.0 0.0 0.0 0.0 0.0 263.0 252.17090149229753 0.0 0.0 0.0 0.0 0.0 0.0 0.0 
22.0002046149146 0.0 0.0 0.0 0.0 0.0 0.0 264.0 255.8387388002852 0.0 0.0 0.0 0.0 0.0 0.0 0.0 
23.000651776247427 0.0 0.0 0.0 0.0 0.0 0.0 263.0 255.6204409244366 0.0 0.0 0.0 0.0 0.0 0.0 0.0 
24.000120996809677 0.0 0.0 0.0 0.0 0.0 0.0 263.0 256.0509115395796 0.0 0.0 0.0 0.0 0.0 0.0 0.0 
25.00006174996313 0.0 0.0 0.0 0.0 0.0 0.0 263.0 258.3083364977242 0.0 0.0 0.0 0.0 0.0 0.0 0.0 
26.00021173537641 0.0 0.0 0.0 0.0 0.0 0.0 263.0 261.46799530604665 0.0 0.0 0.0 0.0 0.0 0.0 0.0 
27.000251398635086 0.0 0.0 0.0 0.0 0.0 0.0 263.0 259.97093755963556 0.0 0.0 0.0 0.0 0.0 0.0 0.0 
28.00008078445163 0.0 0.0 0.0 0.0 0.0 0.0 263.0 259.2378856998365 0.0 0.0 0.0 0.0 0.0 0.0 0.0 
29.00028676465622 0.0 0.0 0.0 0.0 0.0 0.0 263.0 259.24398355636004 0.0 0.0 0.0 0.0 0.0 0.0 0.0 
30.000106538877837 0.0 0.0 0.0 0.0 0.0 0.0 262.0 256.6745874861838 0.0 0.0 0.0 0.0 0.0 0.0 0.0 
31.00023880351724 6.56931047293186E-93 35.34380061642054 0.9186780503385352 553.0441863037984 0.0 0.0 261.0 256.46531935716826 2.118617057482605 552.95905200296 0.010788834368172424 6.49487828963984 0.02532458698867858 0.0 0.0 
32.000734216440726 6.56931047293186E-93 36.17657805309309 0.9205438917722569 554.167422846899 0.0 0.0 261.0 258.4960015595173 2.1229298250486752 554.0846843377046 0.14858986236677008 89.45109714479476 0.3460444130862083 0.0 0.0 
33.00010122669105 9.167956651156198E-93 36.165324868313235 0.9195845534120362 553.589901154046 0.0 0.0 261.0 257.1376469876447 2.1207224491197705 553.5085592202603 0.4992279721003458 300.5352392044111 1.1687718337830617 0.0 0.0 
34.000425493658284 1.0474658628864003E-92 36.77313126664557 0.9221037433836274 555.106453516943 0.0 0.0 262.0 252.45651209106776 2.118437767908449 555.0306951920132 0.7758719005820113 467.0748841503655 1.8501201663670264 0.0 0.0 
35.00003759958082 1.0474658628864003E-92 37.34631018762903 0.9257286401803771 557.2886413885868 0.0 0.0 261.0 252.0083442608507 2.1349017700454485 557.2093619818619 0.8725603303288275 525.2813188579571 2.0843806596905576 0.0 0.0 
36.000195125302994 1.196707197662869E-92 37.35564793234247 0.9299072218502978 559.8041475538798 0.0 0.0 261.0 254.75757017989773 2.1445506912389654 559.7277304133703 0.9036152189754426 543.9763618232097 2.135270647459384 0.0 0.0 
37.000609158638014 1.7840875649449995E-92 37.73443245835537 0.932261313436004 561.2213106884744 0.0 0.0 261.0 257.51549711850043 2.1499867203728047 561.1465340173019 0.9257294812103154 557.2891476886037 2.1640994577975126 0.0 0.0 
38.00011990984353 1.4902034765334558E-92 37.82867639796274 0.9308433569072498 560.3677008581647 0.0 0.0 261.0 256.0014128916187 2.1467322139392504 560.2971078381443 0.917170920318686 552.136894031843 2.1567728388499043 0.0 0.0 
39.00101618604981 1.4902034765334558E-92 37.82594442555312 0.9336217553122563 562.0402966979783 0.0 0.0 261.0 256.2770235264492 2.1531490427403264 561.9719001552252 0.9178135740239837 552.5237715624339 2.155962965230125 0.0 0.0 
40.0005603007462 2.284878093407666E-92 37.73862540601285 0.9367871306796166 563.9458526691292 0.0 0.0 261.0 256.2020186489604 2.160451093328781 563.877735358812 0.908898101635627 547.1566571846516 2.1356453788693512 0.0 0.0 
41.00045743007182 2.609496044941383E-92 38.58000420776978 0.9391720689703369 565.3815855201424 0.0 0.0 261.0 256.74538364866345 2.1659549275887113 565.3142361006533 0.9267253738716692 557.8886750707429 2.172925826912515 0.0 0.0 
42.00018778489676 3.553171019829282E-92 38.58321934207845 0.9403403648722974 566.0848996531232 0.0 0.0 261.0 258.0810872527013 2.1686616034687334 566.0206785053396 0.9253224238047643 557.0440991304663 2.1584072860985506 0.0 0.0 
43.00049219771513 3.037871532909111E-92 38.57807525577506 0.9452676101272314 569.0511012965933 0.0 0.0 261.0 255.62052803651818 2.1800297601425083 568.9877673971946 0.9393225665761018 565.4721850788136 2.2121548274011458 0.0 0.0 
44.00016705573884 2.7770225780820356E-92 38.57807525577506 0.9490443362453562 571.324690419704 0.0 0.0 261.0 256.78176567937555 2.188749452738086 571.2636071646405 0.938274770370112 564.8414117627991 2.199694399126747 2.1567728388499043 552.136894031843 
45.00025284811138 3.267277654113944E-92 38.562004406067814 0.9473148605590064 570.2835460565212 0.0 0.0 261.0 256.7155065076388 2.1847613311588394 570.222707432457 0.9217340323884451 554.8838874978433 2.1614739796847147 2.155962965230125 552.5237715624339 
46.000610404602405 3.849146982975231E-92 39.11349115769638 0.9478370451200427 570.5979011622655 0.0 0.0 261.0 256.78767567424774 2.185975955313738 570.5397243368856 0.9379667315017042 564.6559723640166 2.198921622236732 2.155962965230125 552.5237715624339 
47.00112689376228 3.36306096552164E-92 39.098500526139055 0.9500438546062294 571.9264004729501 0.0 0.0 261.0 255.4840627758102 2.1910725700723868 571.869940788893 0.9505044183037183 572.2036598188322 2.2396843607460033 2.155962965230125 552.5237715624339 
48.00029805991902 4.365921764071735E-92 39.098500526139055 0.9540594928785456 574.3438147128843 0.0 0.0 262.0 254.9519777903691 2.191946783998282 574.29005740755 0.9469980341903445 570.0928165825782 2.2360792080276757 2.155962965230125 552.5237715624339 
49.000175373820944 3.831907312432862E-92 39.07244354576423 0.9530806263875827 573.7545370853247 0.0 0.0 262.0 253.02792204021915 2.1897045993660575 573.7026050339073 0.9349082248144419 562.8147513382908 2.224318750279388 2.2121548274011458 565.4721850788136 
50.00016562471526 3.831907312432862E-92 38.98116422946269 0.9582203326038997 576.8486402275477 0.0 0.0 263.0 250.04242388754193 2.1931614289176675 576.8014558053466 0.9507967528764136 572.3796452315956 2.289130125730291 2.2121548274011458 565.4721850788136 
51.00060942573761 3.831907312432862E-92 38.948260696412355 0.9598248345965911 577.8145504271473 0.0 0.0 263.0 253.78740352668737 2.1968351594596895 577.7676469378983 0.9702349430440138 584.0814357124995 2.3014595192510394 2.2121548274011458 565.4721850788136 
52.00007348685396 3.831907312432862E-92 38.948260696412355 0.9634886692807463 580.020178907009 0.0 0.0 263.0 256.37874857905575 2.2052293083524686 579.9753080966993 0.9697679427348873 583.8003015264043 2.277100987355769 2.2121548274011458 565.4721850788136 
53.000118470164296 3.501321434248926E-92 38.948260696412355 0.9641205843027502 580.4005917502557 0.0 0.0 262.0 257.07592158186316 2.215084943448795 580.3522551835842 0.9620085126279995 579.1291246020603 2.2527552212533553 2.2121548274011458 565.4721850788136 
54.00121126852609 3.501321434248926E-92 38.948260696412355 0.9684722284927597 583.0202815526411 0.0 0.0 262.0 258.67996435811045 2.2250853871148903 582.972371424101 0.9633173718295835 579.917057841411 2.2418321391083365 2.2121548274011458 565.4721850788136 
55.000095404270006 3.501321434248926E-92 38.861805103386175 0.9719964881875041 585.1418858888771 0.0 0.0 262.0 258.1843700839008 2.2331848272198953 585.0944247316124 0.9707329933703185 584.3812620089291 2.2634261780410094 2.2121548274011458 565.4721850788136 
56.00008747693452 3.581252759594823E-92 38.88599330649477 0.9726272932061987 585.5216305101319 0.0 0.0 262.0 259.6649420605739 2.2346392092302665 585.4754728183298 0.9683978329422331 582.9754954312214 2.2451066778788586 2.2121548274011458 565.4721850788136 
57.00003423159418 3.581252759594823E-92 38.88599330649477 0.9756082260165774 587.3161520619792 0.0 0.0 261.0 256.07667536374396 2.2500829398349844 587.2716472969306 0.981589144531528 590.9166650079833 2.307577073033364 2.2121548274011458 565.4721850788136 
58.00013500626507 3.1986871173450105E-92 38.88599330649477 0.9775208718678876 588.4675648644682 0.0 0.0 262.0 258.3633918703215 2.245907162212588 588.4276764996979 0.9692756159538898 583.5039208042411 2.2584620699557743 2.2121548274011458 565.4721850788136 
59.000251820768355 4.1521627314276125E-92 39.19832892957402 0.9807600931077817 590.4175760508847 0.0 0.0 262.0 258.09725978042235 2.2533413307256844 590.3754286501292 0.9857786872943606 593.4387697511987 2.299283495904102 2.2360792080276757 570.0928165825782 
60.00050647952698 3.8900568934640474E-92 39.21161505881185 0.9826616329216498 591.5623030188327 0.0 0.0 261.0 254.63932091721463 2.2663637384795963 591.5209357431743 0.96198726534736 579.1163337391145 2.274261224280401 2.2451066778788586 582.9754954312214 
61.00093016416162 3.47353838956578E-92 39.301687224508306 0.980600268521021 590.3213616496544 0.0 0.0 261.0 256.4432427432402 2.2616171029045002 590.2820638580741 0.961622167063043 578.8965445719483 2.2574061159862944 2.307577073033364 590.9166650079833 
62.00020926969866 3.172036412712011E-92 40.013744413422245 0.9802799105749713 590.1285061661326 0.0 0.0 260.0 261.7627645911976 2.269574576771136 590.0893899604953 0.9784656168311333 589.036301332347 2.2502677271622717 2.2360792080276757 570.0928165825782 
63.00009184493701 5.702038731865086E-92 39.92558912862395 0.982738928143362 591.6088347423039 0.0 0.0 261.0 258.2913240764644 2.2665586176768895 591.5717992136679 0.979541263651457 589.6838407181759 2.2830183817695957 2.2360792080276757 570.0928165825782 
64.00097435999986 7.39777543870226E-92 39.92558912862395 0.9821407627223776 591.2487391588716 0.0 0.0 261.0 258.41457639169283 2.2651795344378645 591.2118584882828 0.9935984470510213 598.1462651247192 2.314676956218123 2.2360792080276757 570.0928165825782 
65.00023996030902 6.494942409373927E-92 39.92558912862395 0.9834415742937692 592.0318277248492 0.0 0.0 261.0 256.88749552546307 2.2681797511795914 591.9949150578734 0.9606977493177985 578.3400450893187 2.2513359161617608 2.2360792080276757 570.0928165825782 
66.00039857354008 6.0666533873273356E-92 39.92558912862395 0.9834786887764512 592.0541706434235 0.0 0.0 261.0 257.21073012104466 2.26827163143371 592.0188958041983 0.9772371292698769 588.2967518204579 2.287216989522958 2.2360792080276757 570.0928165825782 
67.00011999204347 6.0666533873273356E-92 39.92558912862395 0.9866331509894154 593.9531568956278 0.0 0.0 260.0 256.51620782641925 2.284301726884326 593.9184489899246 0.9887562039682267 595.2312347888769 2.3204429842174386 2.2360792080276757 570.0928165825782 
68.00000481914977 6.88749271310604E-92 39.92558912862395 0.9845519530564547 592.700275739986 0.0 0.0 261.0 253.28506516923667 2.2707545019295003 592.6669250035998 0.9924914927091277 597.479878610896 2.3589226558292324 2.2360792080276757 570.0928165825782 
69.00003092620982 8.209988814172703E-92 39.86884642849981 0.9883748107419218 595.0016360666368 0.0 0.0 261.0 253.74906875985113 2.2795761244151422 594.9693684723519 0.9760571886408478 587.5864275617886 2.315620035310877 2.2360792080276757 570.0928165825782 
70.00049850445043 8.399000175621698E-92 40.66702021650386 0.9912241209688425 596.7169208232428 0.0 0.0 260.0 255.83799621982513 2.29494632919716 596.6860455912614 0.9789439308995944 589.3242464015517 2.3035055586316555 2.314676956218123 598.1462651247192 
71.00002689702866 6.685904879181853E-92 40.66702021650386 0.9925452096678611 597.5122162200522 0.0 0.0 263.0 251.04398327803023 2.2718066041576166 597.4851368934529 0.9548901158196242 574.843849723413 2.2898132917480667 2.314676956218123 598.1462651247192 
72.00005866853009 6.386880761251164E-92 40.66702021650386 0.9928758223907336 597.7112450792217 0.0 0.0 262.0 256.7367282574969 2.28122507843732 597.6809705505781 0.9776306864707176 588.5336732553745 2.2923625974741655 2.314676956218123 598.1462651247192 
73.0000935492167 6.386880761251164E-92 40.66702021650386 0.9917876531288572 597.0561671835715 0.0 0.0 261.0 258.52783391067425 2.287459222579967 597.0268570933711 0.9889138449217788 595.3261346429027 2.3027545066911363 2.314676956218123 598.1462651247192 
74.00031069886447 7.558297794780917E-92 40.66702021650386 0.9933711957620887 598.0094598487768 0.0 0.0 261.0 259.08539836930305 2.291112311610576 597.98031333036 0.9857278270178782 593.4081518647582 2.290395968278027 2.314676956218123 598.1462651247192 
75.00079879833186 1.0573801009616858E-91 40.56953639537306 0.9956530743758968 599.3831507742899 0.0 0.0 261.0 253.79977226999856 2.296377572044033 599.3545463034927 0.9747775955487095 586.81611252033 2.3121222973205047 2.3035055586316555 589.3242464015517 
76.00023081734949 1.1071802499755981E-91 40.476108817936975 0.9951949169667055 599.1073400139567 0.0 0.0 260.0 259.586572636068 2.304150281017668 599.0790730645938 0.9789785453685368 589.3450843118608 2.270321913522482 2.3035055586316555 589.3242464015517 
77.00156215785181 1.0333092002172487E-91 40.32684797037818 1.0007691999502213 602.4630583700332 0.0 0.0 261.0 256.342901737812 2.3081831754584665 602.4358087946598 0.9703451268601617 584.1477663698216 2.278774884772464 2.2898132917480667 574.843849723413 
78.00010378395004 8.394708450226826E-92 40.32684797037818 1.001516165477374 602.9127316173794 0.0 0.0 261.0 255.11328495664037 2.309907568418611 602.8858753572576 0.9761851472061138 587.6634586180766 2.303539224615281 2.2898132917480667 574.843849723413 
79.00025614238533 1.1882781859335095E-91 40.74911479150974 1.0088306062899426 607.3160249865458 0.0 0.0 261.0 255.6757934043224 2.3267797605530793 607.2895175043539 0.9833670573427764 591.9869685203511 2.3153813688736284 2.2898132917480667 574.843849723413 
80.00030827037955 1.1882781859335095E-91 40.74911479150974 1.0132242238799134 609.9609827757081 0.0 0.0 261.0 253.22483930841756 2.336917761518661 609.9355357563709 0.9765468945295899 587.8812305068225 2.3215780573200684 2.2898132917480667 574.843849723413 
81.00028960469788 1.753076112422751E-91 41.08189238613033 1.01440025634437 610.6689543193104 0.0 0.0 262.0 256.7202681047819 2.3307137488144005 610.647002189373 0.9803887367006243 590.1940194937833 2.2989771078491246 2.2898132917480667 574.843849723413 
82.00049117618221 2.2499440669795287E-91 40.98523559110399 1.014752233213522 610.88084439454 0.0 0.0 263.0 256.94525450103265 2.322657111268402 610.8588202635897 1.0144212559384294 610.6815960749317 2.376699259384366 2.2898132917480667 574.843849723413 
83.00004973103823 2.914391098464126E-91 40.881537733759394 1.0165805451905168 611.9814882046912 0.0 0.0 266.0 256.6984277964898 2.3006027584251028 611.9603337410773 1.0091060589130745 607.4818474656673 2.366519548562558 2.2898132917480667 574.843849723413 
84.00004639268758 4.295040187995543E-91 40.6227624502557 1.018458119478644 613.1117879261438 0.0 0.0 264.0 256.7711817412727 2.3223072570374614 613.08911585789 1.0071047279822745 606.2770462453302 2.3611568951543243 2.2898132917480667 574.843849723413 
85.0002967742123 4.295040187995543E-91 40.39748174062376 1.0210803289999308 614.6903580579585 0.0 0.0 264.0 256.7623017480619 2.3282890749555314 614.6683157882603 0.9878961954459147 594.7135096584391 2.316202595200205 2.2898132917480667 574.843849723413 
86.00045966351183 5.560967052617285E-91 40.39748174062376 1.0170347894940333 612.2549432754081 0.0 0.0 264.0 258.4328706457418 2.3190668097933407 612.2336377854422 1.008227532670426 606.9529746675888 2.348590460458864 2.3215780573200684 587.8812305068225 
87.00003548135898 5.186999281289801E-91 40.536418132376944 1.0205964836760706 614.399083172994 0.0 0.0 265.0 258.2216791124598 2.3184192489075994 614.3811009605137 1.0362042145591404 623.7949371645973 2.41573418354593 2.2989771078491246 590.1940194937833 
88.00061732444402 5.186999281289801E-91 40.69617536015668 1.0244342868143568 616.709440662243 0.0 0.0 265.0 258.60633221225197 2.327140499451219 616.6922323545733 1.0190829295608403 613.487923595624 2.3722850030296314 2.2989771078491246 590.1940194937833 
89.00046362203905 5.186999281289801E-91 40.46531662808382 1.0217184421304755 615.0745021625467 0.0 0.0 264.0 258.93628334675714 2.3297619939750476 615.0571664094127 1.031233025767008 620.8022815117482 2.3975098178125718 2.2989771078491246 590.1940194937833 
90.00043914682077 7.639167949255676E-91 40.20336840198373 1.0232641134111609 616.0049962735187 0.0 0.0 265.0 257.7285337685591 2.3244836282189762 615.9881614780288 1.035704585056954 623.4941602042792 2.419189490148493 2.2989771078491246 590.1940194937833 
91.00025333413086 8.079480526198887E-91 40.242026880533 1.0268217501383996 618.1466935833164 0.0 0.0 265.0 257.31033321899764 2.332565561571046 618.1298738163273 1.0066225052741635 605.9867481750563 2.355081277125777 2.2989771078491246 590.1940194937833 
92.0001149226061 7.162035624741222E-91 40.76745601949424 1.026618481221832 618.0243256955428 0.0 0.0 264.0 256.0136085450194 2.3409393876372895 618.0079983362446 1.0138357374744116 610.3291139595927 2.3839713733509122 2.2989771078491246 590.1940194937833 
93.00036713881221 8.717602397215448E-91 41.07778440224453 1.0311297840717732 620.7401300112077 0.0 0.0 264.0 257.9168678217251 2.3512292286560075 620.7245163651862 1.0181579549448034 612.931088876767 2.376467634914176 2.2989771078491246 590.1940194937833 
94.00016900374523 7.570177143923642E-91 41.19525193543651 1.0304998199301727 620.3608915979644 0.0 0.0 264.0 256.67857422245686 2.3497933182392727 620.3454360151685 1.0273323958301028 618.454102289712 2.4094496557149854 2.2989771078491246 590.1940194937833 
95.00047027224879 6.34622985134082E-91 42.14341990970353 1.0342213045081232 622.6012253138903 0.0 0.0 265.0 256.9878359033716 2.3493806446356666 622.5858708284519 1.0172377998526243 612.3771555112835 2.3829032738403213 2.2989771078491246 590.1940194937833 
96.00007379662921 9.401421604109192E-91 42.94082501343257 1.031948794255894 621.2331741420484 0.0 0.0 266.0 254.8876925842408 2.3354056403125476 621.2179003231379 1.0205019079762716 614.3421486017144 2.4102464201902305 2.2989771078491246 590.1940194937833 
97.00036829793073 9.401421604109192E-91 42.8833704911796 1.0342160685386164 622.5980732602468 0.0 0.0 265.0 257.4510356834435 2.349369311577433 622.5828675680194 1.0238302227735807 616.3457941096949 2.3940311309042124 2.3839713733509122 610.3291139595927 
98.00009645005406 1.4862709484761243E-90 43.439666808168184 1.038826123998464 625.3733266470749 0.0 0.0 264.0 259.8280812360044 2.368783403270581 625.3588184634335 1.0434328145315253 628.1465543479804 2.4175468308116734 2.376467634914176 612.931088876767 
99.00016675522514 1.3433774535103023E-90 43.80439332366341 1.0413874304899466 626.9152331549478 0.0 0.0 265.0 261.63881716703037 2.3656642944746875 626.9010380357921 1.0479608228759607 630.8724153713292 2.4112340141355246 2.376467634914176 612.931088876767 
100.00014294225039 1.2583388601052447E-90 44.10033813473506 1.0448560352410219 629.0033332150948 0.0 0.0 264.0 259.2437874330504 2.3825374408516744 628.989884384842 1.0347897998663909 622.9434595195645 2.402925314769363 2.4094496557149854 618.454102289712 
101.00075167700345 1.1603547988267858E-90 44.052099166952154 1.045515148575246 629.4001194422984 0.0 0.0 266.0 259.04375503767676 2.3661421884601475 629.3938221303995 1.0457135850343082 629.5195781906436 2.4301669735256994 2.3829032738403213 612.3771555112835 
102.00156215785181 1.0064521007360595E-90 44.27192740121748 1.0467083392627607 630.1184202361823 0.0 0.0 266.0 260.13280039704824 2.3688432744173626 630.1123109950188 1.0430661774487109 627.9258388241211 2.413866447697867 2.4102464201902305 614.3421486017144 
103.00002200814976 1.7682439411221724E-90 44.972981318978206 1.0498229303841415 631.9934040912535 0.0 0.0 267.0 256.48607354004713 2.3669943017917934 631.9874785784091 1.0287459899818248 619.305085969061 2.4145758770499643 2.3940311309042124 616.3457941096949 
104.00097571469517 1.65643924246659E-90 45.322372430325295 1.0540209635318911 634.5206200461986 0.0 0.0 268.0 256.5285240880592 2.367592717369383 634.514848254995 1.032615773499127 621.6346956464771 2.4232576001298276 2.4175468308116734 628.1465543479804 
105.00011471627816 1.65643924246659E-90 45.54322588028278 1.0595812391926498 637.8679059939744 0.0 0.0 268.0 257.67686983119125 2.380082207732811 637.8620316723927 1.0436724084261535 628.290789872545 2.4382894370152415 2.4112340141355246 630.8724153713292 
106.00005225864491 2.2959403221797297E-90 45.99583197772184 1.0587385382383834 637.3606000195066 0.0 0.0 268.0 264.7964175244072 2.3781893771649574 637.3547530802086 1.0391627791922278 625.5759930737202 2.3624790656998167 2.402925314769363 622.9434595195645 
107.00060409055463 2.2959403221797297E-90 45.900872084229924 1.0574990792852563 636.6144457297246 0.0 0.0 267.0 261.1633028447069 2.384281332291718 636.6031157218888 1.046615242127759 630.0623757609142 2.4125226205136574 2.4301669735256994 629.5195781906436 
108.00015016606366 2.0735899386331357E-90 45.941946230835406 1.0583742074554345 637.1412728881719 0.0 0.0 267.0 263.1123835579474 2.3862555128801892 637.1302219390105 1.0336428308316143 622.2529841606249 2.364970343646258 2.413866447697867 627.9258388241211 
109.00006119941196 1.9109346846800518E-90 46.22150785073987 1.0599060724570166 638.0634556191245 0.0 0.0 267.0 265.3779880316923 2.3897109906142404 638.0528344940025 1.0403416099045044 626.2856491625203 2.359975873687486 2.4145758770499643 619.305085969061 
110.00012090759611 2.390316584617898E-90 46.484173244257434 1.0647915061470294 641.0044867005115 0.0 0.0 267.0 265.0788618005186 2.400726345003873 640.9939341160341 1.0562516264804902 635.8634791412582 2.3987709726163238 2.4232576001298276 621.6346956464771 
111.00008040133912 2.857915423345768E-90 46.484173244257434 1.0659283198249754 641.6888485346349 0.0 0.0 267.0 264.42539159943675 2.4032907392298815 641.6786273743782 1.0477715178382692 630.7584537386347 2.385392907705836 2.4382894370152415 628.290789872545 
112.00016405222568 2.9172207787872925E-90 46.44158227606832 1.0656712662791719 641.534102300061 0.0 0.0 267.0 262.04676554386054 2.402712118007784 641.5241355080783 1.0478816385113023 630.8247463837995 2.4072983502565464 2.3624790656998167 625.5759930737202 
113.00033991723615 2.9172207787872925E-90 46.60907327504059 1.0689760171301999 643.52356231238 0.0 0.0 267.0 262.00788315677954 2.4101649826353557 643.5140503636399 1.04216642622239 627.3841885858819 2.394524092278817 2.4125226205136574 630.0623757609142 
114.00014582518908 2.9172207787872925E-90 46.60907327504059 1.0708105110702104 644.6279276642662 0.0 0.0 267.0 262.7101784111634 2.4143015898639275 644.6185244936685 1.0473361842816644 630.4963829375652 2.399969375951569 2.364970343646258 622.2529841606249 
115.00008613671437 2.578560699806101E-90 46.920838492954594 1.0694349342541736 643.7998304210132 0.0 0.0 267.0 263.12353708819757 2.4112007022442756 643.7905874992219 1.0587563472561343 637.3713210481892 2.4223272767671324 2.359975873687486 626.2856491625203 
116.00024504180742 2.4744277389750072E-90 46.920838492954594 1.0725657360413694 645.6845730969046 0.0 0.0 267.0 259.48138786479757 2.4182604666680265 645.6755446003634 1.0398494886782619 625.9893921843196 2.4124635579276714 2.3987709726163238 635.8634791412582 
117.00007843165125 3.008552760531331E-90 47.043775459376214 1.0721141118227233 645.4126953172796 0.0 0.0 268.0 260.28959072415495 2.4082242694237874 645.4041042055751 1.0339250892791123 622.4229037460321 2.39127082268016 2.385392907705836 630.7584537386347 
118.00025997397336 3.008552760531331E-90 47.31347921114416 1.0737630557734446 646.4053595756137 0.0 0.0 268.0 262.9080114036824 2.4119285710079565 646.3968570301324 1.0518521117557502 633.2149712769581 2.4085039017874865 2.4072983502565464 630.8247463837995 
119.00002474978824 5.767489730207745E-90 47.60244457514145 1.074583919201161 646.899519359099 0.0 0.0 268.0 263.34735613573633 2.4137731514211125 646.8912045808581 1.0472878932013938 630.4673117072462 2.3940521786832987 2.394524092278817 627.3841885858819 
120.00017192814529 7.865550172493441E-90 47.73803983928651 1.0776629677911507 648.7531066102729 0.0 0.0 269.0 262.7858261070092 2.4117065541394833 648.7490630635211 1.0615072124505356 639.0273418952243 2.4317420439373527 2.399969375951569 630.4963829375652 
121.00019068300841 6.508717851010619E-90 47.86551116510391 1.0772242187179972 648.4889796682347 0.0 0.0 269.0 263.48763440082297 2.410725213835292 648.4850825216937 1.0517413064248113 633.1482664677302 2.4029524873435677 2.4223272767671324 637.3713210481892 
122.0007393864928 6.645258528933594E-90 47.7932356814234 1.0807321348427879 650.6007451753587 0.0 0.0 269.0 262.9781944253893 2.4185760390040243 650.5969544920829 1.0494569617771954 631.7730909898718 2.4023782366074267 2.4124635579276714 625.9893921843196 
123.00048040968186 6.508717851010619E-90 47.7932356814234 1.0806686654639408 650.5625366092922 0.0 0.0 269.0 263.8943927282567 2.4184338435029917 650.5587039023048 1.068930139980885 643.4959442684932 2.438460088582209 2.4085039017874865 633.2149712769581 
124.00075889423903 1.0252885240022437E-89 47.76218017238818 1.0840744874629793 652.6128414527136 0.0 0.0 269.0 259.3900950927633 2.426055951827261 652.6090510415333 1.0494060225363584 631.7424255668845 2.435491707348965 2.4085039017874865 633.2149712769581 
125.00019557096877 1.0252885240022437E-89 47.91233588679707 1.0853642410257165 653.3892730974811 0.0 0.0 269.0 262.56202836476825 2.4289427154495082 653.3855904559178 1.0444123831304586 628.7362546445338 2.3946198868141453 2.4085039017874865 633.2149712769581 
126.00001488809754 1.0467971518669735E-89 48.08967272858655 1.0848879340058437 653.1025362715172 0.0 0.0 270.0 264.18402952272805 2.418885570912879 653.0991041464771 1.0599927887227099 638.115658811073 2.415421022852463 2.4085039017874865 633.2149712769581 
127.00030722830928 1.0467971518669735E-89 48.02026001162994 1.086440988095264 654.0374748333487 0.0 0.0 270.0 265.57403229954014 2.422348767310641 654.0341671738731 1.0709191415575627 644.6933232176578 2.4275465399814022 2.4085039017874865 633.2149712769581 
128.0000925143564 8.153551483951696E-90 48.12361463704328 1.084956137510706 653.1435947814451 0.0 0.0 269.0 263.7038502597987 2.428031057430992 653.1403544489368 1.0539854780575508 634.4992577906468 2.406105398785584 2.435491707348965 631.7424255668845 
129.00006222629105 1.2836925458927063E-89 48.23496227632437 1.0871466410982429 654.4622779411425 0.0 0.0 271.0 267.22203000815415 2.4149781118951696 654.459068323591 1.0830184521012474 651.9771081649437 2.4398329289881113 2.435491707348965 631.7424255668845 
130.00111335723082 9.94599804678762E-90 48.180326951651665 1.0882516149023143 655.1274721711931 0.0 0.0 269.0 262.66867039358925 2.4353966690135707 655.1217039646506 1.0777058324508522 648.7789111354172 2.469951632081857 2.435491707348965 631.7424255668845 
131.00008054557614 8.95537219274184E-90 48.28751339678329 1.0893291254366788 655.7761335128808 0.0 0.0 269.0 265.1519935874578 2.4378089939609686 655.7706193755007 1.0714669316535805 645.0230928554557 2.4326541321768382 2.435491707348965 631.7424255668845 
132.00050073613008 9.14547437141447E-90 48.31112639708562 1.0944408106285755 658.8533679984023 0.0 0.0 269.0 267.9439731843054 2.4492489599071026 658.8479702150106 1.0854574179867886 653.4453656280427 2.438738807454236 2.406105398785584 634.4992577906468 
133.0000341579793 9.14547437141447E-90 48.433669740110176 1.0930428861359567 658.0118174538455 0.0 0.0 269.0 267.9862272112915 2.4461208886281844 658.0065190409812 1.0780048059399698 648.9588931758632 2.421612856485333 2.406105398785584 634.4992577906468 
134.0000189298827 9.14547437141447E-90 48.433669740110176 1.0969353434595877 660.3550767626715 0.0 0.0 269.0 267.5713595167354 2.454832643515257 660.3499811056038 1.069634884376774 643.9202003948221 2.406536340652512 2.4398329289881113 651.9771081649437 
135.00010781471363 1.242201453083969E-89 48.65589658148212 1.099863465021277 662.1178059428091 0.0 0.0 270.0 263.2982227359742 2.4522692922015046 662.1127088944062 1.0800258762305992 650.1755774908189 2.4693504222502525 2.4398329289881113 651.9771081649437 
136.0000560307012 1.1660265264020293E-89 48.75113898597308 1.0986677486734113 661.397984701394 0.0 0.0 270.0 266.8806325924416 2.449603741475361 661.3930101983475 1.0791555429874629 649.6516368784492 2.434240471359135 2.4398329289881113 651.9771081649437 
137.00053517045097 1.9565874083443648E-89 48.84005538291669 1.101223863847298 662.9367660360738 0.0 0.0 271.0 262.06484785779827 2.446251055443608 662.9340360252182 1.0672795233634216 642.5022730647844 2.4516919316604384 2.4398329289881113 651.9771081649437 
138.00028617531936 2.940843020491512E-89 48.868010745446654 1.102025573346277 663.4193951544588 0.0 0.0 270.0 262.0256423031399 2.4570922668455077 663.4149120482872 1.068810305902003 643.4238041530083 2.455575715786722 2.4398329289881113 651.9771081649437 
139.00012951875595 2.7568555214445047E-89 48.92043621345776 1.1029244453054643 663.9605160738892 0.0 0.0 270.0 267.18917919049795 2.4590964127197896 663.9560314343429 1.0923563169203132 657.5985027860214 2.4611719111467956 2.4398329289881113 651.9771081649437 
140.00060072444955 2.7568555214445047E-89 49.00884456791642 1.1046897290627804 665.0232168957931 0.0 0.0 270.0 265.3414698031174 2.46303241725241 665.0187526581502 1.0998111588341604 662.0863176181658 2.495223675776847 2.4398329289881113 651.9771081649437 
141.00062778590785 2.7568555214445047E-89 49.00884456791642 1.1047663767785625 665.0693588206948 0.0 0.0 271.0 266.71072490934864 2.4541217027499003 665.0669814452232 1.096359145128511 660.0082053673689 2.4746219170290087 2.4398329289881113 651.9771081649437 
142.00015765934677 4.061520427373028E-89 49.03989333387305 1.1073807804982705 666.6432298599588 0.0 0.0 271.0 266.2244994556315 2.4599295476971172 666.6409074259188 1.0950144118051464 659.1986759066954 2.476100724218119 2.4398329289881113 651.9771081649437 
143.00004529538364 4.061520427373028E-89 49.25012444003901 1.108603228513242 667.3791435649711 0.0 0.0 270.0 267.0281185938547 2.471759300026595 667.3750110071802 1.0991585959146295 661.6934747406168 2.477991749427114 2.4398329289881113 651.9771081649437 
144.00035128691664 3.8076316933148486E-89 49.363804335395436 1.109272485440449 667.7820362351498 0.0 0.0 270.0 264.5708689178097 2.4732524163505327 667.7781524146435 1.1207202644603997 674.6735992051554 2.5500675942321758 2.455575715786722 643.4238041530083 
145.00020902169967 5.257450860169324E-89 49.36353009290349 1.1085699325612952 667.3590994018996 0.0 0.0 270.0 264.57116010686696 2.47168649274057 667.355353039954 1.1210384516354175 674.8651478845167 2.550788784431083 2.4611719111467956 657.5985027860214 
146.00011300100107 5.257450860169324E-89 49.4461459416668 1.1120769636614067 669.4703321241667 0.0 0.0 270.0 263.1224234126416 2.4795063322757724 669.4667097144586 1.0914431507030486 657.0487767232413 2.497121941191705 2.495223675776847 662.0863176181658 
147.00017109830833 5.490770019036585E-89 49.4461459416668 1.1097725362095225 668.0830667981324 0.0 0.0 270.0 258.70541805553074 2.4743684014363208 668.0794683878067 1.0953233566256508 659.384660688641 2.5487856638050967 2.495223675776847 662.0863176181658 
148.00104175498907 5.147823787144128E-89 49.50771722635051 1.1128520757009626 669.9369495719792 0.0 0.0 270.0 261.5803278196975 2.4812413805948896 669.9351727606199 1.1136238929615756 670.4015835628752 2.562889912826207 2.495223675776847 662.0863176181658 
149.00035803664005 4.832146246610174E-89 49.52532310000184 1.1121842422182702 669.5349138153983 0.0 0.0 270.0 259.01051430611176 2.479752417542372 669.5331527364402 1.0682982717296639 643.1155595812528 2.482970860484784 2.495223675776847 662.0863176181658 
150.00041445805093 5.147823787144128E-89 49.521746400274836 1.113603669236769 670.3894088805348 0.0 0.0 269.0 262.84127879711457 2.4921430030475022 670.3864678197781 1.0915512824211298 657.1138720175204 2.5000406139582902 2.495223675776847 662.0863176181658 
151.00012595736058 5.257450860169324E-89 49.521746400274836 1.1128805638244663 669.954099422329 0.0 0.0 269.0 263.2979161887363 2.490525259605836 669.9512948339698 1.1155296847735416 671.5488702336783 2.5505286177513877 2.495223675776847 662.0863176181658 
152.0000918063249 4.832146246610174E-89 49.521746400274836 1.1126162111139366 669.7949590905902 0.0 0.0 271.0 263.4831677101073 2.4715622623925957 669.7933731083934 1.0933003260794665 658.1667962998383 2.4979462711787903 2.495223675776847 662.0863176181658 
153.00031206226876 7.25729661952465E-89 49.521746400274836 1.1141089909523385 670.6936125533077 0.0 0.0 270.0 260.91326514078906 2.4840446330373505 670.6920509200846 1.0679973965186254 642.9344327042094 2.464169203345339 2.562889912826207 670.4015835628752 
154.00078446024241 6.123202052114596E-89 49.58699297758943 1.118067707430912 673.076759873409 0.0 0.0 270.0 267.1893840644649 2.492871385853426 673.075274180425 1.0992946395772834 661.7753730255216 2.4768026444712894 2.562889912826207 670.4015835628752 
155.00033155144214 5.1693752385983916E-89 49.647360535181356 1.1180297998843376 673.053939530371 0.0 0.0 270.0 265.00080244940136 2.4927869654623476 673.0524806748336 1.1028040317483447 663.8880271125001 2.505230252045223 2.5505286177513877 671.5488702336783 
156.00008499124064 5.39326977085249E-89 49.647360535181356 1.119558250810427 673.9740669878772 0.0 0.0 270.0 265.475652967861 2.496194943114113 673.9726346408105 1.1081136583104938 667.0844223029166 2.5127894586388875 2.5505286177513877 671.5488702336783 
157.0000128613704 6.411163234996907E-89 49.73708257740553 1.1236794706025763 676.4550413027515 0.0 0.0 270.0 260.9900078841215 2.5053839520819303 676.4536670621218 1.073507179450191 646.2513220290144 2.4761535020756327 2.464169203345339 642.9344327042094 
158.00034156393585 1.0060795951290037E-88 49.826689948574824 1.1213531380628294 675.0545891138233 0.0 0.0 270.0 265.86363530184514 2.5001970688569175 675.0532085913677 1.107387659941263 666.6473712846333 2.50747858212261 2.4768026444712894 661.7753730255216 
159.00040798004446 9.43387932335971E-89 49.8377637767152 1.1236284961088183 676.4243546575086 0.0 0.0 270.0 262.3284961509213 2.5052703979057704 676.4230074345578 1.1117980286683988 669.302413258376 2.5513904249019017 2.4768026444712894 661.7753730255216 
160.00024146553602 9.43387932335971E-89 49.83997883766047 1.1252745241659001 677.4152635478722 0.0 0.0 270.0 261.2425757112098 2.5089406878429017 677.4139857175837 1.1009960688949116 662.7996334747378 2.5371041901203295 2.4768026444712894 661.7753730255216 
161.00036037287776 9.63628027753446E-89 49.8402557272015 1.126332486320246 678.0521567647877 0.0 0.0 270.0 263.56766986795617 2.511299732468717 678.0509277665533 1.10305107839371 664.0367491930159 2.5194165487963276 2.4768026444712894 661.7753730255216 
162.00021773690685 9.63628027753446E-89 49.8402557272015 1.1304581712597441 680.5358190983667 0.0 0.0 271.0 264.0655691317174 2.5111977406586967 680.5345877185072 1.1158929071579708 671.767530109108 2.5439421440590255 2.50747858212261 666.6473712846333 
163.00017513113931 7.46382863345188E-89 49.83028867279194 1.130026999612953 680.2762537669981 0.0 0.0 271.0 265.13509497321434 2.5102399890475584 680.2750370318885 1.112145206387404 669.5114142452163 2.5251708541747546 2.50747858212261 666.6473712846333 
164.00045548793182 1.1707239288864501E-88 49.93559706857842 1.1315144421301782 681.1716941623671 0.0 0.0 271.0 263.4309137421746 2.5135442916180075 681.17050302848 1.108143308241486 667.1022715613811 2.532361377352577 2.50747858212261 666.6473712846333 
165.00003139848596 1.5800486431460138E-88 49.92782991316 1.1340763063090278 682.7139363980345 0.0 0.0 271.0 266.6535530417763 2.5192354117507065 682.7127965844413 1.1266733129570858 678.2573344001703 2.5435900878242133 2.50747858212261 666.6473712846333 
166.00008361178251 1.5800486431460138E-88 49.92394678853106 1.1348310844244993 683.1683128235478 0.0 0.0 271.0 263.0718594498382 2.5209121373510524 683.1671892221344 1.0890575862910512 655.6126669472025 2.492142900872348 2.50747858212261 666.6473712846333 
167.00036096206298 1.5800486431460138E-88 49.92782991316 1.1419891218149083 687.4774513325747 0.0 0.0 271.0 268.0968518903218 2.5368131836838117 687.4763727783125 1.1171195790264683 672.5059865739426 2.5084441754245748 2.50747858212261 666.6473712846333 
168.00005643709892 1.5800486431460138E-88 49.88790362186816 1.1452884890197148 689.4636703898674 0.0 0.0 271.0 266.5993265351429 2.5441425356059946 689.4626271492242 1.1108328420644822 668.721370922822 2.5083385603926938 2.50747858212261 666.6473712846333 
169.0001886945781 2.1301663555963473E-88 49.898713838710115 1.1467167754837184 690.3234988411983 0.0 0.0 271.0 264.5640807817843 2.547315553609189 690.32251502809 1.117649184794528 672.8248092462982 2.5431449623021667 2.50747858212261 666.6473712846333 
170.00011906306906 2.176472905750691E-88 49.852163432707606 1.1492356730497757 691.8398751759645 0.0 0.0 269.0 265.8908314716131 2.5718918853486783 691.8389171587945 1.130816151516395 680.7513232128754 2.5602662545570074 2.50747858212261 666.6473712846333 
171.00014564113272 1.9969414690545436E-88 49.84884006593445 1.1496269785370543 692.075441079307 0.0 0.0 269.0 264.10825306168573 2.5727676831108512 692.0745067568193 1.1532528384907863 694.2582087714621 2.6286880501583934 2.50747858212261 666.6473712846333 
172.00002940900845 2.933169007785561E-88 49.86324292225715 1.1530154381074127 694.1152937406622 0.0 0.0 269.0 261.1595387349021 2.5803507901672864 694.1143625550002 1.1205627467882895 674.5787735665574 2.5830141102037594 2.50747858212261 666.6473712846333 
173.00004833278282 2.9970315036518524E-88 49.88984374476888 1.153350793397188 694.317177625107 0.0 0.0 269.0 259.6150436384073 2.581101515020425 694.3163075404944 1.1561606677006957 696.0087219558159 2.680926005679467 2.50747858212261 666.6473712846333 
174.00019422419186 4.400371489220488E-88 49.95002499167253 1.1581806011701854 697.2247219044515 0.0 0.0 268.0 258.64667306771474 2.601581592239849 697.2238667202795 1.1567795757248973 696.3813045863831 2.69240387408373 2.50747858212261 666.6473712846333 
175.00003767483165 3.866265162424135E-88 49.931990739050306 1.160449539785948 698.5906229511406 0.0 0.0 269.0 261.7724417621763 2.5969881155639074 698.589803086691 1.1547729542335918 695.1733184486253 2.6556398136065043 2.50747858212261 666.6473712846333 
176.00032603969865 6.87326306580442E-88 49.97944866918811 1.1578414520725564 697.0205541476787 0.0 0.0 268.0 257.89600020482203 2.6008201875946906 697.019810275377 1.125445597783015 677.5182498653782 2.6270987116019264 2.50747858212261 666.6473712846333 
177.0002263021225 1.0745759255544918E-87 49.99444475308331 1.1591325021489158 697.7977662936471 0.0 0.0 271.0 261.7711945241843 2.5748968872076925 697.7970564332849 1.143436881561559 688.3490027000616 2.6295826932037283 2.50747858212261 666.6473712846333 
178.00013568964073 1.3011859215591176E-87 49.99444475308133 1.1575373910514541 696.8375094129749 0.0 0.0 271.0 262.2153539615783 2.571353476850905 696.8367922265952 1.1280591576475996 679.0916129038586 2.589823984919526 2.50747858212261 666.6473712846333 
179.00099101319145 1.3011859215591176E-87 49.98111467855584 1.1539077101893163 694.6524415339685 0.0 0.0 271.0 259.2441105509635 2.563290586201789 694.6517488606851 1.135793515611295 683.7476963979917 2.637466652356514 2.50747858212261 666.6473712846333 
180.0003836101888 1.2194818994765212E-87 49.98111467855584 1.1562175246153392 696.0429498184342 0.0 0.0 271.0 262.4991704163445 2.5684216076993946 696.042255686536 1.1489673882104279 691.6783677026772 2.6349735376520256 2.50747858212261 666.6473712846333 
181.00035599802254 1.2194818994765212E-87 49.93642933545696 1.157186286594766 696.626144530049 0.0 0.0 271.0 265.96508310518055 2.5705738071291493 696.6255017319993 1.1306897146281092 680.6752082061229 2.5592653000128514 2.50747858212261 666.6473712846333 
182.00005085129877 1.1182935125107052E-87 49.88790362186816 1.1589402797066513 697.682048383404 0.0 0.0 270.0 264.3744911046018 2.584003313179167 697.6808945583751 1.1531894490812338 694.2200483468945 2.625896490415261 2.50747858212261 666.6473712846333 
183.00019049929477 1.6061365735589708E-87 49.825582701030854 1.1623422901093665 699.730058645838 0.0 0.0 271.0 263.9663022416831 2.5820274426926226 699.7294369697005 1.1457550786490411 689.744557346718 2.6130023093447723 2.589823984919526 679.0916129038586 
184.00046426715204 1.6061365735589708E-87 49.839148178196155 1.162229141382514 699.6619431122733 0.0 0.0 271.0 269.07596921408765 2.5817760759916744 699.6613165937437 1.1459756438319642 689.8773375868443 2.5638756950381927 2.5830141102037594 674.5787735665574 
185.00026089684278 1.6061365735589708E-87 49.65977392684707 1.1648935221751857 701.2659003494612 0.0 0.0 271.0 267.35064147898794 2.587694779041192 701.2652851201627 1.1482675517096097 691.2570661291908 2.5855822237984762 2.5830141102037594 674.5787735665574 
186.00067595156747 1.3211223645798874E-87 49.673018299049474 1.1665744194646064 702.2778005176932 0.0 0.0 271.0 267.0731096608193 2.591428764764526 702.2771952511869 1.1486793463951093 691.5049665298616 2.5891972703956134 2.5592653000128514 680.6752082061229 
187.00004177787068 1.1592211047934203E-87 49.673018299049474 1.166602148266363 702.2944932563508 0.0 0.0 270.0 267.3099895282109 2.601087099432599 702.2935168468022 1.1624118090932696 699.7719090741535 2.617829248765513 2.5592653000128514 680.6752082061229 
188.0002182497647 1.8501570740445258E-87 49.67881382258544 1.16710015567961 702.5942937191251 0.0 0.0 270.0 268.83704981327463 2.6021977670052867 702.5933970914274 1.1575049234836086 696.8179639371252 2.591971472760589 2.5592653000128514 680.6752082061229 
189.00000928868673 1.7711447625681905E-87 49.482694650381234 1.166044288780926 701.9586618461168 0.0 0.0 270.0 269.6229065835908 2.599843610053249 701.957774714377 1.1556345626539248 695.6920067176554 2.5802407352283736 2.5855822237984762 691.2570661291908 
190.0001820919209 1.5533689619146363E-87 49.482694650381234 1.165193825872033 701.4466831749635 0.0 0.0 270.0 264.39933798842986 2.597947465083281 701.4458155724857 1.1456573861282537 689.6857464492152 2.608500277256352 2.5891972703956134 691.5049665298616 
191.0004175555831 1.361825522903138E-87 49.482694650381234 1.1621255919862938 699.5996063757492 0.0 0.0 271.0 263.89896564628594 2.58154658204512 699.5991237342275 1.1470245672206258 690.5087894668219 2.6165649712789616 2.617829248765513 699.7719090741535 
192.0000977837118 1.220003678403066E-87 49.42554767232587 1.1606458364395968 698.7087935366371 0.0 0.0 270.0 265.22622421860973 2.5878073647927313 698.7079884940374 1.1557217618781683 695.7445006506626 2.623211572311202 2.591971472760589 696.8179639371252 
193.00032525029278 1.2749106477214632E-87 49.4406522304896 1.1614386734013311 699.1860813876015 0.0 0.0 270.0 266.4027283214163 2.589575106351367 699.1852787148694 1.1805393184551891 710.6846697100275 2.667707925470578 2.5802407352283736 695.6920067176554 
194.0000112422396 1.86726743202044E-87 49.350642409190385 1.1633099346774745 700.3125806758399 0.0 0.0 270.0 265.1550927071847 2.5937473630106087 700.3117880128648 1.1585200581435782 697.4290750024406 2.6302684511235226 2.608500277256352 689.6857464492152 
195.00054621801016 2.7337549287393045E-87 49.350642409190385 1.1661027092638756 701.9938309768529 0.0 0.0 270.0 264.7483445720768 2.5999741873942743 701.993030596454 1.1942315373447396 718.927385481538 2.7155122977013084 2.6165649712789616 690.5087894668219 
196.00033447492302 3.5052999546254275E-87 49.350642409190385 1.1691901558902258 703.8524738459159 0.0 0.0 269.0 265.60206100354804 2.616549054413335 703.8516956371872 1.171911165241623 705.4905214754522 2.656193701245518 2.6165649712789616 690.5087894668219 
197.00041493483047 3.289834327245957E-87 49.350642409190385 1.1709051120581568 704.8848774590111 0.0 0.0 269.0 263.2127400941204 2.62038723067667 704.8841650520249 1.1470125806584381 690.5015735563851 2.623359239030274 2.6165649712789616 690.5087894668219 
198.0009494494645 3.289834327245957E-87 49.296934289396475 1.1709163834594614 704.8916628425958 0.0 0.0 271.0 265.63578051947945 2.6010748773475925 704.891291761198 1.1619302080810265 699.4819852647732 2.6332370733222032 2.6165649712789616 690.5087894668219 
199.00001188411176 2.945754510478035E-87 49.09223046142636 1.1716900284142475 705.3573971053769 0.0 0.0 270.0 264.46354599643433 2.6124324401782215 705.3567588481197 1.1647571721059193 701.1838176077554 2.6513439308463678 2.6165649712789616 690.5087894668219 
200.00061695684707 2.46707108527011E-87 49.09223046142636 1.1721963829534234 705.6622225379605 0.0 0.0 270.0 260.37100448067406 2.6135615418226594 705.6616162921176 1.1647494037710902 701.1791410702003 2.693000099871893 2.6165649712789616 690.5087894668219 
201.00009119062605 3.03108469446729E-87 49.09223046142636 1.1719915428093965 705.5389087712565 0.0 0.0 271.0 262.40995587474714 2.6034632858490423 705.5385504650905 1.1794134969133596 710.0069251418466 2.705716415274828 2.6165649712789616 690.5087894668219 
202.0000679863547 4.828962549327319E-87 49.07477854886818 1.1728163059050911 706.0354161548646 0.0 0.0 271.0 262.77796986908453 2.605295468629407 706.0350719985692 1.1464824592545737 690.1824404712526 2.626485168505945 2.6165649712789616 690.5087894668219 
203.0007572335878 5.838739793655603E-87 49.07477854886818 1.1763189436210073 708.1440040598465 0.0 0.0 271.0 265.432029440953 2.6130762673330903 708.1436684472677 1.162896675367791 700.0637985714151 2.6374503485727545 2.6332370733222032 699.4819852647732 
204.0005479472996 8.010594553938192E-87 49.07477854886818 1.1765894609324812 708.3068554813541 0.0 0.0 271.0 265.06563286146434 2.6136772195890097 708.306526508622 1.163043522377557 700.1522004712843 2.641429569397314 2.6513439308463678 701.1838176077554 
205.00085799420307 1.1703621433843633E-86 48.88756185961984 1.1754316104586173 707.6098294960876 0.0 0.0 271.0 268.60165202281667 2.6111052099564733 707.6095118982045 1.1707622745814366 704.7988892980206 2.6239558989687475 2.693000099871893 701.1791410702003 
206.00006069312155 1.1703621433843633E-86 48.86285272763293 1.17360780970414 706.511901441892 0.0 0.0 271.0 266.9027017719808 2.607053949198257 706.5116202327274 1.1721724665579827 705.6478248679051 2.643839197516821 2.705716415274828 710.0069251418466 
207.00081176524452 1.1703621433843633E-86 48.86285272763293 1.1715908721748425 705.297705049255 0.0 0.0 271.0 267.9619985217306 2.6025735539643655 705.2974331243432 1.178774301121798 709.6221292753258 2.648219274337807 2.626485168505945 690.1824404712526 
208.00016586447106 1.4355319068868742E-86 48.86285272763293 1.1714636044091067 705.2210898542822 0.0 0.0 271.0 264.45912721166457 2.602290930302297 705.2208421119226 1.1626916694319205 699.9403849980214 2.646686436493499 2.626485168505945 690.1824404712526 
209.00025001353785 1.2053083755503706E-86 48.838156084282495 1.1721818693167414 705.6534853286784 0.0 0.0 271.0 268.84041625891444 2.603886568869486 705.6532601636306 1.174485184405689 707.0400810122298 2.6299620081353194 2.626485168505945 690.1824404712526 
210.00019887561322 1.2604219659629656E-86 48.91174001980936 1.1751740734191551 707.4547921983316 0.0 0.0 271.0 269.56704409992096 2.6105334616054687 707.454568095082 1.1898605974895764 716.2960796887174 2.657209385815005 2.626485168505945 690.1824404712526 
211.00010077482128 1.952288187638463E-86 48.86285272763293 1.1766168167546227 708.323323686282 0.0 0.0 271.0 265.97751054237375 2.6137384592047623 708.32312244449 1.1861550949076587 714.0653671344174 2.6846832488894106 2.626485168505945 690.1824404712526 
212.0004790853019 1.952288187638463E-86 48.86285272763293 1.1779256602521255 709.1112474717796 0.0 0.0 271.0 259.247043666267 2.6166459344929645 709.111048247593 1.1339358577153282 682.629386344629 2.6331231272337634 2.626485168505945 690.1824404712526 
213.00030826708752 2.2644077034024215E-86 48.91174001980936 1.1774211371760184 708.8075245799629 0.0 0.0 271.0 262.93249137637446 2.615525210531319 708.807332053987 1.1804896242966187 710.6547538265613 2.7028031039697384 2.626485168505945 690.1824404712526 
214.0000071708515 2.1282425782394633E-86 48.78554776007988 1.1804371492616177 710.623163855494 0.0 0.0 270.0 265.11849383390853 2.631936939124539 710.6229735636254 1.1708475787409716 704.850242402057 2.658623441198454 2.626485168505945 690.1824404712526 
215.0003591209865 2.662967235045184E-86 48.65373414515131 1.1818422334466285 711.4690245348702 0.0 0.0 270.0 260.74532141796016 2.6350697816597504 711.4688410481326 1.1602285027169572 698.4575586356042 2.678696418548641 2.626485168505945 690.1824404712526 
216.0003522032256 2.3252812582225608E-86 48.65373414515131 1.1853052051047575 713.5537334730632 0.0 0.0 270.0 263.42555960148206 2.6427909541107035 713.5535576098894 1.1956651468588138 719.7904184090025 2.732424368758759 2.626485168505945 690.1824404712526 
217.00024657439658 4.0938711051975446E-86 48.379615661147454 1.1862335046539614 714.112569801685 0.0 0.0 269.0 261.682092070341 2.6546922743967714 714.1122218127314 1.194270173349823 718.9506443565874 2.747420118314138 2.6331231272337634 682.629386344629 
218.00091175872853 3.573305232605907E-86 48.31300519952602 1.1868251236199252 714.468724419195 0.0 0.0 269.0 260.18902275209956 2.656016372263449 714.4684041388676 1.18959365837278 716.1353823404146 2.7523658560443085 2.7028031039697384 710.6547538265613 
219.0000183393032 4.593315590068848E-86 48.131368510481614 1.1885667638647226 715.5171918465633 0.0 0.0 269.0 261.5330918425498 2.659914040357011 715.5168768560362 1.1642472176366832 700.8768250172798 2.6798781755665058 2.658623441198454 704.850242402057 
220.00043683144577 5.239811096452314E-86 47.91047266525696 1.1845418749983476 713.0942087490052 0.0 0.0 269.0 265.90874582018444 2.650906696580869 713.0939013802541 1.1608520202912864 698.8329162153555 2.6280930101032762 2.678696418548641 698.4575586356042 
221.001116168764 5.239811096452314E-86 47.671518185985555 1.1850363136042334 713.3918607897482 0.0 0.0 269.0 266.09229978924714 2.652013234484822 713.391560076417 1.1747501239306382 707.1995746062374 2.657722809590357 2.732424368758759 719.7904184090025 
222.0001168824275 4.62116370908302E-86 47.502320428894905 1.1812809636976231 711.1311401459695 0.0 0.0 269.0 264.9994641627127 2.643609630618484 711.1309906363726 1.1603954134276873 698.5580388834626 2.6360734014712572 2.747420118314138 718.9506443565874 
223.00080904182482 4.178429454828028E-86 47.307959627003285 1.1845305552459338 713.0873942580521 0.0 0.0 268.0 262.14194491510824 2.6607727911915746 713.0871080393418 1.189587588165802 716.1317280758071 2.731847161306896 2.7523658560443085 716.1353823404146 
224.0003876268742 4.178429454828028E-86 47.02287176015875 1.1855076458181986 713.6756027825552 0.0 0.0 269.0 261.45036757900647 2.6530686123024885 713.675456709369 1.2005255759663456 722.7163967317442 2.7642584840250795 2.6798781755665058 700.8768250172798 
225.00003225708406 4.178429454828028E-86 47.02287176015875 1.1841937457459548 712.8846349390651 0.0 0.0 269.0 260.57143672174374 2.6501282376778956 712.8844959353539 1.1445701799396302 689.0312483236556 2.6443084360756357 2.6280930101032762 698.8329162153555 
226.00047287640712 4.285040021033257E-86 46.76885312634429 1.1840564714219048 712.801995795987 0.0 0.0 269.0 262.7054816596114 2.6498210239704645 712.8018554480553 1.1846026923296935 713.1308207824745 2.7145639149870546 2.657722809590357 707.1995746062374 
227.00080202353686 5.486472116775161E-86 46.69641755607919 1.1815410095079786 711.2876877238034 0.0 0.0 269.0 259.51802970621964 2.644191640703893 711.287551349347 1.143685340125961 688.498574755832 2.6529893723963154 2.657722809590357 707.1995746062374 
228.00041865333242 4.610470405070847E-86 46.37686720072265 1.1797806425015327 710.2279467859227 0.0 0.0 269.0 265.6094450022513 2.6402520952001867 710.2278136088498 1.1607121245633951 698.7486989871564 2.630737393322869 2.657722809590357 707.1995746062374 
229.0000752891508 3.767024556270959E-86 46.24693667213941 1.1812413864132816 711.1073146207955 0.0 0.0 269.0 267.90430328471643 2.643521128086449 711.1071834552547 1.1805440150333617 710.6874970500742 2.652766261446678 2.6443084360756357 689.0312483236556 
230.00083779987744 3.9069742491196895E-86 46.328197046315054 1.1820299782763566 711.5820469223667 0.0 0.0 269.0 262.6618982718224 2.6452859702017224 711.5819259842634 1.1634133201070271 700.3748187044307 2.6664500002190263 2.7145639149870546 713.1308207824745 
231.00001536102934 3.6728939435340144E-86 46.328197046315054 1.1793557664396594 709.9721713966746 0.0 0.0 268.0 262.98304044985645 2.6491494468484516 709.972051755385 1.1556616953483645 695.7083405997193 2.645449453355041 2.7145639149870546 713.1308207824745 
232.00037838903975 3.6728939435340144E-86 46.18813770224937 1.1809215466816547 710.9147711023556 0.0 0.0 269.0 259.75737454051136 2.642805391588395 710.914650337278 1.1861379149229043 714.055024783596 2.748930712926624 2.6529893723963154 688.498574755832 
233.00077374663812 3.154762529462256E-86 46.094061159796226 1.1813832766858618 711.1927325648891 0.0 0.0 268.0 262.0890733869506 2.6537037847824974 711.1926143217094 1.1732590040885256 706.3019204612973 2.694892661238521 2.630737393322869 698.7486989871564 
234.0007370544359 6.616588414170617E-86 46.09380508239129 1.1820166133722947 711.5740012501216 0.0 0.0 267.0 264.02482140366277 2.665070747979226 711.5738897104535 1.1767975250904392 708.4321101044467 2.68320268654339 2.6664500002190263 700.3748187044307 
235.00026304772982 6.616588414170617E-86 46.13684604972527 1.1822106824772118 711.6908308512815 0.0 0.0 266.0 264.3636444507658 2.6755290278981554 711.6907214209092 1.1870070950966574 714.5782712481846 2.703012635238751 2.645449453355041 695.7083405997193 
236.0000532796217 6.131237211258425E-86 45.73592602550644 1.1819800545410815 711.5519928337307 0.0 0.0 266.0 257.27946145682074 2.6750071198970033 711.5518938926025 1.1680482560793104 703.1650501597397 2.733078832558704 2.748930712926624 714.055024783596 
237.00037594788952 5.398937171985091E-86 45.73592602550644 1.185861693554275 713.8887395196737 0.0 0.0 266.0 257.3099914338119 2.683791886962522 713.888641932031 1.1731251961786513 706.2213680995554 2.744632511797419 2.694892661238521 706.3019204612973 
238.0005596221597 8.74454337757975E-86 45.71382566927679 1.1881412639638256 715.2610409062236 0.0 0.0 266.0 252.86410979286603 2.6889509489896986 715.2609524312601 1.1322160648207564 681.5940710221041 2.695495503812039 2.68320268654339 708.4321101044467 
239.00004700629069 7.698833167579744E-86 45.65595814726707 1.1863715002481814 714.1956431494058 0.0 0.0 266.0 261.2221825381916 2.684945702673297 714.195556911097 1.2003598429880282 722.6166254787945 2.766291202597794 2.703012635238751 714.5782712481846 
240.00001375768437 7.698833167579744E-86 45.40780999335256 1.186981785273456 714.5630347346209 0.0 0.0 266.0 256.7003644286631 2.6863268928942765 714.5629535098776 1.1493475853203952 691.9072463628759 2.695388640771317 2.733078832558704 703.1650501597397 
241.00023724158933 6.776290931101977E-86 45.07002763543352 1.1835884336276874 712.5202370438682 0.0 0.0 266.0 261.58408461817925 2.678647205653981 712.520156703959 1.1722047559868045 705.6672631040597 2.6976689508235396 2.744632511797419 706.2213680995554 
242.00024923630593 7.131479958583056E-86 45.128907487454065 1.1854770008896744 713.6571545355839 0.0 0.0 266.0 261.20415451600644 2.6829213356200152 713.6570752749238 1.1868508663181154 714.4842215234979 2.7353478463900722 2.695495503812039 681.5940710221041 
243.0006324573498 6.438506212081525E-86 45.128907487454065 1.1864456282348108 714.2402681973555 0.0 0.0 267.0 261.24528540862354 2.6750569003975313 714.2401924061404 1.163931678073526 700.6868702002524 2.682103407547745 2.766291202597794 722.6166254787945 
244.00021673025313 5.521391389945355E-86 45.128907487454065 1.1871053071059399 714.6373948777758 0.0 0.0 267.0 259.0059193358158 2.6765442760933835 714.6373217169336 1.165497846818648 701.6297037848275 2.7089330837845638 2.695388640771317 691.9072463628759 
245.00009782032657 4.733018810662641E-86 44.83029401259424 1.1829767327494833 712.1519931151886 0.0 0.0 268.0 257.91513670638057 2.6572832989135797 712.1519241088396 1.166734848337157 702.3743786989774 2.7232770734917526 2.6976689508235396 705.6672631040597 
246.00017390233668 4.982656712279503E-86 44.821079843777575 1.1814376890157128 711.2254887874585 0.0 0.0 267.0 262.5402454118313 2.6637656203769287 711.2254206406401 1.1767993774092942 708.4332252003985 2.6983795344943076 2.7353478463900722 714.4842215234979 
247.00107141668056 4.982656712279503E-86 44.63843359090683 1.1827375669138094 712.0080152821125 0.0 0.0 267.0 260.2586084968587 2.6666964441920515 712.0079505992773 1.1579661805836574 697.0956407113675 2.678472941730884 2.682103407547745 700.6868702002524 
248.00065795805702 4.982656712279503E-86 44.0383962008389 1.1827131954882018 711.9933436838968 0.0 0.0 266.0 260.8980071659339 2.6766664665911013 711.9932801132325 1.1634901200427132 700.421052265715 2.6846546659141013 2.7089330837845638 701.6297037848275 
249.00091230613603 4.381450754165512E-86 43.75769354799161 1.1864667754526186 714.2529988224759 0.0 0.0 268.0 262.6336179777442 2.6651229003150765 714.2529372844405 1.1901477146079558 716.4689241939943 2.7280168080184937 2.7232770734917526 702.3743786989774 
250.00011313511018 3.564660367764653E-86 43.58591800026812 1.1832617198154884 712.3235553289244 0.0 0.0 267.0 261.57758747544295 2.66787825698771 712.3234946157189 1.1845527557790376 713.1007589789813 2.726153895145652 2.6983795344943076 708.4332252003985 
251.00156215785182 0.0 43.676088708211495 1.1881821763424387 715.2856701581479 0.0 0.0 267.0 263.8613888615826 2.6789723259520537 715.2856110291985 1.1804175284740146 710.6113521413562 2.6931236707547663 2.678472941730884 697.0956407113675 
252.00037976145592 0.0 0.0 0.0 0.0 0.0 0.0 267.0 262.4921686987682 0.0 0.0 1.1018850326432998 663.3347896512616 2.527065066129626 2.678472941730884 697.0956407113675 
253.00033470410082 0.0 0.0 0.0 0.0 0.0 0.0 267.0 262.1267056720411 0.0 0.0 0.6455785053521247 388.6382602219816 1.482635121917814 2.678472941730884 697.0956407113675 
254.00015897380308 0.0 0.0 0.0 0.0 0.0 0.0 268.0 261.8491774688511 0.0 0.0 0.2053566615754668 123.62471026843045 0.47212182013875725 2.678472941730884 697.0956407113675 
255.0004042076781 0.0 0.0 0.0 0.0 0.0 0.0 267.0 260.99317694119185 0.0 0.0 0.026881129541404418 16.182439983925523 0.06200330665185099 2.6931236707547663 710.6113521413562 
256.0001175607914 0.0 0.0 0.0 0.0 0.0 0.0 267.0 262.4586468635032 0.0 0.0 0.0021965419022811775 1.3223182251732608 0.0050381964586632905 2.527065066129626 663.3347896512616 
257.0003898089516 0.0 0.0 0.0 0.0 0.0 0.0 268.0 263.1289409625659 0.0 0.0 5.98703165303141E-4 0.3604193055124901 0.0013697440661373894 1.482635121917814 388.6382602219816 
258.00010107074536 0.0 0.0 0.0 0.0 0.0 0.0 268.0 266.8409850585774 0.0 0.0 5.400962177586564E-4 0.3251379230907061 0.001218470704638312 0.47212182013875725 123.62471026843045 
259.0000903504588 0.0 0.0 0.0 0.0 0.0 0.0 268.0 265.1345827163013 0.0 0.0 4.995802693922412E-4 0.3007473221741263 0.0011343194806689224 0.06200330665185099 16.182439983925523 
260.00008105980055 0.0 0.0 0.0 0.0 0.0 0.0 267.0 264.14088403872057 0.0 0.0 2.4189236759405476E-4 0.14561920529162228 5.512937000327291E-4 0.0050381964586632905 1.3223182251732608 
261.0000436776194 0.0 0.0 0.0 0.0 0.0 0.0 268.0 264.92617864019707 0.0 0.0 7.404883806083993E-5 0.04457740051262523 1.6826347906209345E-4 0.0050381964586632905 1.3223182251732608 
262.0004868992634 0.0 0.0 0.0 0.0 0.0 0.0 267.0 264.5091522367726 0.0 0.0 1.0785322385731825E-6 6.492764076210494E-4 2.454646283996466E-6 0.001218470704638312 0.3251379230907061 
263.00014746831994 0.0 0.0 0.0 0.0 0.0 0.0 267.0 267.24086247823647 0.0 0.0 1.3419592243518642E-6 8.078594530598145E-4 3.0229637996532244E-6 0.0011343194806689224 0.3007473221741263 
264.00059064197904 0.0 0.0 0.0 0.0 0.0 0.0 267.0 263.7207088463669 0.0 0.0 3.9480206738624437E-7 2.376708445665194E-4 9.012217721020039E-7 0.0011343194806689224 0.3007473221741263 
265.0000512162414 0.0 0.0 0.0 0.0 0.0 0.0 266.0 264.45830715585566 0.0 0.0 3.356803692349806E-8 2.0207958227946123E-5 7.641264305619554E-8 1.6826347906209345E-4 0.04457740051262523 
266.00030476638096 0.0 0.0 0.0 0.0 0.0 0.0 266.0 259.4843134892882 0.0 0.0 1.6816557527263125E-9 1.0123567631412372E-6 3.9014179683082405E-9 1.6826347906209345E-4 0.04457740051262523 
267.0004981066573 0.0 0.0 0.0 0.0 0.0 0.0 266.0 261.61949095187657 0.0 0.0 1.2350821277444686E-10 7.435194409021738E-8 2.8419879505038106E-10 1.6826347906209345E-4 0.04457740051262523 
268.00100230482 0.0 0.0 0.0 0.0 0.0 0.0 266.0 259.5655047565405 0.0 0.0 6.011550278254951E-11 3.618953267509422E-8 1.39423505866229E-10 1.6826347906209345E-4 0.04457740051262523 
269.0000038874682 0.0 0.0 0.0 0.0 0.0 0.0 266.0 262.47198147725317 0.0 0.0 5.0612855279736095E-11 3.0468938878401204E-8 1.1608453865023974E-10 7.641264305619554E-8 2.0207958227946123E-5 
270.00007860742 0.0 0.0 0.0 0.0 0.0 0.0 266.0 264.89228251164656 0.0 0.0 4.290007980865017E-11 2.5825848044807272E-8 9.749566049993089E-11 7.641264305619554E-8 2.0207958227946123E-5 
271.0002180192975 0.0 0.0 0.0 0.0 0.0 0.0 266.0 262.8217911831519 0.0 0.0 2.255630318428318E-11 1.3578894516938563E-8 5.1665786371099936E-11 7.641264305619554E-8 2.0207958227946123E-5 
272.0001802200568 0.0 0.0 0.0 0.0 0.0 0.0 267.0 262.4091758891636 0.0 0.0 1.3917878207551652E-11 8.378562680946073E-9 3.192938148048989E-11 1.39423505866229E-10 3.618953267509422E-8 
273.00008829472375 0.0 0.0 0.0 0.0 0.0 0.0 267.0 258.113035653423 0.0 0.0 2.6656525251409316E-12 1.6047228201348302E-9 6.217132025402797E-12 1.39423505866229E-10 3.618953267509422E-8 
274.00053180135666 0.0 0.0 0.0 0.0 0.0 0.0 267.0 262.93117404020165 0.0 0.0 2.925638492249913E-14 1.761234372334468E-11 6.698461598415023E-14 9.749566049993089E-11 2.5825848044807272E-8 
275.00023940553433 0.0 0.0 0.0 0.0 0.0 0.0 268.0 263.8971946403885 0.0 0.0 3.006064593368886E-16 1.8096508852080512E-13 6.857408574100434E-16 5.1665786371099936E-11 1.3578894516938563E-8 
276.00007285805486 0.0 0.0 0.0 0.0 0.0 0.0 267.0 263.78291464504076 0.0 0.0 2.655375322196409E-17 1.5985359439622283E-14 6.060043525234744E-17 3.192938148048989E-11 8.378562680946073E-9 
277.00026596813535 0.0 0.0 0.0 0.0 0.0 0.0 267.0 264.79836512154753 0.0 0.0 2.3699261707101505E-18 1.4266955547674995E-15 5.387856356713603E-18 6.217132025402797E-12 1.6047228201348302E-9 
278.00004006915543 0.0 0.0 0.0 0.0 0.0 0.0 267.0 263.7532382361243 0.0 0.0 6.576290992033268E-20 3.958927177204048E-17 1.5009966147448135E-19 6.698461598415023E-14 1.761234372334468E-11 
279.0003095617507 0.0 0.0 0.0 0.0 0.0 0.0 267.0 258.11196581076837 0.0 0.0 1.2137336080500174E-21 7.306676320461043E-19 2.830816578963969E-21 6.857408574100434E-16 1.8096508852080512E-13 
280.00060872075363 0.0 0.0 0.0 0.0 0.0 0.0 267.0 263.6390591773713 0.0 0.0 1.3832811645021036E-22 8.327352610302603E-20 3.158618694925671E-22 6.857408574100434E-16 1.8096508852080512E-13 
281.00023136417695 0.0 0.0 0.0 0.0 0.0 0.0 266.0 259.9014585516223 0.0 0.0 1.4107106111694026E-22 8.492477879239695E-20 3.2675760753966287E-22 6.857408574100434E-16 1.8096508852080512E-13 
282.00006902183753 0.0 0.0 0.0 0.0 0.0 0.0 267.0 262.106524638803 0.0 0.0 1.4021968905734116E-22 8.441225281251988E-20 3.2205322980358666E-22 6.217132025402797E-12 1.6047228201348302E-9 
283.0000994133338 0.0 0.0 0.0 0.0 0.0 0.0 266.0 263.9785109797137 0.0 0.0 1.4067446954567181E-22 8.46860306664952E-20 3.2080653213853146E-22 6.217132025402797E-12 1.6047228201348302E-9 
284.0000569686919 0.0 0.0 0.0 0.0 0.0 0.0 266.0 263.6929112207597 0.0 0.0 1.2223225579672441E-22 7.358381798962795E-20 2.790511798325314E-22 6.217132025402797E-12 1.6047228201348302E-9 
285.0005754463184 0.0 0.0 0.0 0.0 0.0 0.0 266.0 257.8153449665951 0.0 0.0 1.096412702529947E-22 6.600404469230294E-20 2.5601286339591243E-22 6.217132025402797E-12 1.6047228201348302E-9 
286.0000908991736 0.0 0.0 0.0 0.0 0.0 0.0 266.0 259.7733570447929 0.0 0.0 2.166187835836175E-36 1.3040450771733678E-33 5.019933883937569E-36 6.217132025402797E-12 1.6047228201348302E-9 
287.0010584874481 0.0 0.0 0.0 0.0 0.0 0.0 266.0 256.8880176704377 0.0 0.0 8.265278445738359E-37 4.9756976243345055E-34 1.9369130835513866E-36 6.857408574100434E-16 1.8096508852080512E-13 
288.0002987481131 0.0 0.0 0.0 0.0 0.0 0.0 266.0 258.81772821219545 0.0 0.0 2.679332081598375E-37 1.6129579131222032E-34 6.232022528996918E-37 6.857408574100434E-16 1.8096508852080512E-13 
289.0003148208193 0.0 0.0 0.0 0.0 0.0 0.0 266.0 262.66539234829565 0.0 0.0 5.691373775638279E-38 3.4262070129342925E-35 1.304399861094424E-37 2.790511798325314E-22 7.358381798962795E-20 
290.00004773325145 0.0 0.0 0.0 0.0 0.0 0.0 266.0 262.60127945589943 0.0 0.0 8.197092609473961E-39 4.9346497509032605E-36 1.8791415491682602E-38 2.5601286339591243E-22 6.600404469230294E-20 
291.0000713021647 0.0 0.0 0.0 0.0 0.0 0.0 266.0 262.70589539085165 0.0 0.0 3.846166311434732E-39 2.3153921194837207E-36 8.813628320136857E-39 5.019933883937569E-36 1.3040450771733678E-33 
292.00006050692474 0.0 0.0 0.0 0.0 0.0 0.0 266.0 262.4639383914211 0.0 0.0 3.36219840511987E-39 2.024043439882176E-36 7.711701090393811E-39 1.9369130835513866E-36 4.9756976243345055E-34 
293.0008130570849 0.0 0.0 0.0 0.0 0.0 0.0 266.0 259.54091176354905 0.0 0.0 3.213777535273249E-39 1.934694076234507E-36 7.454293286898375E-39 1.304399861094424E-37 3.4262070129342925E-35 
294.0001617492557 0.0 0.0 0.0 0.0 0.0 0.0 266.0 264.1268054191168 0.0 0.0 1.3561986737448956E-39 8.164316015944357E-37 3.091059236865114E-39 1.304399861094424E-37 3.4262070129342925E-35 
295.00025616165607 0.0 0.0 0.0 0.0 0.0 0.0 266.0 262.24655594808945 0.0 0.0 1.3621770047732105E-39 8.200305568734717E-37 3.126944999940412E-39 1.8791415491682602E-38 4.9346497509032605E-36 
296.0004683582161 0.0 0.0 0.0 0.0 0.0 0.0 266.0 264.9309396820873 0.0 0.0 1.158169364340383E-39 6.972179573329066E-37 2.6316969930713135E-39 1.8791415491682602E-38 4.9346497509032605E-36 
297.00075362035847 0.0 0.0 0.0 0.0 0.0 0.0 266.0 264.7236983653791 0.0 0.0 6.336341903535409E-41 3.8144778259282987E-38 1.4409279748968484E-40 1.8791415491682602E-38 4.9346497509032605E-36 
298.0001081734529 0.0 0.0 0.0 0.0 0.0 0.0 266.0 263.7464950524165 0.0 0.0 1.800821482350332E-43 1.0840945323749164E-40 4.110365645463707E-43 1.8791415491682602E-38 4.9346497509032605E-36 
299.00044369406174 0.0 0.0 0.0 0.0 0.0 0.0 266.0 264.1675196525188 0.0 0.0 1.5226047222870339E-44 9.166080428167988E-42 3.469798421935022E-44 1.8791415491682602E-38 4.9346497509032605E-36 
300.00042072155424 0.0 0.0 0.0 0.0 0.0 0.0 265.0 262.98370964666725 0.0 0.0 1.1583918488670923E-44 6.973518930179867E-42 2.6516923575034985E-44 1.8791415491682602E-38 4.9346497509032605E-36 
#####################################################################
# End of data export. Simulation finished at: 2021-12-09T08:55+0000 #
#####################################################################
